11111111111111111111111001
10110011111101
11111111111111111111111010
00000111111101
11111111111111111111111011
01011011111110
11111111111111111111111100
10101111111110
11111111111111111111111101
00000011111111
11111111111111111111111110
01010111111111
11111111111111111111111111
10101100000000
00000000000000000000000000
00000000000000
00000000000000000000000001
00000000000000
00000000000000000000000010
00000000000001
00000000000000000000000011
00000000000001
00000000000000000000000100
00000000000010
00000000000000000000000101
00000000000010
00000000000000000000000110
00000000000011
00000000000000000000000111
00000000000100
00000000000000000000001000
00000000000100
