-433 -174 -568 511 -108 144 -118 -75 -515 722 -306 688 -200 -226 -643 17 
-16 7 33 87 -70 12 93 -66 -52 -54 111 -13 -17 63 -55 1 
-168 -5 10 -32 -89 -36 -129 -97 5 -43 -77 -54 53 -89 39 -92 
-76 -66 59 -166 38 -51 -33 143 -25 16 60 12 -5 58 -50 11 
52 -20 70 49 78 7 18 27 -50 26 95 64 -5 -2 -13 4 
51 -64 60 -128 -33 -18 -172 41 0 0 0 0 0 0 0 0 
1 -82 -96 -89 -65 -105 37 0 -38 -126 -105 -52 -67 70 -12 -54 
37 62 4 -44 -74 -78 35 85 -32 -78 -89 -39 -27 -47 12 -83 
70 -116 -61 -93 -125 182 42 23 -120 -5 -46 6 -68 58 59 99 
-6 -16 18 -59 -38 -43 57 -25 -79 -29 67 72 -41 9 8 -56 
47 -48 85 54 -26 41 -6 36 0 0 0 0 0 0 0 0 
-61 -137 55 -33 -59 -17 -49 -65 -73 -133 -174 97 -82 216 -46 -134 
-6 8 59 -5 -122 0 -25 -2 -22 8 -35 58 -57 -119 -29 79 
29 47 -136 115 56 -54 -135 -103 71 84 81 24 -27 217 71 70 
-99 37 38 202 115 -54 175 -104 -5 -223 -24 -105 5 -49 -35 -2 
-55 41 -23 38 28 -98 -17 -20 150 -151 48 -7 126 -29 -135 -17 
84 9 67 59 -150 88 38 -134 0 0 0 0 0 0 0 0 
68 17 -73 31 -25 -10 -73 -21 -92 -116 15 19 72 -1 6 47 
-4 74 125 -14 -10 1 54 -70 175 53 -63 62 17 -88 -30 54 
111 149 -54 103 43 -80 29 79 36 -55 -34 -9 70 -35 -15 -56 
54 -50 72 -32 38 28 85 28 8 39 -32 57 -36 78 71 46 
43 -27 -18 70 37 30 106 34 165 -127 122 79 15 -102 50 88 
-37 -104 25 16 -2 58 -73 3 0 0 0 0 0 0 0 0 
-3 31 -99 -61 124 -164 48 136 30 86 27 93 55 -177 -50 -59 
-224 -154 96 -1 -42 -26 -57 -102 127 -25 121 -59 151 1 -115 -209 
-72 199 -77 81 23 -56 17 -54 -124 108 -69 -29 43 -14 62 -24 
154 -138 70 -85 22 -107 109 150 -136 157 37 -107 44 54 -35 -125 
-57 -83 -39 -1 107 -54 -36 35 192 -65 98 -72 -15 -178 -118 -16 
-79 -188 101 -14 -35 67 162 130 138 44 -100 -103 90 269 -60 -158 
-114 49 -109 81 -111 114 -220 -80 50 62 17 -14 -290 -132 276 -101 
-203 -123 108 -38 86 -215 187 80 -252 5 -78 -51 230 268 158 132 
-214 -227 -158 210 -233 24 -25 17 -11 -87 250 105 147 63 -88 14 
-120 -287 -189 -347 91 249 121 9 -40 -217 211 161 -151 133 72 -53 
-70 294 -77 200 -127 75 -173 -233 41 -5 -66 75 -60 91 -302 -121 
205 15 -82 -61 -173 102 50 -213 42 -165 -39 -195 -155 93 35 191 
-187 173 95 -95 146 261 377 93 128 225 111 7 -148 207 -192 -79 
115 -58 -66 -120 53 -13 -88 -184 -160 76 -250 47 116 74 -19 139 
-50 -83 -201 69 11 -214 -319 -101 -121 276 143 -57 -122 -177 232 -10 
44 -117 88 -239 -242 90 -90 88 2 -3 -128 218 83 58 -174 41 
-52 273 -61 53 -52 -123 -130 387 86 -1 -163 -92 43 -62 -150 -4 
183 296 -104 -149 145 -219 -40 -112 -48 -61 123 260 -234 77 -103 -123 
-89 -11 -2 -82 33 -102 -31 105 14 4 1 74 25 -75 -70 -41 
61 57 -45 16 -124 -59 -13 -4 -50 67 -134 -48 -43 54 81 -86 
-19 95 -87 132 75 43 83 -3 -11 -50 18 -91 98 33 -39 44 
46 34 43 25 49 126 84 56 88 -18 7 109 52 48 10 -55 
41 51 38 -107 12 -118 -114 50 14 -40 6 92 48 115 -23 32 
112 -9 -102 52 -62 28 -158 -49 -43 20 -120 49 70 102 72 125 
42 75 28 97 63 -31 61 78 103 11 63 84 53 107 53 -22 
-110 48 -45 -110 -54 -16 103 42 42 92 27 102 3 12 44 -9 
43 13 104 85 -18 65 25 91 147 -102 107 36 156 -45 53 69 
-24 115 47 -8 25 -200 118 -32 135 -73 -99 107 25 81 -8 -1 
95 -41 70 186 46 -44 -140 8 -47 -41 22 109 67 -46 -142 -143 
132 -9 -99 -16 3 13 -13 0 44 -112 95 -91 -34 45 9 118 
31 64 -53 -81 88 34 -92 6 -21 -80 -2 45 -1 44 -107 -81 
48 -18 7 -43 -40 129 114 119 -41 55 -136 -11 -116 99 101 79 
-97 -26 -48 -65 -32 60 -77 -4 -55 -21 13 -98 -22 -82 -61 -6 
-22 -71 15 6 17 -45 25 66 -50 60 73 51 10 -18 107 116 
13 -30 21 39 4 30 47 38 -21 87 -8 -32 -8 -82 -71 37 
-5 9 -50 -15 40 -86 -60 -97 -93 -30 93 -17 29 128 29 -15 
31 9 -61 -49 -22 -10 7 -32 -76 103 -142 59 -75 -6 -7 26 
-100 -34 -25 -116 -108 102 -6 31 10 125 125 20 65 -104 43 3 
6 103 -80 -18 65 -114 -109 18 -8 88 -27 94 174 147 30 -53 
-140 3 53 56 124 -114 -94 -14 -54 -36 130 105 -64 -56 -19 -44 
-115 34 -76 -80 -31 81 -101 162 77 28 -2 145 -8 -46 134 26 
-13 -111 -75 45 -136 59 110 -29 -78 5 99 -68 163 22 59 -25 
-70 14 -4 33 31 -74 64 127 110 53 -110 -24 51 23 -128 11 
32 -23 -2 4 153 55 -82 -120 -14 11 -50 -30 79 -104 -14 60 
-100 -35 7 105 -73 148 -37 56 -41 -2 -9 -2 -31 138 122 51 
45 -40 37 -27 90 -7 102 62 85 -45 -80 -58 -123 2 -121 -61 
-102 -22 -46 -33 -93 -81 27 -3 101 2 -43 -9 118 116 -17 134 
82 -33 -32 -73 -11 -28 38 -33 -43 -9 30 64 91 5 102 -31 
-25 -188 -126 122 -7 -95 28 -99 -109 -28 -61 0 70 -154 -115 -66 
79 -16 166 -129 -40 8 9 68 97 -19 -63 -77 76 -97 26 110 
-28 109 62 -47 126 -64 49 -87 41 -122 92 -28 -49 50 -158 -4 
-142 -88 0 -140 71 -67 -117 -85 4 -261 85 -79 -71 0 37 -48 
100 -112 -122 -98 91 -118 -95 -29 -89 -84 -194 150 -60 173 -57 -53 
27 -111 -185 78 46 68 -64 -213 51 -19 -157 -27 143 23 97 -99 
-55 -129 -17 -90 124 -121 -25 -19 132 0 -190 179 95 -104 -43 -236 
194 47 131 35 -76 -60 -124 95 65 -22 4 -135 -34 -49 78 178 
-199 -81 58 -7 186 -111 -189 -75 23 24 -71 37 177 -24 113 26 
52 -188 -22 65 5 110 -32 81 -45 -31 -46 -69 215 22 -124 120 
-34 124 -151 -31 5 -8 54 13 -128 -71 43 -22 -150 -142 90 144 
-70 -4 87 63 28 -68 -47 216 14 -140 26 -141 170 -111 198 -17 
28 -73 -9 -151 -33 -3 55 -58 -77 -33 -53 40 53 -54 148 -25 
112 101 16 -126 68 -1 -282 68 -38 111 92 -72 -3 -156 40 -40 
-113 -53 -28 -155 86 -26 120 124 -78 -56 -39 -129 -140 -74 -10 102 
107 -23 118 10 -32 83 228 59 -130 -99 -78 83 22 -66 73 -182 
168 77 -113 95 117 82 -55 -73 148 -38 -218 152 -8 9 -38 -148 
-20 125 -135 -78 -48 41 -19 -67 16 -36 9 33 -73 -7 -155 -69 
107 124 62 -8 125 -5 185 -170 -38 -302 -27 -102 76 -62 101 -32 
69 -47 76 33 -154 48 -17 76 270 9 -16 88 -64 81 -64 -7 
-74 223 89 -48 -92 -4 162 48 -136 63 -4 72 85 152 126 -57 
57 114 -77 -1 -87 -115 157 54 -102 15 -87 50 -255 20 -224 59 
-144 -140 -134 81 -30 -123 88 24 -36 -147 -171 -38 -84 -229 16 -36 
-50 -83 -68 46 -135 -114 -91 -7 96 -41 -26 -16 207 -48 18 -151 
-126 127 -60 81 27 196 45 -5 -121 129 13 -46 -63 20 -146 90 
61 121 -81 69 -114 80 -33 -112 -65 78 -84 -174 -29 -17 -73 24 
26 32 31 -82 30 -13 141 154 -22 -58 -81 -38 30 106 -60 -51 
12 115 9 106 101 11 -30 -157 180 84 -76 63 9 78 -128 6 
-44 3 -137 56 -133 77 124 41 82 26 140 155 -15 166 66 -13 
77 -94 -13 -119 -49 120 -13 45 53 -77 101 64 -134 5 54 27 
-105 -39 -80 120 117 1 -41 -138 76 55 -51 -16 43 -25 92 19 
-161 -132 -6 -12 -41 -38 49 5 -119 -203 46 -28 -101 59 13 -14 
16 170 78 -69 28 -72 -157 -61 13 -97 -36 -21 -72 -207 2 111 
146 18 -37 -47 33 -188 -279 -83 -112 79 129 -60 -2 -58 -24 13 
80 -28 -45 -81 -22 -79 -130 19 -33 26 87 -159 96 3 6 -75 
-25 -82 -137 -38 42 -37 -47 40 -15 196 91 -140 -34 -3 67 -4 
-132 -17 63 -155 124 -79 -46 -28 -135 -164 28 13 -52 -80 -4 -200 
59 -149 52 8 -10 -53 34 -89 17 56 97 -39 153 -83 63 49 
-167 56 -30 -156 -69 -26 137 -218 -84 -124 -96 -90 -140 -43 -2 4 
-109 93 140 74 -48 54 -85 -18 -70 48 -26 -19 35 -118 57 -47 
-43 3 62 -64 137 74 -47 66 -27 -176 51 -166 67 -122 98 -71 
-141 104 9 68 196 -22 -13 77 -50 38 -134 -83 27 20 88 -60 
-76 29 83 -109 28 21 -68 -82 -35 6 -108 -59 6 130 68 146 
-120 -97 -110 -5 -74 -75 -45 -12 -26 68 29 -57 24 -144 63 10 
-113 -31 -72 -102 -23 2 85 -93 85 3 -51 -17 -24 41 -54 -31 
-48 -63 76 -46 -56 -13 97 58 -10 70 180 118 67 -78 -258 12 
108 96 29 -33 41 -45 -34 52 74 53 -76 -45 -63 -35 31 -94 
-92 -34 170 55 83 -131 66 195 146 37 42 -101 -10 131 -3 40 
43 -81 170 204 -118 -94 -1 206 183 -103 -38 45 -64 77 -83 -182 
-215 -23 95 -118 -10 -30 -12 -26 87 53 65 150 -13 -78 45 -15 
107 -81 -11 2 -20 56 87 20 84 -6 -17 -114 65 -121 21 -46 
-24 -36 62 125 23 168 -86 8 -109 -89 -57 -108 -45 61 1 58 
145 -188 41 315 21 -70 -60 -36 -86 -36 -30 34 162 -85 71 130 
128 -74 -40 -2 -48 33 -24 -244 72 -18 122 50 -35 73 5 29 
-105 74 62 48 63 96 75 108 -7 -63 -159 190 -296 16 -6 -55 
32 -10 59 36 38 -42 -50 14 10 31 171 -68 -73 -5 -63 -67 
136 -43 -195 -13 -88 76 13 5 46 144 173 -25 29 -64 4 -12 
-86 -9 -116 -35 57 -13 -131 0 -70 -52 -125 -62 -124 131 174 -164 
-110 -82 -38 88 90 26 -47 -74 101 56 -24 30 -32 138 14 45 
-168 -54 -60 38 61 60 -114 40 -74 70 -40 -101 -112 -81 37 -68 
-26 140 -43 -200 -27 -106 195 230 138 95 -6 207 99 68 -151 76 
129 52 164 34 178 125 45 71 -299 -45 -376 115 197 24 131 -174 
-137 -50 225 -126 -120 -106 -54 -332 -185 -86 193 315 -53 99 27 -175 
-314 -66 232 99 266 41 -18 -55 -192 -34 19 -38 251 -19 -83 -65 
27 -185 103 -201 -209 144 -160 -23 54 199 7 293 -223 8 -136 -172 
-10 123 -173 -79 93 -132 -154 150 -83 90 -209 -24 -31 -103 -50 82 
92 55 35 -146 -122 138 -43 26 -151 174 121 -330 -105 -51 66 132 
164 197 115 205 163 -35 -65 -277 0 0 0 0 0 0 0 0 
96 120 -236 173 -30 -366 -306 220 67 -164 27 -7 126 -26 213 -112 
260 -51 5 172 272 2 188 28 185 -23 134 -204 -6 136 111 -45 
-243 -169 228 -75 73 -30 -146 -1 102 203 297 -174 -180 -213 -107 144 
200 -81 7 -259 -158 -39 -59 -1 -43 229 -14 -113 -63 -135 -153 138 
-151 209 23 -132 -88 -122 -161 139 195 81 -119 -252 -4 23 -108 84 
-159 -272 -71 30 76 -176 73 69 -279 73 -213 -99 -136 5 67 147 
-338 194 -14 -160 14 -78 -45 -130 -102 52 76 -164 241 76 -293 -18 
-129 -29 201 -148 -50 156 266 12 0 0 0 0 0 0 0 0 
-50 63 -26 144 109 16 292 93 94 108 173 -180 -15 106 -48 173 
13 -183 -393 180 -248 256 -210 48 103 -8 -94 -71 -453 -152 48 194 
-298 -74 37 209 249 -126 -86 11 -34 -186 -268 -99 -214 18 -206 -96 
66 80 -26 -228 188 -173 -164 -262 133 -49 -266 -143 -323 -10 -263 162 
-286 153 11 -168 -369 154 -52 17 -51 29 -193 -248 321 -59 216 7 
-227 -224 247 -99 50 -241 -155 32 90 -142 143 -19 -28 151 305 -225 
-194 18 -223 -31 -71 -216 127 211 140 61 105 290 113 244 273 -28 
-300 -51 -26 363 -88 -121 -125 34 0 0 0 0 0 0 0 0 
77 125 18 -147 93 -76 -51 12 -12 124 -12 -132 -74 62 152 100 
116 113 50 78 -63 -162 -60 78 53 113 150 -37 -104 7 155 -20 
36 18 -84 39 62 32 -75 -109 96 -16 -40 -94 114 -1 54 30 
-51 117 128 70 57 14 -85 23 192 126 -45 235 61 -124 125 78 
-69 33 65 69 40 77 122 25 83 -273 -68 -15 7 -164 -52 180 
-57 78 -119 30 158 13 4 46 -38 14 -20 100 -59 63 151 66 
2 -92 42 -34 12 99 21 -7 165 -6 171 156 16 -5 48 109 
-62 -177 78 16 -63 -27 134 -113 34 -68 159 160 -42 102 149 -101 
66 191 116 61 -168 -56 58 -9 -116 86 -117 147 176 177 55 -74 
82 -32 -22 -53 144 80 122 61 -98 5 66 36 -62 61 73 107 
84 -23 -125 33 145 -139 121 -136 11 -139 -2 24 -71 -203 137 120 
227 114 -80 149 30 142 69 -183 244 -99 109 -86 -3 35 185 15 
169 71 80 45 -56 -28 -69 70 -170 84 -70 -56 44 -97 31 56 
10 113 -20 23 91 20 -26 -136 252 -69 -22 25 -77 86 63 -77 
134 8 -44 83 -39 -89 107 -2 137 77 9 5 58 112 158 221 
-4 2 -7 13 144 130 176 33 -74 26 145 -36 3 26 -89 -77 
73 -4 119 80 43 2 65 47 10 109 43 21 -4 -29 -8 80 
144 81 224 94 175 35 -107 43 -88 -48 26 -29 -94 -55 73 71 
90 -174 171 101 12 -75 153 -4 -107 44 -144 119 4 112 -154 -87 
-177 -117 -53 77 18 91 92 67 5 -46 -97 -51 87 73 -32 36 
-140 -44 -49 92 -51 -127 -87 70 26 -54 4 58 -23 0 -126 -109 
2 -27 -79 61 42 -9 -91 -233 47 16 -72 -50 -86 -156 -103 -159 
-133 -154 -169 -65 -199 -42 85 65 -31 132 -79 93 61 107 -56 10 
42 -82 -122 116 -1 -70 115 -118 0 -98 -74 -128 -4 -187 -181 30 
41 74 -57 -213 -39 -196 122 -74 -142 9 -24 -33 -26 60 52 -111 
-12 -38 176 -70 28 -46 -213 58 4 -219 -92 -196 12 -52 -122 192 
-57 -129 -154 -8 -29 -40 -97 111 -53 13 95 30 -4 -182 -120 -78 
-170 -73 -3 121 -12 28 19 -20 -81 83 -119 -7 66 75 -146 15 
-29 -46 -68 104 -22 23 103 73 -50 -87 58 -135 -109 -81 8 57 
103 46 12 -1 -83 -2 -76 -3 -50 147 27 63 -42 71 -113 -19 
-120 -3 -59 -47 -13 -20 -83 -37 -10 23 -56 -41 22 -3 -22 28 
9 53 8 -106 -59 -85 -5 67 -26 6 5 -3 -54 12 38 7 
63 -11 -140 49 -3 31 37 99 -41 -1 -103 40 76 37 -4 19 
-43 27 133 126 -57 62 -41 43 -48 -6 12 106 127 -65 93 4 
-62 13 -66 87 -64 -53 -68 -31 -79 54 121 12 -17 -38 -18 67 
49 86 62 -30 10 46 -21 5 43 -55 -96 -70 5 19 0 36 
91 -12 27 76 62 -100 -28 23 37 20 52 -68 27 9 -6 -81 
-46 -10 -45 -87 -36 34 -51 -103 4 17 -31 -106 -36 40 93 6 
36 153 2 -28 -93 102 -78 57 -42 -29 -44 -41 68 39 -48 27 
40 -45 49 27 -16 42 66 123 29 53 10 71 62 56 88 -28 
-49 -85 -14 -33 -40 19 -19 -1 38 -14 -1 17 108 83 -51 48 
-25 55 46 50 -34 73 194 -53 -59 48 -56 -26 -32 -15 -24 -137 
-22 -180 13 2 -181 26 45 41 -41 -52 -79 77 27 47 -66 -69 
46 36 105 -64 16 81 -139 -71 64 -11 -94 -18 56 46 -36 -55 
-110 -69 4 -18 -40 -22 -56 102 -44 -63 -23 113 -84 95 66 -62 
64 149 -63 -113 92 30 111 35 105 -19 84 93 117 -2 -58 67 
-2 63 -5 48 -35 -1 -72 -159 151 151 -95 -55 -72 115 -49 7 
-80 143 38 -15 98 -23 -140 154 49 9 -22 -44 -32 -106 -96 -168 
-34 64 -118 -107 54 -107 -68 75 -135 80 -1 -15 -6 -80 96 36 
54 -151 207 -41 35 96 68 -99 135 -24 31 -92 92 -164 -69 -82 
88 -51 28 -41 -43 -28 41 -138 5 33 141 -37 -72 95 17 29 
76 46 -139 -37 159 -28 -30 -165 -44 -67 85 61 10 -32 12 -137 
16 -55 4 -103 45 -74 2 -21 -22 88 71 36 -82 76 -41 28 
-3 142 -61 109 76 29 -49 -91 -145 -53 -74 162 27 104 -2 -3 
-22 47 -34 -62 244 138 5 32 -104 1 -45 63 -5 229 -49 -178 
-28 46 -147 6 -20 -83 30 -93 -36 -1 56 -34 123 36 -76 4 
90 -9 -12 -115 134 -114 -125 37 99 85 6 -49 -49 41 -235 -26 
43 32 -83 206 -16 15 -13 55 106 -105 127 -94 57 -135 -108 -38 
-18 -24 14 113 2 154 86 -75 -90 -156 -105 89 -6 -166 21 -79 
23 3 -146 -107 -88 -45 41 -9 11 -83 172 128 -98 33 -24 33 
35 44 22 75 22 -59 193 67 -107 61 143 -60 -87 -101 -53 75 
154 74 23 3 114 11 8 -161 -120 -68 32 -140 -119 -14 -34 13 
111 60 -31 85 100 30 147 -70 -7 -62 -4 79 27 -1 169 62 
-164 3 66 27 193 -80 36 97 134 -21 141 -90 -122 -62 108 53 
159 94 -110 170 77 -5 47 23 -67 -68 -164 81 -45 -89 7 43 
-51 87 -102 -2 -86 41 36 32 -56 134 80 216 104 -98 -140 18 
-9 -52 -30 -98 32 -96 -71 -56 -50 -38 158 304 246 61 53 45 
19 26 -88 74 -103 -50 119 143 -209 33 -66 117 64 35 -73 57 
135 160 147 -57 25 -85 -22 48 -30 107 -76 216 162 -40 39 -79 
207 38 -18 155 11 -63 36 -122 146 206 77 -106 -7 32 -78 6 
-68 -50 -47 65 -41 -126 59 -56 -16 -149 207 -73 59 -145 -158 45 
-76 4 77 95 213 -46 -4 -28 139 112 -50 17 -96 40 -20 -174 
-108 -142 -11 -91 18 -69 -89 21 -161 93 -25 168 -91 -30 66 -15 
-23 103 -38 118 122 142 158 -160 93 16 113 -2 -94 61 15 -147 
30 -35 -27 -200 -150 -164 -21 136 57 -3 73 -52 -64 57 -136 -55 
-39 33 53 -33 50 -8 -12 -201 121 35 114 116 0 131 11 17 
-34 -47 187 28 -157 14 -133 41 72 69 48 14 -8 -11 -13 -132 
46 55 -43 -108 -20 -42 51 6 -80 -85 -163 -159 -78 78 -74 123 
31 -31 5 54 100 -81 -20 82 53 -53 71 -108 143 -114 128 -73 
138 149 87 85 -101 -20 103 35 -128 78 22 -10 11 16 79 100 
47 160 50 36 -82 -8 -122 155 128 78 85 2 60 55 131 -194 
119 138 -30 -70 13 -5 -40 -62 -165 67 -89 -136 45 -28 -75 10 
20 -7 -93 -141 -93 -8 83 -59 28 111 39 -10 80 32 12 61 
120 -146 17 66 -153 -142 -56 82 65 21 99 -91 21 -152 -82 86 
-112 -27 -36 66 -32 120 -141 -82 34 96 19 -66 80 -76 42 -16 
3 61 19 11 23 -129 -32 -47 82 91 -92 -54 -67 -33 62 46 
-55 46 -145 -78 -20 60 -52 141 110 81 10 -25 52 -81 -35 36 
-37 3 56 87 17 -38 81 -81 -7 62 -122 13 158 66 -47 -50 
-31 70 -71 -75 -93 -55 -53 7 -7 13 -133 -12 68 -137 -8 57 
78 137 -103 116 1 -90 -91 -35 -61 -15 -71 168 73 -109 -104 -14 
73 40 70 14 -96 -1 -160 -29 -24 -8 45 -48 1 -66 -57 82 
68 -24 10 73 -82 115 -102 36 -42 24 -8 16 79 163 2 122 
145 68 149 -79 -25 -116 -106 55 -13 25 -100 -156 -43 14 -79 -109 
-62 65 -30 169 26 -40 -169 -87 -97 3 -17 -9 0 -19 106 -34 
-21 80 -47 -2 28 -24 -82 -21 58 -114 47 -4 85 66 39 37 
44 30 -18 -7 79 68 -30 -21 -109 -48 -6 25 56 -40 76 12 
76 -26 44 -15 -50 47 -45 -73 82 5 51 -6 8 9 -59 -45 
51 8 -63 -104 -77 -14 -55 -1 29 -68 9 -13 -100 -71 -91 -58 
81 72 -5 -144 -15 -10 41 47 -201 -34 -16 -33 52 -21 -31 43 
-141 2 -107 117 54 148 2 87 44 75 22 -63 -25 -1 3 58 
-21 -52 109 114 -152 -59 -50 -55 -56 10 -6 7 -112 34 -22 -88 
-55 155 -60 -84 78 -122 -14 92 13 99 73 65 -145 -62 -147 -55 
-65 53 -86 36 38 37 -64 -55 -171 -59 -49 46 -83 76 -27 -6 
-83 35 77 -15 -30 -34 -160 128 -74 -113 18 -82 -96 -23 70 -73 
61 28 60 -2 143 -99 -20 52 -10 -100 -22 -73 114 -25 -12 41 
0 22 2 -101 -30 50 -26 -81 -101 15 43 103 148 35 -38 34 
-81 4 -19 22 -17 -47 21 25 -146 68 111 24 -37 -56 42 -48 
8 94 59 18 103 -73 -21 -66 84 -25 -190 33 85 29 29 -116 
61 -19 -47 -80 69 77 73 -52 -143 7 -18 8 30 -5 -19 44 
-99 58 34 -133 27 20 -158 -56 73 -1 171 -80 80 -42 46 51 
54 51 -64 -33 46 9 15 -40 133 -91 48 -65 -96 15 -129 -3 
-53 -57 118 -155 -185 9 48 -76 -2 88 -8 59 76 -75 -28 -125 
-51 -68 -70 59 60 236 22 61 -48 -2 -48 -99 34 -7 122 99 
-12 -109 -87 -151 -86 44 194 50 -102 -62 -62 63 44 -80 -152 28 
52 16 -132 37 -75 65 112 -74 -75 -47 82 -124 -121 -44 39 -5 
14 171 58 122 6 58 -28 -122 -21 6 -104 -199 -12 34 -49 -18 
-100 -69 187 -49 -4 87 130 17 115 -42 36 19 -75 15 242 -139 
10 59 -18 155 -60 7 57 91 15 -15 72 23 -75 99 75 -1 
82 4 -48 5 -88 -35 -8 72 -50 16 39 2 -105 119 41 138 
67 -12 -16 72 -95 -142 36 27 -41 -1 -50 90 -15 -86 -110 53 
7 24 -58 -3 44 -55 -59 77 -68 30 -75 -141 -120 -60 18 -64 
-39 65 21 48 -98 -69 -5 -64 -29 -16 -48 -51 50 -94 58 18 
-43 39 -36 -59 -15 -23 87 37 88 -42 1 102 151 106 -22 89 
58 -129 80 4 -92 82 -60 -214 80 -24 -54 -127 101 -82 82 211 
-49 28 24 144 -54 -3 72 8 -23 67 -19 20 -8 -50 74 -44 
53 24 -37 0 5 27 -70 -51 36 -15 129 4 -98 -80 -31 -21 
74 -50 -77 -72 -37 5 -13 -52 -58 -90 109 -95 49 14 0 -69 
71 42 93 39 -23 89 96 -90 26 -35 114 53 -41 111 -26 97 
12 115 -6 -108 -30 -70 -44 120 91 -6 72 12 -175 -34 -17 -9 
-7 -16 39 118 83 19 -10 77 -57 -9 -66 -94 73 75 143 -14 
58 -23 -39 32 -137 -135 16 -42 -68 43 62 -9 36 113 -21 62 
137 24 -19 -2 -4 -50 -74 20 127 -9 -18 84 -10 164 -23 40 
-29 21 51 17 -35 -107 -62 11 68 -2 -65 48 -79 -84 -69 -122 
59 17 -66 48 -73 -22 -4 -57 -43 -109 -72 -35 -85 41 -64 -105 
18 -15 113 118 8 90 70 18 -56 46 -102 30 13 -10 63 94 
6 -33 55 97 -76 -77 52 77 -56 2 48 -25 -1 37 11 -67 
43 22 -37 25 15 9 8 11 -2 -69 60 12 -24 -69 -4 -38 
60 -58 48 -65 -23 61 22 18 -28 -4 24 -10 25 -11 -32 -18 
-82 -34 -4 -62 48 18 -4 1 -26 3 -14 -11 4 -29 5 -12 
20 6 -30 9 11 9 57 -50 -47 -7 10 14 -14 21 25 20 
-20 2 28 29 -46 9 17 9 -39 -11 -36 -74 -9 50 50 39 
-5 -6 -1 -7 -36 8 61 33 22 13 57 -34 56 -37 -37 27 
-1 -15 -37 -39 -37 -43 -10 7 51 -28 -38 -72 -1 12 20 -40 
11 0 97 -44 -69 -39 -9 -3 3 -10 -35 5 27 95 -12 -26 
-24 -21 -94 -1 -1 13 12 -57 -43 -39 19 0 -11 20 -38 -32 
-14 11 22 44 -40 3 84 10 3 -61 -24 0 -21 -18 7 23 
48 -42 -55 -32 -29 13 21 -41 28 3 22 -43 13 -31 59 11 
-20 13 26 -15 21 18 19 -62 -12 -33 10 -74 48 70 25 -45 
-14 -57 -8 38 31 -10 28 21 -20 -119 23 -30 19 -12 -19 8 
6 -28 -23 39 -3 49 37 -11 70 0 -45 1 18 37 2 20 
49 10 17 49 -67 2 1 -24 -106 1 -22 33 -23 -17 32 -49 
-28 15 -44 -30 -102 10 -54 -37 27 -3 27 9 -24 -24 45 -49 
44 111 3 -9 -20 29 33 -1 58 -1 -37 5 29 26 -55 -6 
-23 -30 -55 33 -60 -35 21 -38 -25 31 16 51 78 -32 11 -45 
5 5 45 -37 50 10 15 44 -15 0 52 -15 30 -1 -5 -67 
80 -6 27 26 26 -44 2 52 -35 -20 4 -43 12 38 -3 -39 
0 -15 40 61 -47 73 67 -12 59 32 8 39 -17 -58 -11 -35 
-36 -2 -4 -18 15 -37 33 29 9 -88 -21 19 34 22 -44 32 
-9 -50 13 -21 -38 4 -33 -39 -8 -33 -1 -16 -1 -18 45 72 
7 17 25 -1 -51 -9 -77 3 -13 53 -23 8 -25 22 -14 10 
-15 -36 3 -18 -45 -43 -26 34 25 48 -38 -24 -13 -5 39 -28 
75 40 6 -16 -8 53 28 -15 63 44 46 -2 -22 17 33 65 
-36 -41 16 32 32 -10 -32 -26 2 1 9 -39 17 3 11 26 
-46 -49 26 1 -54 16 -9 -25 16 16 -35 17 -11 37 1 -3 
-62 3 24 2 69 58 18 -1 55 3 49 -39 33 15 1 -41 
-49 -4 9 -64 -17 -12 -11 -20 17 -47 34 27 -57 -13 59 -8 
-19 19 37 61 -40 48 12 -32 -19 -1 -31 4 12 39 -6 -11 
-10 -23 -12 -29 -42 -20 -20 -20 29 -36 6 23 -15 21 -28 41 
25 -1 29 -55 9 -31 41 4 51 -17 -16 48 27 -8 13 31 
19 -41 -72 30 -25 -24 -61 -33 -70 73 100 -29 66 -11 -29 1 
-32 -21 -39 -32 -9 41 17 15 57 -6 -29 75 -54 -32 8 -26 
-3 -40 -23 -31 -10 41 27 3 3 -36 -40 39 6 -60 -1 12 
-3 -24 -29 -13 -23 30 -9 -4 -6 40 1 67 8 17 -104 -51 
-5 -16 -56 -6 18 -58 -72 -69 44 24 -18 -45 1 -38 -2 -17 
-2 11 -22 -83 -74 -20 -5 -29 21 -61 -29 48 27 -28 -29 -64 
25 16 -24 23 43 -15 -26 58 -24 5 -56 -47 44 7 -51 -30 
-18 -15 27 32 48 -52 -11 -14 11 -88 -20 -13 33 20 -27 -66 
-4 48 -8 -18 -25 86 -68 23 47 32 -32 -43 40 -8 20 23 
-17 15 3 -53 29 0 -19 -40 7 -13 -40 48 34 41 18 -36 
38 -44 -52 60 54 43 1 42 -7 0 59 -45 11 -28 107 29 
-11 -26 15 0 -23 2 -79 -29 68 -6 -4 -37 -13 -27 15 -4 
-8 -41 -36 -28 -1 3 -79 4 -19 20 -7 -71 20 -22 -22 4 
-17 50 21 -11 36 -21 -29 -3 -33 -4 19 26 -77 10 -16 4 
-16 31 -17 -38 -44 15 -22 -14 -66 27 46 54 -38 -38 -31 39 
-52 10 3 3 14 -68 -74 11 0 98 -15 32 -20 20 -48 -7 
-12 -11 -9 -27 -46 13 -65 26 -32 57 -29 6 36 8 23 -84 
12 28 3 -9 -19 34 -6 -9 104 -25 48 -76 3 44 -27 41 
81 -19 -59 32 -35 -49 22 -88 -21 9 -4 -12 -16 52 -28 -6 
-53 -114 34 17 -39 34 -16 -8 -67 26 46 -67 -19 76 68 -12 
-44 14 -38 2 27 36 -10 -47 24 -25 22 0 -78 37 1 25 
-53 18 -22 1 25 59 22 -58 79 8 -32 4 67 59 -17 22 
-87 -28 -47 19 -59 -32 -24 -3 13 -32 5 4 -1 -68 33 -51 
73 -58 -94 4 -11 -4 -83 -31 -31 -13 -56 4 18 14 34 -27 
-33 20 5 42 13 -6 45 45 33 29 -26 -3 -44 -27 -35 19 
102 80 77 30 -19 -45 -31 67 -9 -72 -49 -54 27 -66 -75 -33 
7 -8 21 -31 -65 -4 27 -57 100 27 41 21 -22 11 -35 49 
-4 2 5 24 -14 -16 -17 -29 -111 -32 15 7 -14 -32 -3 12 
-65 -12 -7 31 -13 -77 48 -3 -46 23 27 -6 -1 2 -8 -36 
5 102 -7 -64 -14 -22 28 24 -49 2 28 -40 37 -49 -6 -30 
34 19 -42 4 -19 27 -5 -55 9 30 -40 -19 38 -45 41 3 
36 33 65 -54 60 -95 -15 31 -50 14 -51 -2 -37 34 -11 -50 
42 56 -113 67 -8 -24 12 8 -26 -31 13 -21 39 -45 -41 67 
26 -9 -6 21 -18 -25 -33 -42 17 -37 79 51 -25 16 -19 94 
-13 59 -3 61 17 4 -29 -38 -17 36 -22 -60 -20 -12 45 18 
-22 -44 -43 -3 -17 33 50 -4 -24 -2 50 -77 21 36 -26 0 
-74 -16 31 5 43 -20 21 -71 28 46 -64 35 -48 10 26 15 
29 -10 10 -12 -33 -48 -2 -66 -95 -37 -76 -72 -8 19 7 -19 
-47 -65 -19 -46 17 -31 16 2 -3 10 34 -32 -3 10 -57 32 
-17 63 -12 -58 -53 44 -21 -56 -13 -31 8 -3 -34 -58 20 -11 
-18 -1 8 1 -47 64 -2 -24 23 -62 30 -37 24 -23 -5 -9 
-32 -11 20 6 34 -8 -26 -15 -19 36 10 16 -1 -86 -34 -59 
-57 11 -54 60 -98 -46 50 -42 19 -22 -69 -53 -77 -28 90 -50 
-27 8 0 1 47 -13 -26 16 -20 14 31 -5 -18 25 52 3 
-9 -1 -8 -36 15 36 52 -37 -42 -3 -57 -15 59 -11 32 9 
-19 66 -33 26 27 -15 18 10 -8 0 -33 -35 50 -80 29 -7 
-49 -24 -50 2 61 -42 14 21 27 -18 -18 169 15 42 -29 -22 
13 57 -4 -50 -35 -108 54 41 88 -48 31 -17 -14 13 36 11 
-27 -23 -10 0 3 -75 -13 15 1 36 -24 -63 19 81 -12 49 
-35 -13 -69 -29 21 5 31 7 55 9 -8 25 -25 6 -9 -72 
-21 -25 -19 18 -22 -56 0 3 36 57 -61 -17 -22 46 26 -40 
-19 -44 -21 -59 2 -6 85 -27 -12 18 -23 -48 18 14 12 -8 
-18 -21 36 40 8 57 -11 2 -16 10 15 8 -47 30 -64 30 
100 56 14 -67 1 7 -2 -72 -26 -5 -40 20 17 64 20 -51 
-3 -52 12 31 -11 -27 8 9 9 -24 -13 6 3 30 44 -58 
-8 -18 8 -43 17 -39 -61 19 -49 12 -23 -13 -4 -51 -5 -26 
-63 -13 12 -30 21 -26 43 10 -49 4 -64 -35 15 16 20 -23 
53 18 -50 6 -47 -10 -51 54 74 -5 -1 3 -51 17 -33 21 
-71 -42 9 -21 -25 17 -13 34 -11 -21 -19 21 53 72 52 38 
2 5 -20 10 -59 85 11 15 -36 -11 -38 -20 0 -51 59 -73 
27 -27 22 40 -50 -15 -91 -46 -8 0 -24 13 25 31 -31 -11 
17 -18 60 23 -42 -42 -63 -42 65 -30 28 -6 -30 48 -67 13 
0 -4 2 4 -3 0 42 -4 -66 14 -44 -18 -36 35 -59 20 
-83 -106 62 -33 9 31 45 -37 -50 16 -14 30 43 -37 4 3 
14 -28 -7 7 36 -40 27 -57 12 -39 -1 -5 33 49 10 -28 
-4 -85 10 -22 23 -53 9 -43 51 -39 -11 13 92 -29 -7 -18 
-48 -64 -26 -10 17 13 45 42 36 8 -3 -36 0 -12 -5 -47 
32 2 -55 -3 40 -5 -2 -44 -11 -6 72 46 -13 -10 -34 65 
12 -2 46 -13 124 -31 -44 45 2 -36 9 -73 -33 -18 1 -12 
35 25 11 -114 6 -35 26 16 -14 -21 -55 20 39 19 -11 -31 
-12 -37 -58 -37 31 -33 -27 -46 -114 35 -46 -7 -16 -43 -59 17 
-93 16 -44 25 32 -21 -7 -43 61 -51 4 -12 -25 -30 -41 -19 
14 1 -34 45 17 -27 -14 -11 -60 -23 20 -63 -7 -11 -6 -54 
11 -24 -26 21 14 -33 76 -28 -7 7 -39 -28 -43 53 9 46 
17 -27 -2 -15 3 -12 -3 25 -21 -11 9 19 -24 -3 15 16 
-2 -8 -9 -17 -2 -25 -10 15 2 -2 -29 17 12 12 -13 -2 
-21 3 23 -21 16 -6 -30 30 49 -34 -25 19 4 17 22 -12 
-20 1 0 -25 11 -2 -12 11 -13 -9 -22 23 8 -8 4 -65 
-11 -7 -7 26 11 -50 33 10 9 3 7 -24 -15 -10 0 2 
-59 14 -26 3 16 -16 -5 10 3 -4 21 -6 -39 22 -8 -1 
-28 -9 3 -46 7 13 -30 -1 34 -4 22 -16 -41 7 -23 7 
-11 -5 -30 11 -5 16 -8 -12 -12 7 -13 35 32 -22 -18 -12 
40 -38 7 3 -19 7 1 -25 -2 -7 1 9 -21 39 -7 -27 
8 -27 -19 -35 -57 -15 26 -20 5 -27 -27 -11 10 -1 -14 -17 
-6 -12 26 4 13 -17 -27 -18 15 19 18 54 12 -3 46 -50 
-30 -16 2 -9 -8 -28 14 3 0 -18 -10 -21 -5 -2 12 2 
-37 20 6 17 0 -19 -3 8 -4 -34 -9 8 -14 -18 21 -13 
-60 1 1 3 -9 -9 -7 -11 -11 21 4 -19 28 -6 -41 -5 
-15 -19 11 -4 -4 14 -19 4 0 -1 -11 -8 54 5 4 -19 
12 22 -11 3 -1 8 -9 10 27 -12 24 -15 9 -15 17 9 
15 -2 -10 -10 -16 -24 19 -5 -11 -20 -3 -17 7 -23 -8 -50 
-13 12 4 -8 1 -7 10 6 -4 14 -36 -1 7 9 17 -6 
-29 -20 -9 -4 1 -13 -20 11 -25 -2 18 -38 -1 -5 5 -4 
22 11 0 2 23 -12 -11 -6 -4 -14 1 -33 -10 20 7 -16 
-25 -42 2 0 -13 -12 -31 -20 29 11 6 26 -7 23 -2 -11 
16 9 -14 -10 24 -13 15 -57 -49 0 -3 48 12 -24 -25 6 
24 -2 -29 -2 4 -3 3 -11 -7 -4 -56 7 -32 1 -9 15 
13 -23 22 7 -1 -19 3 -23 -15 -22 -28 16 -10 -23 -7 -3 
-9 -4 -2 -5 13 8 17 -25 11 -13 -15 17 14 4 6 26 
-9 -6 48 -15 -3 -5 -1 15 -41 -15 -7 -2 -14 12 -23 -10 
7 -18 -4 0 -2 -6 -8 -18 17 11 0 -42 33 23 -7 12 
-1 -20 7 -16 -2 -3 15 6 -18 -11 16 21 -17 -6 44 -7 
-25 0 12 18 1 -13 -23 -10 -22 12 9 -23 -13 -25 14 -17 
10 -6 -20 8 -18 5 -15 -12 4 14 24 0 4 -18 -21 23 
-25 14 -24 -22 -23 6 -25 0 -7 16 2 -16 -18 0 -20 12 
-10 -16 -14 0 -25 -12 -15 29 -25 9 -1 -14 -25 -36 4 33 
-11 2 -21 17 5 -8 20 -17 23 -25 -39 -26 17 3 -15 -34 
8 4 8 10 -6 10 -4 -42 23 14 40 -22 4 -17 4 -38 
26 -13 -8 -4 4 5 11 16 5 -25 -13 -13 -4 6 -6 -14 
19 15 -4 -26 -31 0 2 -40 20 15 -28 -10 -31 45 1 22 
-1 -13 53 -15 -48 -5 -23 -28 -81 -11 -17 -8 19 0 -7 21 
33 8 -33 17 -22 10 14 0 28 -53 11 4 -6 -29 -23 0 
-39 -32 -69 17 -9 -29 10 -18 -20 -38 40 24 1 54 -2 -41 
-1 -21 -13 14 2 28 -16 -37 13 -18 -14 -13 17 -18 -9 -43 
30 -19 9 23 -6 0 18 -14 26 36 -20 56 21 -5 19 23 
-44 45 -22 -5 11 -4 -26 21 10 -26 39 50 25 15 -31 2 
15 -28 38 -53 9 -41 45 -8 -63 -28 28 31 70 -16 -72 -32 
-47 -4 -27 -23 19 -3 2 1 21 -8 12 51 -23 6 51 -11 
-44 -27 -15 -3 16 -102 -6 23 1 1 -32 -3 60 -27 -2 -13 
-18 -15 -39 34 8 -24 -42 52 13 -10 23 11 16 12 -11 -18 
-25 29 -38 97 29 -6 2 85 -19 15 -28 -3 18 -45 -31 -3 
1 50 -15 4 64 -45 -2 -31 -56 -81 30 -14 -6 71 80 -14 
-13 -19 39 11 -38 20 -25 -77 13 38 26 15 -15 -40 -19 14 
9 2 2 -1 -24 7 11 -7 42 35 25 71 -28 29 -50 -31 
18 14 -8 -32 19 51 2 19 55 -21 -21 20 60 27 -37 -65 
0 36 -8 -3 18 45 3 -13 -55 -49 45 -12 -15 22 -37 -12 
15 -65 -11 -57 -46 1 27 -101 62 -38 23 -4 -25 -57 -5 4 
37 74 -22 -68 1 47 11 -33 -41 -94 39 -17 11 -37 16 -2 
10 43 -9 -29 12 61 20 8 -25 8 -4 19 -24 15 -17 -43 
-8 29 1 -26 36 -16 54 2 -29 22 4 -10 43 15 -9 -60 
-29 10 -32 61 -7 7 -5 1 -28 16 -54 30 -9 -7 4 -50 
-6 5 6 -71 -12 22 48 13 -23 67 -35 12 23 73 37 18 
13 -62 -15 6 -45 -30 -39 -13 26 13 -9 5 51 35 4 -27 
34 -10 -23 36 84 -34 -36 -83 40 -22 27 -13 -19 60 -28 -36 
-13 13 -12 -34 42 20 -46 -32 -7 -13 8 -4 12 26 -14 -44 
1 -31 -11 -10 17 -24 50 -25 -41 23 -4 4 21 7 -44 14 
10 -12 4 -26 13 1 3 -16 10 1 51 -45 2 -12 22 -2 
-5 -6 -27 -19 15 -30 -11 5 -12 -3 -75 -2 37 -41 20 71 
-2 17 16 7 32 -31 51 45 13 33 14 64 16 -32 19 -28 
52 -8 -3 9 -76 -30 -22 5 -69 5 26 23 -26 52 8 20 
14 -37 -5 52 -27 16 -4 -25 -25 -19 -3 -38 -28 -15 35 -56 
41 43 -9 -56 13 15 15 -112 -29 16 -90 -38 43 2 6 3 
33 -3 -31 -35 20 -56 30 -34 44 12 -34 -4 -69 5 -3 0 
25 41 6 48 2 20 23 17 -75 42 53 60 -10 -6 -17 25 
-5 24 24 3 -44 34 -5 -38 -45 70 -9 3 -21 -43 3 -40 
38 -8 43 -25 -34 11 -32 33 12 9 12 -6 30 56 10 13 
12 68 16 -17 -4 -18 12 2 42 32 -4 15 17 -27 1 23 
12 3 48 14 20 18 -1 9 5 -71 16 -16 -37 11 -6 5 
5 5 17 28 5 57 64 79 30 -48 39 75 1 10 9 49 
-12 -31 -11 4 28 6 -25 65 -11 12 26 21 -3 5 4 18 
19 38 -4 14 16 41 -17 -25 -21 4 -32 -2 -18 26 -8 8 
44 29 -47 27 -37 47 -43 -9 -3 -9 19 25 10 2 11 -44 
-30 13 10 17 -48 5 -19 2 3 -6 11 31 0 -9 -24 8 
2 -11 46 -11 -11 -10 -17 17 -15 -14 19 26 -21 24 37 4 
3 1 26 -33 -10 -25 -44 17 -24 -5 18 -26 -10 7 -32 21 
-14 -65 -8 37 11 -17 17 -5 16 5 -4 -21 4 -22 -13 -8 
-32 6 12 6 -13 15 4 -17 -5 -10 7 19 4 10 12 -32 
-50 4 58 -61 -17 -26 -16 -39 4 -19 18 -34 81 -16 -13 -22 
1 -6 23 -27 23 8 27 16 -11 -33 3 -9 -40 39 36 -22 
17 18 24 -35 -35 -12 22 -14 53 -50 1 17 35 -26 -9 22 
9 6 -2 -12 14 -3 78 -48 -36 14 10 0 -28 -10 27 20 
-12 45 -6 -23 -39 6 49 18 28 2 15 -10 -46 31 -12 6 
-19 52 33 -17 38 27 -23 -25 -14 -14 -9 32 34 -1 -43 50 
27 -14 -11 42 -1 -33 32 -24 68 -11 -31 54 8 -6 22 2 
32 -17 1 -23 14 -7 9 41 -5 -20 -7 21 -6 -22 24 6 
27 -9 5 -36 14 12 -19 1 -3 -4 -28 -11 10 29 -12 15 
32 -8 13 -64 20 -10 23 9 17 -26 -22 -27 -4 71 46 11 
2 9 -3 22 7 37 -4 -38 2 5 -56 13 -6 29 15 -11 
-7 14 -3 -3 -32 15 14 23 7 87 21 -8 -13 28 -7 -16 
-9 -73 -5 -2 -11 20 6 17 -26 15 -39 -6 -7 9 43 37 
-31 4 -1 15 14 2 10 22 27 -33 0 6 -26 0 17 -32 
-34 43 29 3 -19 33 26 44 39 28 -37 14 -12 -18 11 3 
-6 30 -18 2 -32 25 1 -44 35 3 -20 23 6 25 23 38 
35 -7 -1 20 53 -17 -5 -36 -15 19 15 7 -28 -4 18 4 
17 -11 15 16 8 -5 32 12 -32 -57 -24 16 -9 3 -27 -30 
-6 -31 -40 5 -14 39 10 -2 17 4 10 -13 -28 -1 -12 -14 
21 -6 -4 -59 -13 -4 36 28 12 -12 51 -45 16 26 -30 -43 
-39 -14 23 4 14 37 43 29 27 8 -32 14 -18 29 -4 -22 
35 11 45 -4 27 15 -5 4 -4 -23 8 14 -25 0 41 -20 
20 4 -77 27 -26 -8 53 3 -20 -3 -41 -14 26 41 21 52 
-22 6 -1 -14 -7 -5 33 3 22 -4 -21 -11 -30 -36 -10 -49 
-14 3 2 49 -8 27 16 -15 26 -36 -19 35 0 -17 17 15 
-17 7 -2 0 131 3 0 -25 43 -3 -31 124 0 -47 1 31 
1 0 29 2 1 0 -10 12 0 -3 30 18 -36 -35 -4 -6 
12 -14 36 9 4 -1 -26 -26 42 0 -8 -37 -21 -7 110 -1 
17 0 19 -56 -2 0 0 -10 9 15 -48 5 -103 -32 -12 22 
4 1 -2 -30 15 -9 29 -21 -23 0 -19 2 15 53 78 16 
-12 -5 -18 52 -4 -6 9 78 15 14 26 0 3 19 29 0 
-1 -6 2 0 1 3 44 20 -39 -64 15 12 4 -49 -19 -1 
62 -88 -14 23 31 62 -65 -6 7 0 -31 32 -76 1 -20 -39 
-1 -15 4 11 -8 1 23 34 -50 2 -21 26 18 -18 16 28 
16 7 27 -50 -14 -10 -36 -50 -3 0 -33 -20 -47 16 61 19 
-54 -4 10 80 14 21 -18 -6 5 13 -41 -9 12 2 -6 -62 
-7 -7 17 -4 -5 14 -16 60 50 -9 125 4 -16 -23 0 -56 
85 -94 54 -22 72 -27 3 -35 -20 0 2 -5 -28 1 11 1 
7 13 -19 -10 25 0 0 -94 -13 1 -5 -38 46 -2 46 87 
-10 0 2 18 -1 15 -4 -21 -20 0 -5 -2 40 -6 24 18 
-13 -7 -8 -58 16 5 8 21 -115 -27 70 74 1 4 0 6 
-32 72 3 -24 -5 0 -33 9 11 -8 2 74 0 -50 -51 -91 
43 -1 4 118 6 14 -59 8 46 5 71 21 2 0 -29 118 
-39 1 15 -14 -51 -9 7 -7 28 -13 -3 -3 -19 12 -14 1 
45 -25 17 31 3 33 -20 0 -4 -17 6 56 -30 0 14 -1 
2 0 1 0 3 -32 -55 10 103 -8 -9 -10 8 1 89 92 
16 52 -25 -36 2 45 -8 75 -17 80 0 -24 1 16 0 38 
38 -8 -2 -6 -43 -19 5 29 44 52 -111 -1 2 -42 -59 -16 
4 -15 6 16 -2 31 -33 -7 -6 55 -40 -1 -21 19 -9 -15 
24 17 3 3 31 -15 -22 0 9 1 17 0 0 39 -14 -10 
-92 21 10 -16 23 0 6 32 -66 -4 -1 -1 -3 -59 1 -63 
12 -2 -9 -76 -1 -2 35 41 36 -86 2 -42 -34 10 -10 -6 
12 -25 60 4 40 12 68 -6 -13 24 -1 0 -47 2 -8 0 
-4 -2 0 2 30 17 -54 0 -33 -33 70 -7 -11 -38 -25 11 
7 7 4 105 7 7 8 -4 67 2 10 7 71 -2 -52 -110 
8 33 -58 -5 -16 82 2 5 -28 1 2 15 16 80 -65 -9 
9 -1 24 -3 4 -1 -35 1 -4 -2 -2 58 -48 0 -1 -12 
9 -5 22 -24 9 -3 -111 65 0 -9 17 23 -8 2 37 -10 
-8 20 -38 0 60 -12 -34 9 -16 -1 4 47 4 81 -18 -59 
24 14 8 0 -13 17 6 36 -29 -6 -44 -13 -120 -1 7 -92 
-22 30 -21 -33 20 34 -6 5 36 67 6 -1 -7 15 19 -22 
2 -2 0 0 14 3 0 -9 -8 13 40 -25 0 0 -2 -15 
1 0 6 0 0 0 2 1 0 0 -5 -9 9 -22 0 0 
10 7 22 13 4 -1 6 18 -16 0 4 20 3 1 -6 0 
-1 0 -3 -2 0 0 0 -19 -20 -5 33 2 50 19 8 1 
9 0 -20 26 1 20 11 -6 -3 0 -9 3 -16 -30 3 4 
-7 -23 -20 -33 -8 6 -5 -37 10 -2 12 0 -3 4 -14 0 
0 -1 -9 1 0 0 -20 -4 22 0 0 36 -1 0 1 0 
-47 32 8 -33 24 -14 20 -5 1 0 6 -42 16 -4 3 8 
0 -11 4 2 -1 1 27 -16 0 4 -5 2 -13 42 44 -1 
35 -1 -9 36 20 2 57 47 1 1 -5 -5 -3 7 26 -11 
12 7 4 -14 3 23 25 1 0 -1 -3 -6 -26 0 -7 36 
2 25 -3 35 7 8 6 6 -12 -17 -17 0 15 -18 0 35 
32 -5 -3 22 -39 14 4 -18 -14 0 0 11 11 0 18 0 
1 11 -2 -9 -12 32 0 5 4 0 0 20 -23 2 -40 -30 
0 0 33 0 0 52 1 12 9 1 1 -27 11 1 -19 4 
-2 -4 12 29 24 1 -11 -17 66 10 15 -12 -5 2 0 2 
30 -37 0 4 15 0 -14 -2 -1 11 0 12 2 22 -15 83 
11 1 4 10 0 -25 4 2 13 0 -1 -2 -3 0 -10 -4 
16 0 16 20 -19 3 1 35 -5 8 -1 0 37 -32 8 0 
-26 9 -1 32 -1 4 -9 0 5 -2 12 -20 4 2 -10 0 
4 2 0 34 0 16 -36 3 -48 8 5 5 -2 15 -8 -26 
-5 -26 24 23 0 -10 0 20 -3 -26 0 23 0 -3 0 -30 
-10 3 7 3 -4 -27 2 26 -1 -15 64 -9 -12 10 22 -1 
-1 -21 2 2 2 -35 7 -1 0 -5 19 1 24 -8 7 27 
-13 -5 2 0 -6 1 41 5 4 -1 10 0 0 3 4 29 
67 9 1 1 -11 0 3 -2 34 1 0 0 -1 4 7 29 
0 0 -13 23 0 2 -44 -9 4 -14 0 64 -1 -10 7 -12 
3 46 -25 -1 21 -5 -24 8 11 -36 0 0 1 4 -6 0 
0 -1 0 -5 -16 19 -13 0 0 -14 -48 1 -7 0 7 1 
12 26 7 -32 25 -1 0 -3 -24 -9 -36 7 -39 0 36 41 
-1 -1 -8 -11 -3 -45 2 0 -18 0 3 -33 16 -17 -8 -19 
21 2 -26 0 4 15 29 -8 -1 1 -24 -7 8 5 0 -2 
1 -4 11 29 2 -1 -11 -43 0 2 9 -8 -1 3 -29 -13 
0 -37 51 0 -19 -1 -12 3 8 0 -18 19 0 -29 1 -23 
5 -4 -1 0 2 1 -1 7 -1 3 22 2 58 0 9 36 
57 -23 40 -14 20 -6 7 4 -35 -26 -1 0 -1 -11 1 -25 
-1 -7 0 0 -5 -3 0 -19 -35 0 -71 29 0 28 3 -6 
-5 0 -12 0 0 0 4 -1 0 -3 -2 9 22 -15 0 -1 
2 -3 -12 -3 2 -13 -36 -9 7 0 11 -67 22 -1 27 0 
17 0 21 4 0 0 0 6 33 -9 5 2 28 -1 33 -4 
-47 0 5 27 0 -26 -40 27 1 0 6 -1 5 -1 46 -11 
0 9 26 11 31 -21 -1 -67 -50 -1 -6 0 8 -37 51 0 
-1 1 20 -1 0 -1 -34 6 -9 35 4 5 5 -25 14 0 
-8 -51 -7 9 -4 6 -1 13 -1 0 -25 -15 8 14 -32 -24 
0 -4 1 -2 0 -1 -22 -16 17 3 -15 -3 -1 -8 -2 10 
-23 -1 15 21 -1 -2 9 61 0 0 -6 -30 -49 5 -18 -24 
-3 -9 -14 15 -2 15 -21 -1 -2 -2 -26 -9 9 -4 -8 31 
3 -35 7 -17 9 38 -11 -15 0 6 -4 0 -32 -27 0 -59 
22 -2 -2 4 1 -39 -2 -16 -50 0 0 -4 -23 -3 5 0 
-1 -17 24 -16 3 -12 0 -40 -3 0 -2 42 -16 0 -7 -17 
1 0 -17 7 0 -30 -1 -32 5 0 1 1 -37 -1 -17 -12 
4 25 -37 2 5 5 -6 30 5 -21 -36 -20 0 17 0 -35 
-10 15 0 -8 -15 0 2 4 3 -5 0 5 -2 -56 11 6 
2 3 -8 44 2 26 -3 -17 -38 0 -7 -10 3 0 9 -20 
4 0 -13 -37 -6 -2 0 25 1 15 2 0 -19 26 -20 0 
-43 -11 1 -41 -6 5 -7 0 2 -35 -3 -7 15 -2 1 -1 
-16 0 -1 -36 0 -28 -22 4 20 2 -25 -4 -5 27 -17 -36 
4 -6 -18 28 0 9 0 -36 4 -28 0 -26 0 -7 0 -27 
-12 -4 -3 -1 24 4 0 -5 -66 28 -5 3 28 -5 -9 13 
-1 -3 -3 -1 -1 4 -10 -1 0 9 12 0 0 11 6 16 
29 1 -1 0 -29 -2 -11 -11 -6 5 -4 0 0 1 -6 -23 
28 1 1 -2 8 5 -18 19 33 -1 0 -1 -1 9 -13 -4 
-7 0 -16 -22 0 -2 18 -14 22 3 1 11 49 2 -51 5 
3 -21 14 0 36 -4 -12 -6 24 25 0 0 -52 -6 4 0 
-2 0 0 -18 6 -2 -23 0 -23 -39 -16 0 4 33 -9 -2 
-16 -7 5 -9 -28 -3 -24 13 25 9 10 70 30 0 -26 -52 
-55 7 19 19 2 1 9 -11 -7 0 3 -27 -28 -56 -9 7 
-14 1 -20 -1 1 -19 -22 3 -1 0 -36 4 5 -13 1 -3 
-5 3 -14 -11 -7 0 -55 0 0 -9 -9 -29 -1 -2 -15 -1 
2 -2 -22 0 -40 -5 18 3 -4 0 -6 -8 2 -23 1 0 
-36 -1 4 0 -1 0 3 -28 -20 -6 4 0 2 0 -6 -4 
-10 -1 -28 -26 -31 -35 -3 -5 20 -8 2 0 -1 0 -2 -5 
-10 21 0 0 59 9 0 16 23 12 -51 -11 0 -14 -11 -4 
-9 0 -5 0 0 0 -18 -1 0 0 -13 -3 -10 4 5 -2 
34 6 28 -13 6 5 51 -2 -22 0 -11 7 -3 2 19 0 
0 0 18 8 0 0 0 29 -36 8 -45 0 -64 2 31 5 
3 0 3 25 2 8 -31 -25 19 0 -14 2 -14 37 2 5 
-8 -16 27 47 -6 -6 -3 3 -10 -2 0 0 18 -47 -32 0 
3 2 53 -2 0 2 -13 4 -4 -3 -6 -20 -4 2 -6 0 
1 24 8 2 27 -17 11 0 1 0 4 14 -1 -4 2 28 
0 11 -3 -3 1 -1 -16 17 22 7 9 4 31 5 -11 -15 
-10 2 12 -30 11 5 -3 17 0 0 -19 -17 24 -4 3 52 
14 -3 -15 42 6 -11 -13 1 2 -1 -12 0 5 3 -3 7 
-31 -31 2 -39 14 6 -9 -41 25 -41 29 1 -14 -3 0 20 
37 -15 -11 17 -30 -7 0 6 -26 0 0 -14 -7 3 -3 0 
6 -24 -30 -11 -36 3 0 22 -1 -2 3 -13 18 0 -5 -13 
-4 0 -13 0 0 -24 3 -30 -15 -2 8 -3 -5 3 -26 20 
13 15 -32 12 10 14 -11 12 -40 -39 -28 -29 0 14 0 -39 
5 23 -1 7 19 0 43 3 -2 -16 0 4 -2 53 -51 -20 
-5 -2 -32 26 -1 20 -17 -26 45 0 26 6 -5 0 6 17 
3 -1 -7 59 -23 -6 -6 -17 6 -53 0 2 -56 35 -2 1 
-12 27 -3 29 -27 41 -8 0 1 -29 -5 -6 -30 -1 -36 2 
-8 0 0 -44 0 -33 -19 -9 33 8 17 -7 -2 -1 21 4 
12 -11 33 4 0 -23 0 10 12 -22 0 -12 -1 -11 0 -7 
-14 -10 -7 -7 17 -11 1 7 -9 -24 -2 14 -13 1 63 20 
-1 29 -5 2 -3 19 -2 0 1 -11 33 -1 -55 59 3 -2 
21 35 1 1 -13 -2 -12 -3 -8 0 -9 0 0 -8 3 -41 
22 10 8 7 6 0 34 6 -41 0 0 0 -4 34 -8 43 
0 0 -1 7 0 -3 3 -32 41 -9 -3 -48 -36 -9 -34 13 
-16 -4 -5 1 11 -1 16 -4 -4 -5 0 0 -7 9 1 0 
3 -1 0 -18 -12 0 -5 0 -10 -34 1 0 -9 12 4 1 
-36 6 14 15 -12 3 -9 15 6 7 31 12 21 0 80 16 
-4 -2 -7 -5 15 -39 -6 11 58 0 2 27 -31 57 -11 0 
17 -2 -20 1 0 60 -5 0 2 -2 8 -11 5 9 -7 1 
11 0 -49 -55 -8 5 27 -38 0 7 0 -37 -4 -4 -30 -11 
-6 62 -9 0 15 3 -6 3 -19 0 -3 -68 0 -8 2 16 
-32 7 0 0 1 2 0 -1 -3 -2 -36 11 40 0 14 10 
-20 -8 -44 -45 -20 -6 -4 5 5 -38 2 0 -2 32 -3 18 
-1 4 0 0 -29 -1 0 20 -8 -15 -15 -11 0 9 1 1 
0 0 -3 0 0 0 -4 0 0 0 -3 0 -6 9 0 0 
-3 -1 24 8 -2 10 0 13 13 0 0 -4 12 0 7 0 
-1 0 4 -3 0 0 0 -10 19 0 -1 1 16 -9 12 2 
-3 0 -7 -10 1 6 15 10 1 0 3 0 -2 0 -19 1 
-1 5 10 -1 5 -3 -1 4 -8 -1 3 0 -6 19 8 0 
1 0 -3 0 0 1 -10 0 10 10 -1 5 8 3 -1 0 
-1 -14 1 -6 -5 8 16 0 0 0 6 -11 4 2 5 7 
0 -2 1 0 0 0 22 10 -5 2 2 -1 1 26 27 2 
20 0 -4 6 1 -1 24 -10 0 0 8 -18 -3 -1 1 -7 
0 1 5 6 2 -2 5 0 0 2 19 9 4 1 -1 9 
7 17 0 -9 1 9 1 9 17 16 -4 1 19 2 0 -13 
-20 -15 5 20 -10 10 -1 -1 11 0 0 8 21 -1 3 0 
0 23 6 10 2 11 0 -3 -1 0 0 10 2 0 19 9 
0 0 13 6 0 35 0 6 -5 0 -2 -5 -5 0 2 1 
3 16 31 10 -3 1 -5 -4 15 10 -8 7 0 3 0 23 
26 12 0 -1 10 0 33 -2 0 5 0 8 0 1 1 -2 
-3 0 17 -3 0 -21 -9 23 4 0 13 1 -2 0 -6 8 
-4 0 9 1 18 0 -1 4 -2 0 0 1 13 -5 0 0 
7 2 0 6 -7 -7 -8 0 0 10 2 10 19 1 19 0 
2 0 1 18 0 13 -6 2 2 9 -11 1 0 19 -3 -15 
0 8 1 10 0 10 0 16 -5 -11 0 11 0 1 0 -17 
1 1 -2 0 2 13 -1 5 -13 9 23 2 8 -3 -9 8 
0 -8 0 -2 0 16 13 1 0 3 4 0 -4 -3 15 1 
9 5 0 0 12 0 18 2 1 -1 2 0 0 7 -4 16 
17 11 1 0 -3 0 6 6 25 0 0 0 0 -5 8 -16 
0 0 4 6 0 0 -9 -5 2 7 0 3 -3 3 4 1 
-1 8 7 0 5 -6 -4 1 3 15 0 0 14 1 4 0 
0 0 0 6 10 4 0 0 27 12 -25 0 19 -24 5 0 
15 2 1 2 -2 0 6 1 5 -1 9 13 -5 0 -2 7 
-4 0 26 10 -5 24 0 7 -1 0 1 13 15 -3 -4 -7 
-26 0 7 0 0 3 20 -1 0 0 -16 4 -13 2 0 2 
-2 0 17 -4 4 0 5 1 0 2 1 27 -1 0 11 2 
-1 10 32 0 -7 -1 13 1 4 0 6 -4 0 1 0 -10 
25 -1 1 0 -2 1 0 -21 14 0 0 4 16 0 16 -14 
19 1 29 20 24 1 1 1 16 -6 1 0 1 2 0 -1 
-3 8 0 0 17 1 0 15 2 3 -33 6 0 4 -1 4 
-2 0 -1 0 0 0 12 1 0 0 9 7 4 -3 1 0 
-10 -2 -4 -6 1 -4 -21 -3 -11 0 1 -16 13 -1 10 0 
-1 0 4 7 0 0 0 9 -7 3 0 1 -6 -7 -17 -2 
5 0 4 4 3 -14 -25 17 -4 0 -3 0 4 9 3 -1 
2 -4 15 -5 4 -12 -3 -14 -7 -1 -4 0 3 -25 14 0 
1 0 10 1 0 2 -22 1 -9 16 2 -8 7 -8 -8 0 
1 -19 2 4 2 11 -20 3 2 0 -15 9 7 5 4 -15 
0 6 0 -1 0 0 3 33 3 -4 5 4 12 -18 -20 4 
-10 0 8 -8 -3 -4 -17 19 1 0 -3 -1 -17 -3 18 9 
-6 -1 -6 23 4 -8 -6 0 1 -2 -13 13 6 2 0 -10 
8 -2 3 5 -7 15 -13 -13 14 -5 16 1 -25 -8 0 -13 
-16 0 2 -19 -6 -9 -4 4 -29 0 0 -7 -21 0 0 0 
1 -24 5 7 -11 -10 0 -11 -5 -1 0 31 -1 1 11 -7 
0 0 -12 8 0 -33 -14 8 2 0 -4 2 -10 0 -14 1 
-7 -1 -22 3 -13 -14 4 1 -20 -25 -18 15 0 1 0 -24 
-25 23 0 4 -8 0 17 3 4 -1 0 12 0 -20 -7 -12 
5 -1 -16 2 1 14 -5 -17 0 0 6 -4 1 0 -3 -2 
18 0 -8 3 4 -2 -1 -7 -3 -11 -1 0 -15 9 -6 -1 
-6 3 4 -8 0 17 11 0 -1 -12 6 -2 -9 -1 -7 0 
-1 0 0 -19 0 -13 -18 4 3 -2 23 0 -2 2 21 7 
0 13 3 13 0 2 1 5 -3 -7 0 -18 0 -4 0 18 
5 -3 -7 -2 -4 8 -1 10 -15 0 -4 3 -16 -5 5 -3 
1 -13 -3 -1 -1 12 -9 0 -1 8 4 0 1 9 8 -1 
-17 -7 -1 0 -7 0 -27 -2 -2 1 -3 0 0 -6 -3 -29 
-6 -4 0 -1 3 1 -23 13 5 -1 0 0 0 -7 -10 -13 
3 0 9 10 0 0 -5 -2 -3 1 0 -22 -2 -3 -31 1 
-5 -6 4 0 1 -1 8 -2 -5 -8 0 0 -5 3 -9 0 
0 -1 0 1 17 1 2 0 -15 -9 12 1 -17 -19 4 3 
-24 0 -6 11 -27 5 -8 2 1 -6 20 7 -3 0 13 -8 
-26 4 8 -11 -9 6 -2 -9 10 0 -1 -10 -27 4 10 2 
-21 -1 -11 -1 0 -5 -18 -2 1 0 9 -2 9 -5 3 4 
9 1 -18 11 -1 1 17 -1 0 0 1 -24 -1 0 6 -2 
-1 21 -33 0 2 2 -10 0 -4 0 10 -8 2 11 -3 -10 
-32 -1 0 0 4 -1 1 -4 -15 -1 -23 -4 -9 0 -13 10 
-12 8 -24 -19 -21 -12 -6 0 12 14 1 0 -2 2 0 3
-7 4 -2 3 5 -4 -2 0 2 -4 4 -6 -1 -10 2 0 
-4 0 0 -1 1 -2 -5 3 -5 -6 -9 8 0 2 8 5 
-1 4 -7 8 2 2 5 1 8 6 -2 1 -3 8 7 -2 
-2 2 5 5 -3 -4 5 -1 -1 -1 0 -8 -1 -6 6 1 
0 -5 8 -3 7 8 3 -5 -6 -11 1 2 -8 1 9 9 
8 -9 7 8 0 1 -2 5 -11 -7 -6 6 3 -8 0 9 
-2 26 14 10 4 6 2 -6 -14 15 9 18 -8 8 7 -13 
12 13 11 -1 4 -4 -3 5 28 -27 9 12 31 16 -10 -25 
-14 -17 -10 -16 2 -23 6 12 10 18 10 17 -1 -16 2 1 
20 -9 -15 16 15 -11 7 8 1 9 6 -26 10 -2 -3 -15 
2 0 0 1 11 5 14 -1 2 11 -20 25 -5 9 6 6 
-9 10 -10 -23 -5 -8 9 -20 -6 6 10 -21 21 5 -13 14 
2 4 -2 4 5 -2 4 0 -3 -2 -3 -4 0 -2 5 6 
1 -3 -2 -2 3 2 -4 4 -1 0 -4 -2 4 -3 0 -1 
0 3 -3 2 2 3 6 5 4 7 2 3 0 0 3 -6 
2 0 2 8 -4 -5 6 4 1 -2 3 -7 0 -6 0 -2 
-1 -6 7 -1 3 3 -1 -3 -3 -2 -2 -1 -7 5 5 -3 
-2 2 3 0 2 2 2 -4 -2 -3 -2 6 -4 -5 -5 7 
-3 -6 1 -3 -1 -2 3 3 6 -6 -4 -2 2 -5 -2 1 
-1 -7 -7 1 9 -3 -4 -1 -4 -3 -5 1 4 7 2 7 
-1 7 -8 6 -1 3 6 6 2 8 3 0 -4 4 4 -11 
-3 2 -4 3 -9 -8 -4 3 1 -1 -1 -11 -7 -7 13 -1 
-8 -5 9 0 6 5 6 -6 -3 0 2 4 -7 0 10 -1 
-4 2 9 2 5 3 6 1 -7 -11 -2 4 -2 -4 -7 6 
4 1 -3 0 0 -18 -2 -16 -4 9 -17 13 32 13 -2 -8 
-6 -12 -5 5 -29 -10 -10 33 1 2 20 -9 17 4 -5 -6 
2 22 -33 -15 -35 9 18 31 15 -3 -63 -16 27 -1 -3 -17 
-15 -5 -5 -10 -3 9 21 -5 -18 2 -4 8 -20 -5 4 20 
7 -3 -29 -23 45 -1 3 -20 17 14 12 25 8 3 -6 -1 
-21 23 -13 24 26 -1 9 30 17 -1 25 16 7 16 -1 14 
-3 8 2 11 6 2 0 3 9 -1 1 -10 9 -8 3 -3 
-3 5 0 -1 4 -18 -10 -1 -6 -13 -4 10 10 1 -1 11 
-1 11 -3 14 4 -13 0 2 3 16 1 0 6 -1 9 -1 
1 7 0 16 2 -6 4 -2 10 -7 10 -5 2 -2 8 -4 
7 -2 1 -1 3 7 5 -5 -1 -5 -3 1 -2 -7 15 7 
-6 -6 4 7 3 8 0 1 -22 -2 -11 -3 11 -9 -3 22 
-1 4 4 1 6 -1 2 -1 -5 -7 6 -1 -3 0 0 4 
-5 -5 -9 -1 0 4 -2 2 -4 -8 -5 1 2 -5 -1 -6 
-7 1 -7 6 -1 5 3 1 6 6 5 2 2 -4 6 -4 
4 3 2 7 -1 -6 8 4 5 -5 -4 -6 -1 -7 2 0 
-7 -1 4 -2 5 7 2 -2 -2 -4 0 2 -4 4 2 -2 
-3 -3 5 -1 0 0 6 -2 1 -6 2 6 0 -3 -8 1 
-3 3 2 3 4 0 2 3 -2 -5 3 -2 1 1 2 0 
-1 -3 -4 0 5 0 -2 3 -6 -5 -5 2 2 -3 1 1 
-5 4 -2 0 3 2 3 5 5 4 -4 1 -1 0 4 -2 
-1 1 1 5 -6 -4 0 5 3 -3 3 -6 -3 -2 5 -4 
-3 -4 5 -4 1 5 0 -1 0 -4 1 4 -4 4 2 3 
-3 1 2 0 1 0 1 1 0 -3 -1 5 -3 -3 -4 2 
3 8 7 5 6 3 8 -4 -10 -7 12 -11 2 -5 4 2 
15 1 5 -5 -1 -4 -1 0 -4 4 -8 -6 10 -3 3 -12 
3 -3 -1 6 -7 -2 1 4 -3 -3 -2 -4 -3 9 19 -6 
9 21 0 11 2 -6 -1 7 7 -5 -3 -4 1 -9 -5 -4 
-4 -8 13 -2 0 8 -2 -1 0 -2 2 8 -5 1 6 4 
-2 -10 8 8 0 5 -1 4 5 -1 -4 0 -2 9 -5 0 
21 -2 19 -20 -7 17 -2 20 -15 -27 6 -6 14 16 -18 24 
30 -3 -10 -23 7 31 11 4 26 32 -6 -1 -10 -24 -14 6 
36 -3 28 -11 6 -26 7 6 -31 -24 -11 2 9 -32 20 4 
-19 51 -6 -7 -27 -17 -16 -9 -10 -7 0 -15 6 -33 4 0 
3 -20 29 -2 -2 -3 -9 3 6 -1 4 10 -2 -11 -29 16 
10 -28 -12 16 4 11 -7 26 7 -4 10 23 -43 33 4 -20 
6 -4 3 -3 5 14 -1 2 -7 -2 7 -2 6 7 9 4 
12 3 0 -4 10 -5 2 4 -2 -8 1 -13 5 10 9 -4 
-7 1 -3 12 -3 2 1 11 12 3 -4 -2 1 12 3 -7 
6 -2 5 4 2 -5 3 2 3 -8 0 -9 0 -3 3 -2 
-7 2 -2 -7 2 5 -4 4 -5 2 4 -1 -5 10 9 -4 
-3 -2 16 -14 -1 7 8 -14 13 -6 -4 -4 0 -7 -5 9 
-1 3 1 4 1 0 5 3 1 -3 -1 -5 3 -2 6 0 
1 -2 -5 -2 1 -1 -3 5 -1 -6 -6 0 5 2 0 0 
-4 3 -3 2 4 0 6 8 5 7 -1 2 -1 -3 7 -6 
1 1 -1 5 -3 -7 1 2 0 -3 2 -8 -5 -6 1 1 
-1 -4 7 -1 2 6 1 0 -3 -5 1 3 -9 3 3 0 
-5 0 5 -2 0 2 6 2 2 -6 0 5 1 0 -7 9 
-1 0 0 2 3 0 2 3 2 0 2 -4 -1 0 2 0 
1 -3 -5 0 3 -1 -4 3 -1 -6 -7 1 6 -4 1 -3 
-1 6 -6 1 3 2 6 6 6 4 1 0 -1 -5 6 -6 
0 1 -2 4 -7 -5 2 3 1 -6 4 -7 -2 -1 4 -4 
-2 -2 6 -3 3 8 3 -1 0 -3 3 2 -8 3 3 1 
-7 0 3 1 0 0 5 0 -2 -5 -1 6 1 2 -6 6 
3 7 10 4 7 -7 9 4 -6 -4 11 -3 4 -7 10 -3 
-10 3 -3 4 7 1 -7 4 -1 -17 -9 10 10 -1 5 -7 
-13 -1 -1 -1 -1 -8 0 -5 4 6 13 3 -4 1 4 2 
6 9 0 6 -4 -10 1 1 9 -5 -2 -22 6 -6 3 -2 
3 -3 11 3 0 4 5 -7 0 4 -9 6 -17 -7 9 11 
9 -17 -4 1 -7 -9 1 -9 -11 -5 -14 4 -4 -7 -6 7 
-2 2 0 3 3 -3 1 3 0 -3 2 -3 0 -2 2 2 
-1 -1 -3 0 4 1 -3 1 -4 -5 -4 1 5 -2 -1 0 
-2 4 -3 1 1 0 3 6 5 5 -3 1 -1 -2 2 -2 
-1 2 2 3 -6 -5 0 5 5 -5 2 -4 -2 -4 4 -4 
-2 -2 4 -2 3 4 0 -2 -2 -3 2 4 -3 2 3 1 
-2 -2 0 2 0 -1 2 -1 -1 -4 0 1 0 -1 -5 4 
8 5 -6 5 9 6 9 8 -16 6 14 5 1 2 11 -6 
5 -1 -7 0 1 3 -10 8 17 -14 -14 8 16 18 -5 -24 
-10 -7 -2 6 -5 5 3 12 28 -5 -6 -1 -2 4 12 -14 
14 -10 0 6 8 -7 5 0 6 1 2 -6 -3 -2 -12 -4 
-8 6 -8 -1 1 11 -9 8 7 -3 -5 11 -9 3 8 -2 
9 -15 3 -16 1 3 -8 -17 0 -4 -16 -8 0 -2 5 13 
7 -4 5 1 12 5 1 1 -9 -13 5 -6 -2 2 2 13 
13 -2 -4 1 5 5 -2 6 0 3 -9 -7 -1 2 9 -7 
2 -8 0 6 -5 14 4 9 -2 2 -1 -4 5 11 3 -7 
1 10 10 -1 -9 -3 6 7 3 -2 -2 -2 -11 -11 -1 2 
-9 2 -1 -5 0 10 5 -3 -8 3 6 2 -3 9 -2 -3 
-4 -6 11 -5 8 -1 8 -6 15 0 -3 15 -1 -1 -5 6 
0 0 -2 -1 5 -3 2 4 -3 -1 2 -4 3 -3 3 1 
1 -2 -5 1 8 -2 -4 1 -5 -2 -5 1 4 0 1 -2 
-6 4 -4 3 2 -1 5 4 8 8 0 -1 1 -1 1 -4 
-1 4 0 8 -3 -4 3 2 2 -4 5 -5 -2 -4 0 -1 
0 -2 8 -2 7 4 2 1 0 -4 -3 3 -6 2 4 0 
-5 1 5 -1 -3 -2 2 3 -2 -7 2 5 -4 0 -8 6 
-7 8 5 7 0 -10 0 5 4 -2 5 -17 -4 -4 8 1 
-3 3 -4 0 5 -6 -4 6 -11 -12 -6 3 10 -2 -2 -2 
-6 9 -1 8 -2 -7 -2 6 9 9 0 -1 -8 4 16 -2 
11 6 -6 11 1 -5 -1 -2 -2 0 0 -5 2 -8 12 -3 
2 -9 6 4 6 8 6 -6 -1 -7 0 -1 -16 -3 9 0 
-2 -10 7 -1 -5 6 2 -1 -11 -1 -10 0 3 2 1 7 
1 -16 0 6 -4 -9 -4 2 20 -6 -11 -6 14 -9 -2 11 
7 2 -7 -3 4 -11 -10 -3 -24 1 -4 12 -5 14 7 24 
12 0 -17 26 1 -8 -1 -3 1 5 1 -3 -4 21 5 -19 
-4 -2 -5 -3 -20 -14 -1 -3 -5 4 -4 -11 -19 -16 18 -10 
1 -2 6 1 3 16 11 -10 -3 -2 1 -12 -12 -6 11 5 
-10 -11 17 3 12 -2 -4 6 -5 -9 -19 -1 5 -4 -4 3 
-8 3 -8 5 0 0 7 2 -1 5 10 -4 0 1 8 8 
-5 0 -4 -2 9 1 3 8 4 -7 -13 -2 2 3 5 -12 
-10 -6 -2 9 1 1 7 12 11 6 0 0 2 5 8 2 
15 -4 9 -3 7 -5 13 -1 9 -11 4 3 -10 -3 -10 -6 
-1 -1 8 -1 -4 9 5 -5 -1 1 -6 4 -8 14 1 5 
3 -8 4 -6 2 -7 0 -1 1 -8 -9 6 1 1 -1 10 
-2 9 0 1 3 -1 7 6 3 0 2 1 -6 0 4 3 
-4 -7 -4 -4 0 -1 -6 -1 1 -6 -4 1 13 -5 -8 -4 
-9 7 -8 0 4 -9 9 7 0 10 -4 2 4 -8 9 0 
6 -1 -5 13 4 -4 7 8 1 -4 6 -2 -3 -12 -3 -1 
-10 -6 0 1 2 6 2 -3 5 -10 -3 9 -10 2 10 5 
-4 7 6 -1 -5 0 3 -1 -3 -6 5 -2 0 -5 -7 12 
3 3 1 6 -1 -9 -1 -5 0 -5 8 -14 -1 -8 -1 9 
-3 -6 -2 0 -1 1 -3 10 -3 -6 -7 6 9 -7 10 -6 
-3 4 -5 7 -7 -1 9 2 3 3 -1 -3 3 4 5 -1 
3 12 -1 14 4 0 5 3 0 -4 -6 -2 -2 -7 -5 4 
-4 -9 2 1 7 11 3 -4 -10 -4 -4 4 -7 6 8 8 
2 -10 -1 6 4 5 -1 6 -3 -5 -2 4 -3 -3 -2 8 
-4 0 4 4 4 0 5 5 -4 -1 -1 -1 2 -1 5 -1 
-3 -3 -4 0 2 2 -3 4 -7 -8 -5 0 4 -3 2 -1 
-2 2 -1 1 2 -1 2 5 4 6 -1 0 0 -1 7 -5 
-3 3 4 6 -5 -5 3 2 4 -3 5 -5 -4 -5 4 -2 
-4 -4 8 -6 4 5 2 -2 1 -7 1 2 -5 2 3 1 
-3 0 4 3 -1 2 1 0 0 -8 0 2 -4 -7 -3 4 
3 -3 1 -2 5 0 2 -1 -1 -10 5 -1 -2 -2 3 3 
-2 -3 -4 -1 7 4 -5 7 -4 -1 -12 0 0 4 4 -3 
-3 1 1 5 -1 1 5 0 4 5 -4 -5 3 6 3 -6 
2 4 6 3 -8 -6 2 7 5 -8 -3 -6 -8 -5 -2 3 
-5 1 2 0 8 8 1 -6 1 -6 -2 7 -5 5 0 4 
-3 -11 2 -5 -1 0 2 3 0 -5 -3 11 -11 -5 -5 5 
-3 1 1 1 2 -2 2 1 -3 -4 0 -4 1 0 0 0 
0 -2 -2 -1 4 1 -2 2 -2 -3 -2 0 3 -2 -2 1 
-5 2 -3 -1 2 -1 5 3 4 5 -3 2 -1 0 5 -4 
-1 1 2 3 -5 -5 0 2 5 -4 1 -3 -3 -4 2 -2 
-1 -4 4 -3 2 4 2 -1 -2 -4 2 2 -5 3 4 1 
-4 1 3 0 0 1 2 0 -3 -3 -1 3 -4 -2 -4 4 
-3 6 -2 -4 6 -10 15 5 -9 4 9 7 1 -5 3 1 
-4 -1 -6 0 5 7 -8 -5 7 -8 -11 9 2 -4 7 -5 
-7 7 -11 3 -1 9 7 8 10 3 1 -2 -1 -15 2 2 
-3 -3 -4 5 4 -8 3 -1 12 -3 -6 -3 5 -6 1 1 
-6 -1 3 -1 7 4 -1 5 -1 3 5 7 -2 9 9 -3 
3 8 10 -1 6 5 10 -10 6 -9 7 8 -1 -9 -14 -2 
1 3 3 -6 6 3 5 2 0 -3 -1 -5 0 -4 2 4 
2 -1 -1 4 5 2 -9 -1 -1 -4 -2 -4 1 -5 6 2 
-6 7 -3 9 -4 3 10 5 4 6 5 1 4 -2 1 -1 
2 8 2 10 0 -5 3 -1 6 -2 -3 -6 3 -2 8 -1 
-8 -4 5 1 0 2 0 5 -9 -3 4 0 -4 4 7 5 
7 0 8 0 3 9 3 2 -1 -2 -4 8 -3 -7 -9 10 
0 2 3 1 4 -3 3 4 -1 -1 0 -5 1 -3 -1 2 
0 -3 -6 1 3 1 -3 1 -5 -6 -1 1 3 3 0 2 
-5 1 -2 1 1 1 4 4 1 5 -1 2 -1 1 6 -4 
-3 1 1 3 -3 -5 0 4 5 -6 1 -5 -4 -4 2 -3 
-2 -3 2 -2 2 6 0 0 0 -5 2 5 -5 3 5 0 
-4 2 1 3 0 2 1 1 0 -3 0 2 -4 -2 -4 4 
-4 2 3 -1 4 -2 3 3 0 -4 0 -1 -1 -2 1 2 
2 -3 -5 0 5 2 -2 5 -5 -3 -2 2 5 -1 1 1 
-3 2 -4 2 2 -2 4 5 3 5 -2 0 -1 3 7 -3 
2 0 0 2 -4 -5 2 4 3 -6 1 -8 -1 -3 4 -1 
0 -3 3 -4 4 6 -1 0 -2 -3 -2 2 -7 2 4 2 
-7 3 4 4 0 1 3 -1 -2 -6 2 5 -2 -2 -5 6 
1 3 -1 2 5 1 2 2 -1 -3 0 -5 -1 -4 1 0 
-2 -3 -5 -2 7 1 -4 2 -3 -3 -4 0 2 -2 1 0 
-5 1 -2 3 -2 0 5 5 3 2 2 2 0 2 4 -7 
-2 4 -1 5 -4 -5 1 4 3 -3 5 -4 -6 -5 6 1 
-2 -3 3 -2 -1 8 1 -7 -1 -4 3 1 -3 3 6 0 
-1 1 3 0 1 1 3 -3 -4 -7 1 5 -5 -5 -3 5 
5 3 0 3 9 -10 7 1 -10 1 14 -5 -2 -8 9 3 
1 1 -5 4 0 10 -12 7 1 0 -5 4 5 3 4 -5 
2 -1 -1 11 -12 4 10 6 4 6 -10 -4 4 2 6 2 
9 3 6 15 4 2 1 10 0 4 -8 -6 -4 2 -6 5 
-5 -3 7 0 1 3 -5 2 -6 -10 3 12 -2 5 0 2 
10 -12 5 -1 -1 7 5 6 -5 -7 -5 5 -7 -4 1 6 
-2 -3 2 3 7 1 1 2 -4 -4 -1 -5 3 -4 6 0 
-1 -2 -5 0 7 -2 -5 2 -2 -3 -7 2 7 -1 2 0 
-4 4 0 3 3 -1 5 8 6 5 -3 3 -2 2 3 -4 
-3 1 4 3 -6 -6 4 3 0 -5 1 -5 0 -3 2 -4 
-4 -5 6 -5 4 5 0 -2 0 -5 -2 5 -7 2 2 -4 
0 0 1 2 0 -1 3 0 3 -4 0 5 -1 -5 -3 8 
-4 7 6 3 -2 -5 6 2 -13 0 0 11 -7 -11 5 -9 
-12 -3 -8 -9 4 11 0 -2 12 -3 -10 -2 10 3 3 -22 
-21 -7 1 -9 -3 -4 13 5 7 10 11 6 8 -5 4 4 
-2 1 -11 4 4 1 -7 13 23 -12 4 -13 -7 -12 -13 3 
-3 -1 -4 -1 3 7 -3 -7 -1 3 -12 26 -13 5 8 1 
-6 11 1 1 -1 -7 5 -1 7 3 10 4 9 6 -13 7 
-2 5 -2 1 6 -2 4 0 -2 -3 6 -8 0 -3 5 3 
0 -2 -7 2 2 2 -6 0 0 -6 -7 1 5 -2 5 3 
-5 5 -4 7 -3 5 4 1 7 7 -4 1 2 -2 6 -7 
3 1 1 3 -2 -4 1 1 2 -5 -4 -4 0 -2 1 -1 
-6 1 -1 -2 4 5 -2 -3 -7 -8 3 4 -8 3 4 3 
8 -5 1 2 -2 2 1 2 -3 -2 -3 3 -1 -5 -2 6 
-4 3 -4 5 -2 -1 -1 1 -8 4 10 -19 1 -11 9 0 
5 -7 -1 3 2 2 0 6 -7 -5 -7 8 13 3 0 -3 
1 -1 -3 9 -2 -5 6 10 1 7 -5 -7 -4 6 19 2 
2 10 -1 19 9 -2 4 -1 6 0 -3 -2 2 2 3 1 
-8 -1 8 3 -4 7 -3 -6 -9 -13 -2 4 -2 4 5 3 
8 -11 -1 5 1 9 1 7 -18 -9 -3 1 4 0 1 8 

