-14 277 406 -97 -297 -300 -228 -312 -461 -202 473 -239 -83 600 427 261 
62 34 -79 -20 30 -16 8 -73 59 7 36 -24 -40 -45 30 68 
-53 14 5 56 78 -66 28 29 -66 -6 -62 -84 -54 34 2 28 
-92 -30 -56 -44 -4 -80 -13 -14 -40 -49 -31 33 107 -25 39 -58 
47 51 -39 -93 15 -75 -60 52 66 33 26 51 7 -35 59 2 
-86 -49 -64 -26 -32 -49 -16 -76 0 0 0 0 0 0 0 0 
32 -73 16 42 75 113 -25 88 -68 2 -10 -52 97 -13 -4 -88 
-94 75 -30 122 -80 61 -2 -25 -30 100 -25 12 -20 71 -49 -130 
14 34 -141 43 97 -45 -5 10 -36 -44 111 -70 53 -12 -31 -45 
-53 -3 62 -38 85 49 62 44 50 6 -73 23 -9 93 123 -40 
-42 126 73 -32 -80 56 -7 0 0 0 0 0 0 0 0 0 
-29 1 64 -31 -79 -162 -18 -26 -49 -137 -46 -10 -62 -102 -30 -109 
-10 -28 74 -73 129 61 -87 78 -192 49 126 -20 86 95 -146 50 
1 22 -36 58 57 -18 -22 -73 -77 -14 -26 37 54 -75 45 -40 
9 5 31 -62 -91 -15 26 76 71 -108 -191 2 -88 -73 36 3 
156 -92 57 -62 -140 -157 -71 117 92 50 -146 -19 2 96 93 45 
-91 39 -234 -55 46 172 34 -94 0 0 0 0 0 0 0 0 
-165 -45 39 30 7 6 28 -79 42 -41 -79 -63 -75 157 95 -42 
58 -32 -6 -82 -42 107 -60 113 -59 54 63 -44 51 -139 22 18 
-139 -2 -71 108 51 -49 34 15 182 20 101 -6 91 175 27 88 
-21 -81 -46 -23 96 -23 -32 90 -109 -9 40 129 5 -103 16 -117 
52 18 -116 80 26 31 100 15 -86 91 -24 -92 209 106 -56 15 
120 -109 -74 -93 -130 24 40 42 0 0 0 0 0 0 0 0 
99 -138 60 -170 -340 -11 -41 -133 66 149 114 -103 179 -92 -12 -46 
-68 -103 139 -41 -101 -71 -61 -74 -56 -21 -82 -86 -121 26 -128 -183 
-89 174 -85 -21 202 42 63 6 164 -123 114 -17 23 -26 85 -127 
113 75 -54 81 0 -161 75 115 -265 15 -117 -159 -20 199 178 -126 
-45 95 148 -153 -59 -99 95 65 104 -54 91 113 -132 102 -76 -34 
-52 -201 96 173 50 39 104 95 33 -137 96 153 -126 29 -65 -9 
69 94 -181 149 212 -208 -84 218 -239 -177 -88 10 -142 32 86 -150 
-127 -260 -135 -195 -42 -14 -162 95 83 173 181 -141 -35 -188 -111 -239 
49 25 -143 -166 0 -295 -187 -211 45 196 132 -124 -54 -58 -159 -98 
-228 -178 126 -276 249 298 -175 39 75 -9 95 18 67 -124 24 255 
165 -12 151 -108 276 247 82 -203 -196 342 -19 18 251 -122 -132 -78 
-280 57 103 -128 132 190 -25 5 76 99 -124 -53 161 257 -14 -104 
94 -40 -66 -184 -277 -312 46 -142 -88 -233 73 70 95 59 -271 -68 
-22 -104 -159 4 151 -57 163 -142 59 190 -44 -108 -11 -140 -177 -78 
-292 -10 15 -17 -87 -117 -80 117 -359 157 -37 -249 30 72 183 58 
-37 32 79 -87 53 13 192 -5 -279 56 25 -137 173 93 -176 -36 
117 -170 57 -75 -230 -20 -179 -75 42 -100 121 -153 184 135 124 -171 
-144 90 -210 128 -145 -116 187 -172 129 32 90 -142 188 -30 132 -41 
99 12 -15 -137 47 81 -12 -78 -77 -38 -43 -84 179 4 25 95 
125 37 63 76 170 174 -88 -27 79 62 47 -49 3 -38 77 -14 
18 250 -6 -5 -4 -19 -25 34 1 -117 -60 71 14 -158 -76 -103 
-66 62 179 61 -46 78 102 93 64 -94 -37 -92 39 -137 44 -72 
-111 74 54 -123 75 -30 42 -59 51 29 3 -80 38 64 -59 8 
26 -126 -2 190 -68 26 71 -20 -34 -101 75 -141 65 -25 -65 74 
42 -35 -150 86 27 -31 61 92 -21 -55 -55 40 -93 -99 -39 -3 
56 -103 21 -24 -96 -50 -45 -108 149 132 87 -51 171 73 7 -21 
-72 -65 -47 97 47 75 135 11 10 115 235 -73 9 -69 -120 11 
137 103 -129 -54 114 101 -67 -70 -115 42 28 -35 -73 -11 4 3 
-126 35 -52 19 173 -38 -48 -16 169 84 41 -125 -25 49 -64 -24 
43 -66 59 127 58 54 -80 20 -70 -123 -133 -86 78 -18 -40 62 
-11 -27 35 62 -27 52 -37 -51 22 -31 -92 139 102 -32 -22 100 
59 -87 43 -2 18 -47 -11 148 79 98 160 -26 152 -183 43 76 
-128 -66 -56 -119 16 -88 55 105 -21 107 122 136 -47 29 -105 -63 
-155 42 22 112 -21 71 69 -53 29 76 -134 208 -120 24 -41 108 
-60 -99 28 28 -49 45 -76 124 22 -22 -95 29 124 27 -33 -79 
-9 -72 14 48 -78 -128 165 70 48 -170 -12 28 -11 69 10 53 
-85 -77 63 -64 -24 5 158 19 -53 -88 59 -79 43 76 26 47 
40 -19 -12 -57 -94 -121 -71 -70 -92 -15 3 -81 -28 79 -41 36 
-48 -183 61 -23 -60 -80 55 -41 141 -79 41 -66 -16 2 -64 22 
3 -6 85 -68 -52 24 -99 46 15 109 -81 35 133 -108 1 -85 
24 -117 78 31 4 32 -101 -23 -50 -89 -205 -29 -22 74 -17 -14 
57 94 34 -36 83 29 -78 57 37 -29 -3 154 -61 11 18 85 
80 155 -39 -66 73 -78 23 -70 -25 -60 33 -35 -36 -22 -119 -29 
-13 -3 74 -60 37 -94 -18 215 -40 -109 -77 7 88 6 -21 -88 
46 -25 -11 36 30 -55 -24 -113 -9 -13 -80 63 -137 -160 154 77 
6 19 -48 40 9 -49 2 -9 -32 118 9 -20 52 -4 61 35 
42 67 -101 -13 -76 43 -107 24 -59 86 -113 -124 30 83 23 -76 
-18 196 -82 38 146 -141 0 96 -38 -95 -4 -31 46 -112 13 -109 
-77 131 100 -65 -6 75 12 37 -41 107 -27 -61 -11 -18 15 -92 
100 82 140 43 -103 -69 80 -100 -57 117 3 -110 9 -95 5 10 
97 -58 7 -17 -16 38 -63 -9 56 44 52 186 -110 55 -137 43 
48 -54 -166 71 82 -25 -94 -7 -61 103 -24 -48 78 14 -16 -1 
101 -44 37 153 -16 44 -121 -33 57 -35 36 -96 21 13 166 74 
49 92 -92 3 95 80 -105 4 -104 111 -162 78 114 -46 -56 -32 
-65 39 -54 72 28 -19 134 14 34 -82 8 -71 149 7 -54 -84 
-27 -130 29 -149 -51 35 -106 -60 49 47 -40 -15 85 87 69 -38 
53 -11 106 9 173 -96 65 -62 -18 -143 -129 -130 87 64 -25 2 
52 -48 -64 -142 78 -134 -142 8 -11 122 -49 8 -137 196 36 19 
134 25 24 159 104 -33 -113 -96 -90 138 14 173 -3 7 3 -92 
-73 -21 -75 -16 91 -82 -20 98 69 55 -5 -69 -27 64 29 84 
-47 33 68 -108 93 -9 -154 -30 -137 2 -49 1 -142 -68 -109 -117 
-97 18 60 -29 -87 72 80 54 -73 18 -111 23 72 33 59 110 
14 42 67 -30 45 -54 -13 16 -9 28 -56 -50 -29 -63 -4 70 
-58 157 -101 1 72 -136 60 45 72 -91 -24 79 67 118 78 -121 
25 -9 44 25 -8 1 177 -45 77 34 74 -85 24 -24 -82 -66 
-75 12 27 33 -50 67 -55 -109 -83 -26 -65 101 -52 64 38 207 
-119 48 -79 89 57 -68 -101 158 38 5 69 10 102 -25 74 52 
124 71 -9 42 5 170 163 -5 -66 99 21 -34 -30 9 7 -50 
-29 -48 -82 68 30 -11 -37 -44 139 -91 -96 53 65 11 -144 76 
-26 -113 -162 -19 4 -36 -37 62 46 79 39 -43 97 -64 -24 -37 
-4 -142 48 30 -244 93 -45 -141 135 -41 -124 38 -32 -2 11 -33 
80 -18 116 64 -144 -108 -34 -19 -238 143 -84 -19 -9 -107 -158 88 
-71 -9 65 -27 68 50 105 -157 92 -12 44 5 45 -51 -123 74 
-25 75 17 -127 -106 84 7 -65 59 156 134 -75 -28 51 -19 151 
-118 -34 136 49 79 34 7 -9 114 9 17 -43 143 24 -51 -34 
30 131 55 -14 9 14 -39 5 -87 0 -5 -125 52 60 -161 54 
96 107 36 -90 40 40 177 68 -116 -23 -32 -32 169 94 -59 57 
187 117 10 132 -29 -108 26 -69 17 -19 -64 52 -134 -83 -77 -4 
-76 58 -53 65 -31 132 44 -131 -32 -48 -22 37 108 72 -83 -79 
53 -54 0 23 180 28 11 74 -66 6 72 -78 -41 -136 -72 92 
-76 140 13 -82 -72 -45 172 -24 120 -15 -115 -140 -29 -115 -15 56 
17 -117 -169 -90 69 90 74 47 38 170 9 89 81 -102 -114 10 
58 82 -57 -13 -58 -56 -78 104 -123 -148 -65 64 -13 83 139 -67 
-19 -37 25 2 84 11 -66 -6 91 -13 116 97 26 -29 -7 86 
67 -80 59 46 -5 12 75 -36 79 -121 2 -30 23 -4 -141 5 
12 -66 104 15 -83 112 64 59 69 -134 88 15 0 73 108 -100 
-54 5 -73 -42 147 104 109 -23 -28 65 33 -41 -106 90 78 64 
56 12 114 -51 -83 -30 88 -114 119 -6 49 56 74 -27 101 -68 
-45 -78 3 81 42 -1 97 -29 -101 -114 43 -92 122 -25 4 -86 
33 -104 -108 -95 -80 -20 5 -69 -85 -87 107 -110 -1 34 -44 83 
-32 -21 -18 4 23 -72 12 -10 10 100 -49 -93 -91 8 -23 -61 
-81 54 -69 4 66 10 -31 75 87 59 42 11 -8 -120 43 -115 
104 135 -68 -113 -36 221 39 19 -32 -46 -52 -9 -9 -60 -26 128 
71 117 116 39 43 105 -99 178 104 55 -75 44 11 -108 -266 -104 
-22 -54 -149 -63 89 -17 66 -131 17 24 -32 -41 -96 -63 17 155 
-105 4 -95 -11 -103 97 -61 30 25 -117 -42 -13 98 36 8 54 
121 20 14 71 65 105 67 63 -61 -144 66 -144 -66 35 30 -96 
-111 -29 8 -60 -34 -13 -40 103 -40 55 54 -129 35 52 90 -189 
-25 34 -46 62 -86 46 53 -45 2 -10 -13 -47 83 8 -12 165 
-124 -80 -26 -160 -109 58 -35 20 17 26 19 -95 -40 56 104 27 
141 -104 15 123 -65 -71 -130 144 145 78 -126 -24 -71 74 -53 -48 
123 10 -50 87 -1 -83 -24 -28 16 -95 -62 6 -106 116 -3 -9 
173 -10 -38 104 28 78 -38 -67 110 -84 19 -116 -81 -124 33 -92 
20 15 63 -74 -55 -155 -1 -115 128 -8 118 59 124 -49 61 28 
-199 -8 44 -82 -14 116 -34 32 9 -61 21 36 -37 25 75 -127 
74 58 97 47 -131 55 -31 141 176 -129 -41 114 -101 5 13 -2 
-122 -94 -59 39 71 -63 1 -118 -171 -1 -60 -61 -7 11 76 -46 
18 72 1 -12 13 8 -100 -101 6 -181 -94 22 -105 -89 57 -55 
133 -140 -61 124 4 24 62 -91 -104 -111 -134 -43 143 33 87 0 
-203 197 39 -113 -90 -171 47 -32 48 127 98 -200 8 91 -140 245 
149 -76 100 180 116 95 117 -46 -42 1 -99 -96 13 50 148 -76 
-117 125 -132 -217 -175 -44 -31 -46 98 -5 93 -120 76 -10 22 40 
-61 -195 -35 85 -46 115 206 203 -38 88 -44 -186 -96 -193 -67 201 
-104 39 -216 -158 20 17 -14 56 -144 -121 -130 208 75 39 87 -86 
66 175 -7 44 -171 141 -84 -23 -7 9 -201 22 -32 263 105 -105 
47 125 -71 100 -177 143 -31 168 0 0 0 0 0 0 0 0 
-144 -54 -14 -31 -102 70 106 39 -118 18 64 128 60 237 -43 37 
-16 235 47 156 219 -158 -57 105 -57 -106 -41 257 -294 -13 178 -156 
-159 62 -223 5 -95 -37 -149 4 213 -162 33 247 -15 -13 -169 144 
87 -25 75 -30 -274 -63 95 121 153 299 -8 25 -70 13 48 141 
14 73 98 -37 100 84 295 72 87 -302 -189 -277 -125 -97 21 161 
-100 77 -226 160 -265 -110 73 -40 81 62 63 -66 -28 -114 -209 -80 
-150 82 83 -123 46 -198 267 -261 245 -145 36 -23 -181 -125 -295 84 
-146 -273 -37 -179 -8 244 133 129 0 0 0 0 0 0 0 0 
-182 164 -117 246 -115 104 -250 -142 -343 15 -206 110 88 224 162 -190 
110 70 -167 201 108 -98 -9 44 -129 -165 56 227 145 -53 -16 115 
45 -34 -77 -96 68 -194 11 -100 84 -171 -24 -192 61 -56 82 36 
38 83 13 38 148 -29 -135 40 41 -57 -53 87 -72 94 -12 278 
-61 -103 -34 -190 -19 243 -46 77 -84 -10 65 32 -12 184 296 -97 
-51 45 253 14 81 29 92 187 -89 3 -268 -25 -21 -206 49 45 
-212 238 201 -136 197 -349 189 -40 160 -50 -235 -79 -171 -114 -88 -67 
88 -149 7 -140 125 66 -137 98 0 0 0 0 0 0 0 0 
-78 -2 29 -159 -23 -79 40 131 -21 -78 136 152 29 -97 55 34 
27 -101 13 178 -58 3 -22 -3 -100 -81 -15 -57 88 28 -107 -2 
229 -102 26 -47 -135 -86 -139 9 -42 -34 -87 77 3 -104 90 12 
-116 118 52 -98 117 -8 35 68 -108 14 -45 -26 -59 -87 -16 -129 
125 15 -64 54 129 185 -39 61 13 -90 -91 -189 261 -126 41 -29 
57 21 -52 -15 -29 -48 -28 129 -10 -168 67 132 48 -123 -106 -155 
122 -41 -16 -107 -103 -68 -58 39 -206 -85 56 -96 51 -53 82 -25 
1 86 -103 -43 -92 33 73 -243 -101 -61 99 -49 29 -140 120 -54 
-59 171 146 77 -71 68 48 -138 -82 -97 -29 -152 -67 -176 0 9 
170 97 153 -108 171 80 -108 154 -117 -23 -66 46 -79 48 -33 73 
-88 -77 92 128 147 67 186 39 91 21 -107 -74 143 30 67 7 
-80 -200 187 -116 188 -106 5 3 34 34 29 108 76 -26 63 -106 
14 -69 11 73 -99 -166 -99 -44 116 -146 105 0 18 -192 -134 -14 
82 -5 89 -69 -61 -120 -54 39 -163 98 -23 -81 63 60 -78 48 
85 -28 -130 10 -61 60 129 43 167 -13 121 138 -92 -64 -127 53 
40 96 -112 88 140 -1 63 -42 -116 -23 -39 -76 67 -144 -10 -184 
24 18 -24 107 63 31 -51 54 -80 163 -38 -64 -90 85 -15 147 
-101 41 -65 104 -115 -36 143 79 -44 -85 -31 -137 14 -149 -63 21 
29 230 11 -171 42 72 -70 8 61 -41 110 1 -110 -145 222 -139 
-112 -99 -142 77 -3 -13 -96 -76 31 -196 169 -127 -64 52 -23 4 
135 12 67 1 -89 -137 55 -213 -4 -41 -37 28 -24 -17 4 74 
-173 167 -38 184 62 1 -54 56 -15 55 19 70 -99 -128 131 60 
-63 42 128 -88 190 -124 42 -66 63 25 65 8 15 -80 23 -31 
60 -83 52 -87 -41 -40 105 16 92 66 -216 89 140 83 4 85 
-63 -13 38 -108 117 123 -53 135 32 18 111 123 -32 -50 33 36 
-218 24 -5 54 44 35 -98 -103 55 -48 120 74 76 37 -34 -44 
-129 33 73 -74 -64 -123 -33 -68 -109 -41 -118 -235 38 74 -38 -109 
50 33 95 -55 -4 -77 111 75 88 -92 -87 35 151 -12 211 14 
142 122 3 -64 69 101 173 128 -65 -103 -114 67 29 -24 88 78 
-69 -73 -195 -156 100 -3 74 -56 -103 -137 -40 50 -37 118 -57 -38 
151 -62 140 -103 46 -241 -79 33 14 -41 33 -3 97 9 46 -65 
-81 -78 -3 17 11 -31 38 -16 -49 -19 24 4 25 58 -78 11 
-10 -30 -27 -32 -71 -70 -15 -20 -2 -93 -119 -51 -108 13 -37 -64 
-26 -10 11 19 36 -17 -105 20 -38 4 141 -41 -77 -87 45 -55 
-8 19 131 -87 -41 13 3 149 -1 -61 -32 2 94 -26 64 -77 
-4 -11 -24 -156 -102 51 -36 42 74 22 99 -73 7 -47 39 71 
-61 -47 -37 89 -6 37 146 138 118 -133 58 52 26 64 -111 17 
-27 48 86 -71 176 18 165 -32 -34 -114 -17 -1 -54 -13 -17 -26 
-30 -170 -158 -13 -146 -130 112 50 -64 -2 100 22 46 95 89 -30 
-15 28 -56 -16 -45 -70 -189 31 -29 -84 41 6 -169 172 -105 -15 
-118 17 -8 -63 -16 -34 -190 12 29 46 -63 -89 -123 -129 30 87 
-47 -9 -100 93 -166 -58 -122 -77 8 -106 -40 36 -110 152 -2 76 
83 -5 -23 107 -7 -46 117 -59 87 -68 81 -44 21 53 87 -53 
47 72 12 114 121 -18 141 -31 -119 68 61 -51 33 -125 -44 -67 
-108 -41 29 89 138 -41 -160 16 112 13 70 10 -2 -39 20 -25 
-47 147 -118 -83 -110 104 90 -130 109 -81 177 62 16 -63 -32 -73 
-16 -49 -7 -28 16 -50 138 -69 51 163 53 -14 -220 -24 -235 -38 
-6 121 164 60 -4 -34 -107 12 -2 110 -54 112 -170 106 12 74 
-19 131 19 64 -47 -78 54 -92 94 -42 -124 23 -48 -56 24 31 
130 -164 127 -39 39 82 61 -106 93 22 -85 187 91 -105 52 -12 
-40 -111 19 -78 -193 32 94 -104 52 60 9 -3 75 92 -18 100 
29 -65 -68 17 99 -170 -43 -138 48 -1 -68 -7 16 64 81 -112 
101 -123 76 -151 45 1 -53 -133 -69 -138 -67 14 -144 -32 23 92 
-165 5 -50 106 -131 -30 90 25 -87 38 -48 69 -12 167 46 -59 
-40 74 13 -9 -7 -132 -100 -35 14 167 -64 -29 10 -123 -25 -41 
8 -84 -123 14 -170 -56 39 -42 14 -6 -48 86 -92 63 -52 2 
31 -39 110 -21 188 132 73 70 84 -99 -130 -54 16 16 -32 -37 
115 -37 -14 -11 -10 97 -32 174 -24 124 96 -36 105 116 -60 65 
-12 112 -63 -16 18 46 -166 5 -63 125 -74 -42 -62 43 33 42 
42 -119 115 20 19 -119 -132 -68 50 -183 89 -62 76 85 36 -39 
-115 32 -173 53 44 60 -15 178 4 -121 -29 42 -35 102 -69 -78 
56 67 -172 -137 88 -14 31 -85 29 85 0 80 -100 -8 -124 -71 
-110 7 91 108 20 58 11 -76 1 -173 143 -65 135 -160 11 -53 
39 132 -64 39 5 97 39 35 -64 129 -21 -12 41 -41 34 43 
33 -43 53 -47 34 42 35 139 49 84 -68 40 -7 -27 -58 -58 
39 -105 -25 -2 24 48 -53 -53 0 -48 61 135 -3 40 31 24 
1 70 -31 -3 -7 -70 54 -24 -48 15 -67 -45 -10 2 48 -22 
-106 -21 40 -8 -88 23 68 -22 30 58 -14 71 3 75 0 -144 
-60 10 -20 40 22 11 76 36 -82 10 -60 -19 -32 -39 95 65 
-3 58 48 -20 104 -107 23 19 -1 124 -51 -7 -52 -13 29 47 
27 -94 24 52 -36 -62 16 18 59 2 -30 89 -61 36 34 33 
108 -5 41 22 -64 14 -31 -16 -58 41 24 18 -103 56 6 -10 
108 56 13 21 33 -47 51 64 -42 44 -85 88 -22 -25 71 -43 
51 -11 -20 124 -16 26 17 -70 -18 18 39 61 -76 50 -56 32 
47 8 -19 -57 89 36 48 39 -43 37 -34 19 -127 -22 6 11 
-17 1 68 -50 -121 -103 -82 37 80 -63 48 41 -65 24 47 60 
76 11 -7 -15 -10 -97 17 -38 -39 65 -36 67 -59 -14 -27 60 
121 28 72 75 46 2 -101 0 -49 20 -21 -66 18 116 -77 78 
119 29 62 64 -31 14 29 26 -50 -23 48 -29 98 39 -63 -17 
-11 37 21 27 44 -46 -5 102 13 -37 17 -55 5 70 -37 -26 
11 22 48 -22 57 68 -48 7 -12 38 20 41 0 -159 -6 56 
-20 50 -61 -1 -7 -5 41 197 5 -87 -37 158 -6 -45 -32 116 
-67 -19 79 119 -24 -41 -80 113 -54 -32 47 37 -24 -7 -37 -38 
-9 26 -37 29 29 -43 12 -132 -76 -66 -46 -14 -13 39 127 -48 
8 35 89 -39 -69 47 -34 74 6 21 -86 -73 23 -106 102 42 
34 24 5 0 -61 -29 -4 -132 59 41 144 11 -51 61 -11 -79 
-105 22 60 10 -29 -34 -126 -45 -81 -88 -78 113 40 94 64 -28 
84 88 -116 -27 -3 119 36 -136 -72 -89 -20 -42 -39 -71 -42 73 
20 -45 -32 -39 105 -81 41 -85 -28 -2 -54 -30 -104 -35 140 -131 
33 40 -35 -9 -1 -47 -81 9 -170 -80 47 -135 144 93 89 22 
-37 25 -74 97 -37 31 -66 -58 -81 -17 -78 12 -56 -93 42 -12 
38 66 5 29 158 118 -25 -108 56 -14 -23 45 -24 -40 -75 36 
-69 -111 -41 87 -13 81 66 -39 -111 74 -51 114 -68 13 60 23 
34 54 21 -45 -90 31 -71 -84 -97 -77 139 -49 31 -38 -3 44 
171 -168 -55 89 -42 42 -102 -50 -84 44 90 19 12 1 119 -43 
-19 -53 -21 -55 -133 -28 97 29 27 -85 53 21 18 95 -23 -34 
12 30 -118 7 110 -157 -34 -182 -78 84 76 -42 5 -111 -36 113 
-62 80 -126 100 17 6 -22 -80 72 -94 -25 -38 -48 43 -23 -31 
0 -12 -80 -23 25 88 -61 66 -1 48 -109 -51 -43 37 -16 13 
-82 29 45 87 10 41 -57 68 52 -24 -63 -109 -56 0 -22 35 
148 -17 123 120 -20 56 61 -114 -26 11 -106 -6 43 31 37 83 
-27 58 -22 61 32 -85 51 167 54 15 -86 119 -39 57 71 -51 
-34 -6 -76 42 -40 82 -88 48 -16 -29 -19 21 30 93 108 30 
63 18 -8 17 -128 60 -50 56 37 -114 1 72 -4 1 -16 46 
97 67 0 91 7 107 123 -8 -11 -126 -1 -93 40 62 82 -23 
32 -3 -14 9 78 25 61 -88 133 6 -32 104 -22 -86 -1 33 
-17 5 -5 56 -56 -63 49 36 56 66 55 21 4 1 18 -13 
75 -19 130 64 70 139 7 -67 59 -96 -111 19 -16 -18 -86 -88 
-82 -50 -22 60 51 -78 29 -12 39 -23 -47 0 155 3 -47 -8 
-43 102 53 -45 100 84 23 91 -47 -94 21 -139 45 15 64 -66 
58 72 39 9 -6 131 19 36 16 -28 26 62 -39 61 13 14 
17 25 69 6 -18 134 125 32 4 174 -63 -25 95 -100 40 -22 
-54 -56 155 32 -6 65 -46 42 -32 -95 22 8 8 43 -15 -35 
-5 43 58 -151 -27 31 113 -17 59 -15 -58 67 -49 -22 61 -59 
2 24 13 -89 -67 14 15 70 36 31 61 -87 143 114 121 30 
7 7 43 66 34 10 -22 -63 19 35 -112 36 10 -23 25 79 
57 -9 32 -8 -86 72 35 -25 24 -153 1 99 -18 33 10 -43 
-6 274 -25 -143 -69 24 48 -30 -19 27 -150 113 1 42 -242 -53 
-8 113 54 -46 64 47 -69 2 -161 85 -30 54 16 147 -49 91 
-19 -35 -25 48 -151 -63 -41 33 113 -117 50 -135 82 -161 -49 55 
-180 -58 61 50 -27 144 43 -118 112 6 133 94 32 -266 126 -67 
-113 -117 70 15 -7 38 102 -19 -15 32 -107 -135 -80 -83 -42 -34 
-22 -49 4 -47 126 -29 -40 160 16 158 94 104 -105 1 10 -58 
2 -7 -13 -109 62 -102 29 -72 -88 22 6 -98 -98 -129 32 -88 
33 74 -78 79 61 -205 -121 11 -74 5 -137 -66 88 -33 98 -128 
61 -49 -49 148 126 55 -122 -65 10 -32 158 139 128 19 116 -21 
47 143 4 44 -87 132 -16 115 -20 0 140 -58 34 -72 -106 -54 
37 90 28 15 -27 17 -135 42 -94 -118 104 -68 55 -60 35 101 
-159 -50 37 126 -112 39 13 -128 52 15 -23 -108 -95 -85 -42 3 
129 -52 -83 81 138 -93 -6 -130 40 -32 60 81 -122 -9 -111 -40 
-35 99 149 91 -19 -71 -19 10 -148 -60 29 -143 134 55 3 2 
-175 151 64 -127 178 -10 84 47 -71 11 35 -86 -14 -66 53 -161 
-123 -17 60 -102 81 -86 -127 37 82 43 -48 -52 37 -164 -27 -18 
126 33 151 -5 -64 118 8 -9 -27 -188 110 121 -137 76 110 12 
99 53 -61 -132 -99 39 61 -48 -152 149 -159 82 -86 105 89 -116 
11 -45 11 41 -24 31 62 -55 -57 26 50 -57 8 58 -64 28 
-25 12 6 10 -35 18 85 17 -21 -18 38 63 -15 -5 -79 56 
-25 -47 73 20 45 -38 -9 -32 -9 56 11 35 -15 -6 19 13 
61 20 18 119 0 -25 -50 -2 4 -17 -13 -24 -89 -70 -58 -1 
-73 20 14 1 9 -18 -15 -45 1 -36 16 -4 29 -32 3 43 
-18 11 -9 -50 8 14 55 -23 -42 46 -21 -72 -47 -28 41 10 
-24 15 12 -19 45 -56 24 -21 -40 21 -73 125 20 -25 15 -3 
86 -57 26 49 -64 2 -85 26 135 26 27 35 37 -7 -8 0 
35 37 16 -67 7 5 -25 38 26 2 -10 40 -28 -98 13 10 
32 68 15 -19 36 -100 -27 11 41 -18 34 27 -30 5 75 -4 
-38 3 28 5 -44 -19 -24 92 -3 38 19 -56 73 -41 -11 -17 
-110 0 39 -21 60 55 21 42 12 17 13 50 47 86 35 -49 
0 -70 8 -38 -46 -29 18 71 -2 -49 -13 -30 14 73 12 -21 
-9 64 -22 -29 -29 10 15 -4 16 -18 43 7 63 19 114 28 
25 -37 88 -12 58 -6 -34 93 -2 -31 68 24 13 65 -45 119 
2 34 42 -3 6 4 20 -54 47 -2 44 -6 18 -57 91 6 
-35 72 53 -4 96 18 11 50 -1 1 17 9 -5 -45 -30 27 
14 2 2 44 11 -9 -65 6 -34 -8 -9 -13 27 -24 -44 -27 
-6 2 66 70 -1 -63 44 -53 12 66 -14 -11 0 27 -2 2 
26 35 -67 -21 30 9 -4 2 -2 64 70 53 -33 19 -26 -35 
23 36 -30 -2 66 -1 12 -53 -27 16 -49 -22 27 -30 -11 -25 
60 67 -8 92 -12 75 71 -24 -30 -102 16 -18 27 15 -42 107 
7 -47 65 -1 -29 8 10 21 -19 16 -27 -11 -37 19 -12 -29 
58 -35 -55 1 -11 38 19 48 43 58 13 61 -53 86 8 20 
42 -7 117 -57 31 13 87 5 0 11 68 -22 -61 -15 -31 -73 
1 -54 46 -27 -6 30 73 0 -63 73 29 61 40 20 33 44 
-35 3 9 -23 30 96 29 -69 -26 44 -15 3 67 36 43 -53 
-5 -5 40 14 -30 -69 -5 22 25 34 2 21 13 -77 -95 19 
2 -8 1 -61 18 3 13 46 8 -46 88 58 21 19 3 16 
28 76 -60 -20 -29 62 -2 -12 -86 -41 9 -28 17 11 -18 -11 
25 -1 39 -93 25 -2 -5 7 -16 -30 -17 17 20 10 78 -26 
-40 1 22 -124 -21 28 47 -31 -16 -40 8 17 41 -25 -23 -94 
58 15 -38 28 13 8 20 -36 -78 29 29 -3 4 17 -61 75 
72 -11 14 7 54 28 35 -12 45 -51 44 0 14 43 36 -14 
-43 51 -64 -3 58 -17 -56 -35 43 63 -20 -33 3 12 18 4 
-7 16 16 -6 44 13 -26 -30 1 -19 -16 -68 14 104 49 38 
9 52 34 80 -12 -9 -10 52 58 -25 22 39 2 -27 26 -60 
-41 -64 -24 -85 26 0 4 36 32 -18 -66 71 58 -86 -62 -43 
13 6 -39 -21 11 86 33 53 -10 42 -76 48 31 17 -27 43 
-77 -12 14 15 33 -54 4 -4 31 -30 -4 32 -57 23 -18 33 
-29 1 -15 -62 0 59 -38 -33 -11 28 37 4 -102 60 -10 36 
31 -68 13 11 36 69 13 3 24 32 -9 -17 23 -58 -77 -38 
-21 -18 -35 47 4 23 26 30 137 21 21 -49 -50 -15 96 57 
23 -31 10 4 -48 -34 51 45 23 44 -38 16 -1 -11 27 -13 
69 30 8 -34 44 64 39 43 -5 24 -25 -30 -33 85 8 18 
-13 -39 -56 -75 27 55 2 -83 4 13 -38 -24 2 -54 16 27 
26 6 37 -68 17 58 -54 -6 37 31 28 5 -41 71 -25 92 
-10 -25 46 47 52 32 27 -22 2 54 -28 49 55 10 -87 41 
6 50 -20 22 9 -6 31 49 -51 -64 34 69 18 -2 -16 -30 
33 35 9 -6 -34 -50 39 19 -9 12 31 -46 -39 -12 11 15 
-24 -32 23 -9 -77 -36 52 -34 -43 -35 24 -3 2 -68 13 29 
6 52 -62 6 -15 -28 -11 64 46 73 -66 -38 24 -77 40 -41 
0 -28 -30 16 -87 -16 -16 -42 -47 48 -13 30 -7 98 50 15 
6 -12 -25 87 -71 17 20 2 3 -6 -43 53 -35 34 27 -14 
-51 -9 -40 11 37 56 -2 26 23 23 6 8 -27 16 20 -12 
93 -54 53 -12 -29 8 -46 42 39 26 -67 -18 54 8 49 64 
18 15 17 11 -34 78 -14 76 -22 30 -23 -31 54 -25 111 -42 
-6 42 -30 35 0 -13 -28 66 99 -15 74 -24 -29 22 -11 -88 
27 84 -20 -19 60 18 54 12 78 7 4 12 -19 55 -26 59 
41 -5 31 7 -7 20 62 35 -46 -46 -42 -46 15 -71 -16 -11 
4 -6 -44 27 -52 -37 10 43 33 0 -46 43 -12 18 -49 30 
-55 18 -39 51 -18 1 48 10 45 -61 12 -26 -19 -55 24 -15 
-83 42 -16 39 17 -19 15 -73 -26 -16 -31 -8 1 -15 37 -30 
30 56 34 -30 25 100 -37 -5 41 34 -52 17 -48 -85 51 -31 
17 -1 -2 37 -29 5 32 -60 47 9 -49 -17 -58 2 -27 -5 
-31 17 -37 23 12 14 41 26 128 -5 -72 -30 -12 42 1 -54 
-3 39 -16 -41 -52 -14 -11 28 51 14 35 22 -28 16 -16 71 
25 -63 -51 15 -32 -4 -14 69 -1 -17 63 74 17 14 -1 32 
-52 18 -23 26 -36 28 23 -21 14 22 -3 1 30 1 28 1 
-102 -24 20 10 -23 -17 -45 10 59 40 -47 -43 13 15 51 14 
51 -4 -14 15 27 -35 26 -27 -19 44 54 27 13 -15 -18 54 
9 23 -11 30 9 -3 26 -44 -56 -4 -9 11 10 -48 -8 -40 
-1 -54 -3 24 -3 -30 1 13 -20 20 23 -17 -52 -8 -8 0 
15 -31 -15 -16 -6 2 -2 0 10 -30 -7 -4 13 18 -52 6 
-9 12 -1 9 14 -3 -11 38 9 -16 14 39 4 3 -14 23 
-5 1 -17 -24 -1 -18 -22 21 -29 1 -19 -7 -18 -11 -7 -67 
-8 8 3 -4 4 -42 -7 11 4 15 2 -13 -1 8 33 -4 
-66 5 -5 3 19 18 9 3 2 -16 15 14 -46 -2 -20 -33 
-22 10 22 -52 -3 24 7 3 28 -2 1 0 15 6 1 17 
3 -16 -38 -9 -9 -3 -29 6 8 -11 1 39 -1 23 -44 -17 
14 -55 -8 21 7 23 -24 20 -13 -10 13 -18 -28 24 5 -5 
-10 -52 -20 -22 -58 -8 17 -9 6 -22 -7 -31 -4 -21 -1 -9 
-39 -26 0 -4 12 12 -33 -18 7 2 27 -9 -15 -33 2 -6 
-26 16 34 -9 -4 -28 9 4 -20 1 -7 7 27 4 -20 -6 
-48 36 -6 26 -6 3 3 0 -13 -17 -47 12 -42 -34 -14 -21 
-56 5 12 6 -9 -5 28 -9 -7 -8 10 -43 27 -13 -18 -11 
-36 12 -9 9 -33 -32 27 -16 1 10 -19 -3 -55 -29 -3 4 
11 20 -12 -2 -34 11 17 -7 19 -6 4 -13 -19 12 28 -7 
-9 -7 -26 -12 -14 -28 3 -52 -7 2 -16 -1 10 19 -13 -30 
15 17 -21 15 -24 0 7 0 7 -15 17 -28 -2 19 6 -13 
-47 25 -12 -15 1 5 16 9 3 1 5 -4 0 -4 18 22 
17 -22 -8 -11 -18 7 2 -17 15 -13 -19 -23 -11 13 -2 -21 
-11 -4 7 -24 -21 -5 -23 -4 3 -8 -22 0 23 11 -1 19 
11 6 -26 0 -26 -26 -25 -32 6 0 -15 18 29 -11 -11 -12 
16 -7 -19 1 -15 -14 -1 8 -3 23 -62 14 -28 33 -9 -6 
56 0 30 3 16 -7 -20 7 -23 1 -33 5 1 8 0 -10 
-9 8 4 -23 -12 10 -4 -1 23 21 -18 24 -1 -11 -20 -21 
-21 -4 14 -2 -12 39 9 -2 -22 -3 -4 7 2 -31 -1 -22 
-38 -14 -22 23 -7 -21 18 -43 -4 -5 -27 -58 35 2 2 -24 
-3 3 2 -33 -2 -13 13 -17 -16 -48 -4 36 1 -33 6 -12 
-21 -4 -3 1 -24 -14 -5 4 -34 -5 -14 -4 -9 9 -11 -9 
15 -28 -25 -12 6 30 -11 -10 3 -11 21 -42 3 8 -6 -4 
-5 7 -47 7 20 -14 -21 9 -8 -30 26 -30 7 -14 -7 -19 
-29 -9 3 3 -34 -17 22 30 -12 -13 -16 29 -22 1 -6 -7 
-11 8 -48 6 -9 -14 34 -20 -43 21 -6 -16 0 14 -8 13 
-27 -21 -26 2 -10 -5 -27 -11 -9 18 11 -11 14 9 29 -9 
-19 -3 -10 0 10 -23 19 4 19 23 18 -36 -14 -24 -12 -10 
-23 -1 1 -19 -27 18 12 4 22 -13 -15 3 -13 23 8 14 
-10 -38 68 -24 28 41 -65 -59 39 27 51 -35 -77 -17 28 -12 
24 -37 -48 0 -10 47 25 -15 -45 -49 39 4 -23 -2 5 30 
21 5 10 12 15 -9 -59 -36 -2 1 7 50 44 -33 6 -29 
76 -14 -36 -29 -37 -2 -63 33 -12 -9 -14 28 -22 9 -9 -37 
0 16 -5 -3 23 -26 -12 -36 -4 -10 -16 -20 57 -24 45 -45 
-30 31 17 6 24 56 47 6 -16 -64 -40 19 -53 26 12 34 
-30 6 20 -31 -56 17 -24 3 -51 3 -19 -5 53 17 -3 -15 
41 48 -44 -15 29 16 -13 9 50 -32 -58 -17 2 8 -27 23 
-12 -23 22 -6 34 -22 -37 -23 -34 -5 13 -25 71 -77 50 -7 
2 6 -7 -27 4 5 -1 -27 44 -6 62 -13 -26 -10 5 13 
-53 13 -39 -47 -5 -57 -8 15 2 8 -10 22 -10 -16 -10 39 
-37 19 -38 5 17 -93 13 -44 19 -14 -11 0 82 53 20 -11 
-27 6 17 20 -19 -10 31 8 -4 19 -49 -77 -12 -18 -28 43 
-11 -9 0 37 -36 -3 -48 6 0 -35 -5 21 -1 7 30 -9 
-3 41 -60 -11 -14 -35 10 -2 20 11 49 -28 -71 -63 -52 42 
-8 38 12 6 27 17 31 3 -40 -11 -12 24 -44 65 7 5 
11 -43 64 -11 28 6 -48 -47 7 -3 -7 13 -23 -19 -34 -47 
62 -57 16 -9 8 13 73 -22 2 17 33 -54 19 34 -31 -44 
-28 99 18 -52 34 -23 58 -24 0 56 10 -6 -14 -7 19 -10 
-25 -30 3 -28 12 13 -25 12 -40 38 -27 -10 32 27 -54 0 
19 23 34 48 -15 17 -16 15 -49 -45 -22 -3 26 -22 16 7 
-10 -21 -12 -55 -5 44 -29 42 34 -19 -11 17 47 -8 -2 25 
25 -20 -3 6 -57 -11 -12 23 5 19 -12 18 4 26 -15 -11 
21 18 -25 10 -2 -27 -56 -24 8 74 -2 -3 -5 20 41 -50 
-3 17 25 32 -23 -63 -15 43 2 -61 -13 4 -14 -6 -4 -49 
-18 59 14 4 -21 55 -29 -42 20 11 38 16 12 -40 -30 2 
-33 43 -53 12 -2 37 41 -18 -81 30 -23 -46 44 -2 -21 -26 
-67 -2 -19 40 19 -48 -4 18 38 -40 -23 -30 32 -58 25 5 
30 -26 5 -8 -9 -20 43 31 30 -23 -2 8 20 21 4 14 
27 -10 -15 -20 8 48 1 31 34 -5 3 -12 11 -22 2 -15 
7 -22 28 19 47 -12 -4 -35 11 -53 57 -16 -16 -17 32 -20 
-13 -3 0 -42 -18 16 -11 5 9 -19 14 -27 -20 3 -5 -2 
-5 10 -16 -14 -12 -27 4 -68 -20 0 60 13 18 -24 37 40 
17 -45 -43 9 45 2 -9 -32 -10 7 32 35 29 -11 -62 -18 
-3 29 -17 10 49 8 -27 -86 37 1 18 24 12 -20 18 -8 
34 2 -14 -22 64 -32 11 46 25 16 8 45 44 23 9 -15 
-35 17 -30 48 20 -26 66 -48 -27 24 -53 12 38 -21 -32 -1 
28 35 5 18 -11 -61 0 -60 -17 -102 24 33 -42 10 -45 3 
-30 -35 107 -23 48 40 45 2 -32 -35 40 6 -4 55 41 -40 
-55 -2 56 -23 75 -52 53 28 9 49 6 -35 -23 -64 3 -18 
-19 -15 21 19 -30 -22 -75 -42 -48 -50 -17 7 19 -15 51 15 
-37 30 -29 -23 -71 57 -33 -20 5 -31 -6 -12 -44 19 -7 -1 
52 -14 -22 21 -57 2 31 43 58 29 -18 82 6 -41 -8 -51 
9 -29 1 -2 4 10 45 23 39 45 -18 -20 -38 -78 -10 -18 
-4 57 22 -42 -13 -34 -51 62 -18 -11 -53 25 -44 10 -10 -69 
20 -50 -36 15 27 2 -13 59 -32 -46 -58 14 -65 17 -53 -21 
-8 5 -1 59 -59 -40 18 9 -54 -69 -40 40 -62 -56 22 -58 
-1 -23 6 -42 17 97 -24 -58 25 11 13 49 6 14 43 39 
-13 -5 45 -10 33 -23 -29 18 -5 0 2 9 -31 20 -43 -13 
16 14 -48 -1 -14 2 35 3 -7 1 64 46 54 -23 37 -36 
22 8 -38 21 92 72 -5 -35 77 -39 -44 11 -10 24 20 47 
-39 12 -11 -14 25 18 43 36 -55 86 21 12 29 -11 65 -45 
-17 45 -9 -30 -11 16 -15 8 -13 -37 7 8 21 -39 -44 -16 
17 89 -9 -15 -30 64 -30 57 27 -23 6 64 -21 -50 -25 24 
-2 -88 14 52 21 5 19 13 0 -10 -54 23 13 -80 -17 7 
-3 20 -33 29 0 -14 11 26 12 -12 11 -1 -42 -39 20 -45 
45 -21 -43 -26 78 -65 29 -13 -72 -31 -12 -4 -35 38 -50 -19 
-2 27 61 16 15 93 94 10 20 4 42 2 -10 33 -27 18 
-65 -45 19 -97 0 23 6 51 -54 -25 18 -30 25 57 -19 -18 
16 -55 -61 -39 42 55 57 -43 34 1 42 6 -29 60 55 94 
-2 30 -34 -47 69 23 -94 -19 -21 47 26 -24 2 -29 -13 -64 
-46 54 -61 -17 -30 62 113 49 -2 28 2 -18 -35 23 -10 -13 
0 -24 13 6 -61 40 -17 -39 70 34 28 -29 35 40 80 28 
-5 34 7 67 34 -77 35 -50 -43 25 -84 -5 16 35 -13 58 
-34 -3 -1 -1 13 -15 -4 -56 -17 29 -58 35 -38 32 -48 7 
-5 -2 -39 2 43 56 -2 -24 -40 -62 85 10 4 84 10 20 
2 -51 -39 -1 6 36 53 16 -17 -25 -44 19 13 34 20 -54 
19 7 22 -34 -27 -22 91 -47 21 -23 -57 31 23 -2 -14 63 
-13 -36 -42 -28 5 -5 8 31 37 -48 -76 -22 -22 17 -6 80 
86 67 5 14 10 -16 52 -22 36 -6 0 -11 -21 60 47 76 
-78 8 1 -16 -13 10 -110 53 -21 -7 44 -45 -2 19 23 -25 
-66 -6 28 2 -103 -45 -47 28 96 -18 30 60 -47 -20 30 5 
-52 -79 -33 -39 -11 17 -6 11 -53 0 4 -13 -35 10 65 -30 
-16 -21 -40 1 -15 -16 -21 3 -5 87 -27 -7 62 -32 -94 19 
-7 -45 -35 3 -15 -43 -53 -3 25 7 26 22 -23 18 -17 -8 
-5 8 -19 22 -9 8 -1 -17 -17 -17 -28 -67 15 21 26 -14 
16 1 33 26 -14 -23 29 28 -21 -4 13 -13 21 -6 -21 -16 
-59 -49 -21 11 35 -54 -3 16 -1 25 41 -23 -43 30 -25 23 
14 32 -44 -51 56 33 -10 3 -2 -18 22 -36 -45 3 -28 -6 
-14 27 -57 -8 65 -1 -5 -27 -18 -10 11 28 -7 29 -50 -20 
23 -23 -6 51 -55 20 57 -30 -47 7 -2 8 -11 -3 15 3 
4 -39 22 56 -22 63 8 11 -16 -39 32 4 3 35 2 -31 
-7 -28 -27 4 -25 34 -32 9 -11 0 32 -30 24 -87 1 -22 
56 7 -25 6 -67 -41 28 23 -3 3 15 -11 -56 8 33 22 
0 50 4 -8 -3 -14 -39 41 35 -1 -3 36 -95 -30 -33 19 
-49 46 11 -4 51 -8 -37 14 -6 53 -22 -1 -7 31 6 -70 
4 -20 -5 20 20 29 -65 11 24 10 -38 13 50 51 61 26 
43 -52 9 48 56 35 -15 20 36 30 -1 0 46 -16 -15 10 
12 3 -23 -10 -5 -44 47 3 -7 -39 16 -15 -11 -24 -19 -27 
-34 -23 -17 -30 52 -17 -8 0 20 18 28 -30 20 23 12 15 
-10 -15 4 47 -56 3 -64 -38 -59 -17 -9 30 5 45 30 22 
-68 14 46 68 25 8 -31 -8 22 -27 -10 -21 -22 42 -4 -17 
-13 -9 5 -2 11 -14 3 11 61 16 36 0 16 2 59 22 
34 6 34 -47 15 -26 16 -32 -59 -5 12 21 6 -46 39 35 
37 -43 -4 -19 -55 14 42 43 2 -4 -27 16 -6 -41 -7 1 
-21 21 72 6 -20 -27 -35 -50 19 27 -33 8 -2 39 28 -15 
23 -11 36 -39 8 14 -16 -15 38 36 -5 23 60 -1 10 -33 
6 -3 -4 -15 -20 35 22 -19 -54 -32 -13 -52 -15 -24 0 -27 
27 -1 -3 29 22 -7 7 5 -21 20 -5 -65 -12 -31 -39 41 
-43 -34 31 -4 -17 9 2 16 -40 -21 10 20 12 2 -36 -48 
-11 66 -40 -49 -79 -11 -24 24 -45 5 8 16 19 -17 19 7 
0 -10 -13 19 2 20 -7 -8 -75 26 3 20 -4 -8 16 85 
-13 -23 6 85 23 32 3 -62 -43 2 63 6 -11 7 -13 17 
32 7 -5 80 -32 -21 -40 33 -9 2 34 -2 22 -25 6 73 
44 5 -32 1 -19 15 -2 17 20 -5 -43 25 -4 10 -18 -12 
33 -5 2 -2 -21 21 -26 21 11 -30 53 -88 48 -11 -59 -15 
-34 -10 25 -18 31 24 51 56 19 18 13 19 -49 44 5 22 
-1 -30 20 -27 -24 -1 1 3 45 -1 25 -10 25 38 6 30 
0 -7 0 0 -42 -4 0 30 -13 2 -5 -4 0 2 -4 6 
0 0 -20 0 0 0 -5 -1 0 0 -3 -4 -17 18 -1 0 
1 -2 1 -28 9 -3 26 9 -10 0 -3 -16 28 1 9 0 
-5 0 6 -8 0 0 0 -10 33 -6 -7 -1 5 2 12 -2 
-21 0 -3 -1 -3 -12 -38 -2 -5 0 9 0 5 -6 21 1 
5 8 13 17 32 2 4 -1 -20 1 -5 0 -6 -26 -9 0 
0 1 4 -1 0 0 11 1 -5 24 1 -9 16 -8 -2 0 
-12 -4 0 -18 -2 -16 10 4 -1 0 -4 -6 8 -3 -8 16 
0 -9 0 -1 -3 0 4 -41 7 -3 -13 -5 -6 -28 -29 6 
-11 0 4 -12 -7 -1 -9 16 0 0 -9 -39 14 1 -3 17 
3 -12 -7 -15 -8 -22 -20 0 -1 -4 -21 -8 -17 -2 9 -14 
-12 3 0 24 -1 1 5 22 -1 45 -13 -1 -23 -15 0 4 
-9 -3 1 11 -7 -26 0 27 -25 0 -1 -8 -10 0 -13 0 
-3 -30 21 -14 7 -15 0 2 -1 -1 0 -25 -10 0 20 -17 
-2 0 -15 1 0 -36 6 4 5 0 3 -19 -23 0 10 -12 
1 18 -46 -2 -2 -5 -6 -5 -2 -17 -4 -17 1 -8 0 -25 
-31 3 0 5 -12 0 25 -1 -2 -7 0 -11 2 -14 43 5 
-8 1 -6 -29 0 1 -4 -24 6 0 -2 -10 -4 0 1 -11 
-16 0 -15 15 -13 0 0 2 2 10 0 0 -2 12 -8 0 
-6 17 -1 -38 0 17 19 0 -2 -21 3 14 7 0 -19 0 
-5 -1 0 -11 0 -33 9 -5 -6 -9 -21 -4 1 -1 -32 -37 
-3 -1 -23 30 0 0 1 -28 -3 -16 0 -9 0 -2 0 -14 
0 -1 -3 0 3 -12 1 -17 -9 0 23 0 18 0 13 -25 
2 8 0 -2 0 6 2 0 -1 40 -14 -1 -23 -1 3 -2 
1 -10 -2 -1 -27 0 -24 -4 2 -4 -8 0 0 -4 -3 -24 
22 14 -2 0 -2 0 3 6 21 0 0 0 1 -12 -22 -4 
-1 0 21 -19 0 -1 9 -17 13 -7 -3 -4 19 0 16 2 
1 -28 -35 0 -9 -8 -17 -5 -3 9 0 0 3 -8 18 0 
-1 0 0 -5 1 1 -19 0 -35 23 -6 -1 18 -10 -7 0 
-17 -3 0 -14 9 1 -15 6 7 -10 -5 5 6 0 -23 -10 
21 1 6 -21 7 -1 2 4 -9 0 -2 17 -19 -16 16 -11 
25 0 -13 0 -4 18 -20 0 0 0 -28 -10 -10 -4 -1 3 
-14 0 -21 -17 -11 -1 10 9 0 -5 -2 -35 0 -1 7 10 
-1 9 -28 0 23 -1 29 -3 -2 0 2 18 -1 -12 2 32 
-26 -2 0 0 -3 -2 0 33 2 0 28 8 28 0 10 -20 
-33 2 -14 -17 -16 -47 0 2 -6 -34 0 0 -1 -1 -4 5 
2 24 0 0 25 -2 0 -14 26 -24 39 7 0 4 14 -3 
3 0 14 0 0 0 9 -1 0 1 4 -1 13 6 2 0 
-5 1 24 15 -3 5 -35 9 23 0 4 22 -12 -1 -20 0 
-8 0 3 -9 0 0 0 -8 -18 2 -2 -1 7 14 43 3 
-3 0 -20 33 5 -6 32 2 4 0 0 2 -2 8 4 0 
-1 -16 -29 -12 -26 3 -3 -4 1 0 -1 0 0 15 26 0 
0 -1 -39 0 0 0 24 -2 -9 -15 1 -2 10 16 1 0 
-12 -6 2 12 5 5 -13 -3 0 0 -2 18 -11 -1 -1 -18 
0 5 1 2 1 0 20 -1 -2 2 -4 0 -5 5 16 8 
8 -1 10 22 3 -2 9 -51 0 -1 -9 4 -14 2 -11 25 
-5 3 6 -4 8 -10 17 0 3 0 27 -12 1 1 7 2 
0 22 0 -10 5 -14 7 6 20 9 8 2 36 16 0 3 
14 -42 1 20 40 5 1 -23 21 -1 1 0 23 2 8 0 
5 23 -11 3 28 12 0 3 -2 0 0 7 4 0 -19 25 
-3 0 13 -5 0 18 8 13 1 1 -3 20 25 0 6 -9 
-1 -27 35 -8 -14 -8 27 -10 0 20 18 55 -2 17 0 51 
25 20 0 -7 -11 0 -18 0 -1 4 0 35 0 -15 -8 28 
-11 -2 16 13 0 11 14 34 -25 0 -5 -5 4 0 -7 5 
36 0 10 11 -2 1 0 18 -2 10 0 -2 -12 0 4 0 
35 -8 2 14 4 17 -10 0 -1 30 0 14 -11 1 21 1 
-3 0 -1 15 0 22 18 7 28 -8 4 4 3 -15 12 27 
-9 0 -17 -13 0 14 0 -7 1 -11 0 21 0 4 0 86 
-4 2 -1 1 5 18 -4 4 34 -1 -24 0 -4 0 -27 25 
-1 -14 2 -1 1 -21 -16 0 1 -3 6 0 22 -35 12 0 
12 0 4 1 3 -1 13 6 -1 2 5 0 0 17 1 16 
-54 -7 4 0 -11 2 -7 -2 -3 -1 0 -1 2 -53 20 -27 
3 0 -22 -21 0 1 -19 14 -7 -7 4 15 -11 2 3 -3 
-1 14 13 0 -25 2 -11 2 -3 12 0 0 39 13 4 0 
1 0 0 12 8 -2 23 0 34 15 20 0 -2 -5 26 3 
27 0 -10 23 5 0 11 -1 -31 11 -12 -66 20 0 -4 13 
21 1 -8 0 2 7 -2 -16 -16 0 0 -25 27 2 -3 26 
8 0 7 0 3 -14 15 1 1 0 30 -10 44 7 -2 -1 
9 -1 40 33 6 0 -13 5 0 2 -1 37 0 -1 23 4 
-1 -23 26 0 -25 3 -11 5 1 0 10 21 1 9 -1 15 
18 -1 1 0 2 0 -1 34 -5 0 13 -2 -12 0 4 20 
19 9 33 31 29 36 1 -5 15 -2 1 0 0 -13 4 0 
-1 15 -1 0 20 -1 0 25 -15 -23 -12 -12 0 -13 1 -1 
-1 0 -15 0 0 0 10 0 0 -1 6 2 -14 40 0 0 
4 -1 16 0 7 -2 10 -18 -24 0 -2 -16 36 -1 12 0 
-4 0 -1 11 0 0 0 11 21 -2 9 1 -20 8 40 -1 
-3 0 -5 37 3 -15 -36 3 3 0 7 0 -6 -13 21 -1 
1 -1 20 -5 4 -6 -2 -36 -14 1 7 0 -2 -39 19 0 
0 -1 3 0 0 1 -11 2 -8 15 1 -13 14 -13 8 0 
-10 -11 3 -9 -2 -2 -5 2 1 0 6 13 1 8 -8 -11 
0 -1 0 -1 -1 0 -10 0 4 0 4 4 -13 -16 -29 -1 
-22 0 17 -9 -5 -1 3 8 0 0 -1 -34 9 0 16 10 
-4 -3 -4 2 0 -7 -7 0 0 2 -24 -15 3 -3 2 -16 
2 -3 1 15 3 2 -9 -14 18 8 7 0 -26 -16 0 8 
-5 -15 -9 -6 4 -45 -1 -21 -42 0 -1 -5 -22 -1 1 0 
1 -26 10 11 15 -20 0 0 -4 0 0 -6 15 0 16 -3 
2 0 -4 9 0 -28 8 8 8 0 11 6 13 -1 -18 -4 
-3 10 -27 11 -13 0 10 18 -31 -34 -16 -8 1 -2 0 -32 
-12 20 0 -3 -5 0 15 2 1 -6 0 17 1 -18 15 8 
-19 1 -28 16 0 -14 -13 -14 8 0 -11 -3 0 0 3 -8 
22 0 -7 23 1 -1 0 7 -2 -11 -1 0 -11 35 -12 0 
2 19 9 -42 7 9 15 0 -1 -14 7 -4 -10 0 -16 0 
-7 -1 -1 -43 0 -23 -36 3 32 2 -7 2 -3 -18 2 -8 
4 7 7 29 0 11 0 0 -7 -4 0 -10 0 -3 0 36 
3 -2 -5 0 0 -4 0 1 -19 8 6 0 -7 -3 -5 -32 
4 -13 0 1 -1 22 -9 0 -1 0 10 0 -12 5 19 -13 
-17 -16 0 0 -14 -1 -34 -1 -1 2 -3 0 0 -7 -2 -33 
39 -6 1 -1 -1 1 -4 28 17 0 0 0 1 -4 -14 -10 
0 0 4 -14 0 -1 7 -17 8 -9 1 -7 -4 -3 -25 3 
0 -37 -30 0 -7 1 10 -3 -1 -2 0 0 -1 0 -4 0 
-1 0 0 -6 5 -4 3 0 -28 -6 -14 0 -11 -10 10 -1 
-29 5 2 -6 -3 3 -4 7 1 1 6 20 -5 0 11 -12 
-36 -14 7 -38 4 -12 2 11 -2 0 -2 1 -51 13 19 7 
20 0 -13 -1 2 32 -19 1 0 -1 -3 20 14 -8 0 1 
7 0 -31 -9 -5 -1 8 3 0 -2 2 -37 0 -1 -10 -5 
-2 26 -34 0 3 1 22 -1 -9 0 -11 10 2 19 -1 19 
-18 0 0 0 1 -2 1 5 -12 -3 -35 3 -2 0 12 -6 
-16 1 -30 -30 -26 -11 -3 1 -11 15 1 0 -1 3 -1 5 
-8 66 6 0 -29 -17 0 15 -38 -93 -100 22 -2 66 19 12 
5 0 -25 2 0 0 63 -3 0 6 0 -5 71 83 -19 1 
-11 -7 59 42 -6 -33 -111 -76 -13 0 6 -70 107 -4 -3 1 
-7 0 36 33 -1 0 0 -19 98 -12 26 15 23 28 -11 4 
-95 2 -19 7 2 -35 -8 35 -25 0 14 0 30 -10 7 -2 
18 82 28 -24 72 -19 -18 -37 -65 3 45 0 -1 -27 93 0 
4 -2 -50 0 -4 3 -21 21 32 120 1 -13 5 -23 63 -1 
41 -79 -2 -24 -54 -49 -14 -14 7 0 -32 -60 55 41 -46 -34 
1 8 4 -8 -11 8 17 -22 -18 -3 -20 -12 -62 -40 22 40 
27 1 12 58 2 5 -23 59 2 1 44 -131 -55 -9 -16 12 
-37 -13 -21 4 5 -31 -26 5 -3 2 26 -34 31 12 66 51 
69 40 10 67 18 -9 -37 46 40 65 22 8 -3 29 0 9 
-68 -12 -3 58 19 -96 16 -60 21 -4 -6 2 -24 -4 -2 -2 
-9 -2 108 23 62 -2 0 -100 -5 2 -4 85 -14 0 73 27 
-2 1 -4 58 -3 -26 -2 48 68 -5 -11 -8 -74 4 -2 -87 
-12 14 23 -6 -19 -67 9 37 33 -29 -70 35 18 -16 -2 24 
12 69 1 59 -21 0 21 -20 16 24 -2 35 -11 -135 103 24 
-35 0 -27 19 1 -87 16 18 -9 4 -58 -1 1 -1 -18 16 
-34 3 10 -96 32 1 -28 65 -2 88 4 -5 6 38 13 4 
-12 -2 13 -118 -12 -38 25 0 -7 23 11 21 40 -2 28 5 
-2 -6 -7 -8 2 -31 -45 2 -43 -21 1 28 -1 44 -10 -90 
-1 52 -135 66 0 105 10 -46 6 34 -1 9 -4 20 0 14 
6 0 -15 -1 37 -19 5 15 -70 68 -1 -25 46 -24 -63 8 
-1 -26 -9 0 4 20 -31 0 9 71 -31 -8 41 25 4 63 
54 -97 8 3 -3 -2 -9 8 -5 -13 -22 1 0 -24 -31 -30 
25 3 7 -18 2 -5 -30 14 133 -2 1 -7 -2 -118 -32 -85 
3 -1 69 -23 0 -9 2 48 -16 -3 14 -9 95 -8 -6 -21 
16 -30 -74 1 -22 20 -4 -12 10 107 1 1 2 -26 -44 0 
-4 -2 0 -26 64 18 -14 0 13 35 -58 -6 10 -4 7 14 
-25 18 26 -35 37 9 7 3 7 -45 -68 98 -8 -1 -94 -59 
-64 -28 49 -29 36 39 21 -32 -36 -1 1 15 19 -15 11 -24 
30 -3 54 -5 9 -24 -12 -22 4 1 -36 87 -33 -31 26 9 
-2 1 1 -10 -26 16 -18 74 1 28 7 -58 -5 -8 13 -5 
-19 7 -18 0 71 5 115 -8 6 -2 2 127 12 77 -2 -61 
6 -1 4 0 -13 17 5 -8 9 -9 -69 21 3 1 46 15 
-30 3 25 5 -4 -47 15 14 89 74 4 -2 -4 47 6 0 
1 19 -1 0 26 -1 0 -8 17 -18 0 48 0 -5 -4 -1 
-2 0 -6 0 0 0 -3 1 0 0 2 -2 -13 -8 -1 0 
3 -1 18 11 0 3 2 8 14 0 0 -25 -10 0 29 0 
-2 0 1 -26 0 0 0 -3 -13 -2 2 0 -42 -22 8 0 
-19 0 7 -10 0 3 -33 -4 1 0 -6 -1 1 26 44 -3 
-1 -4 20 13 -16 -5 2 -9 -11 1 -7 0 -8 -9 13 0 
-1 -1 3 0 0 -1 -12 -1 -3 -17 1 0 -21 -20 -1 0 
14 -36 2 1 -5 4 -10 9 -1 0 -15 27 -11 6 0 -7 
0 3 -2 -1 0 -1 10 5 0 2 -9 1 -1 -31 -30 2 
-35 0 14 -4 -12 -1 -16 -32 0 0 -23 24 -19 0 -1 6 
-3 -5 -8 3 0 3 -11 0 -1 2 -26 -12 -9 -2 0 -28 
0 -31 1 -15 -2 11 -4 -32 17 3 5 -1 -24 -15 0 -38 
22 -24 8 -15 15 -11 -3 0 -32 0 0 -15 -14 0 -6 0 
0 -37 -15 -11 12 -13 0 -3 -2 0 -1 -12 -7 0 4 7 
0 0 -18 -2 0 -15 -5 -35 -35 0 7 14 -4 0 6 7 
0 9 -27 -7 3 3 -9 -2 -44 -27 -1 -7 -2 -7 0 -7 
-21 -3 0 -7 2 0 10 2 2 -8 0 -3 -1 -7 -26 -16 
21 1 -26 11 0 27 -35 -23 -2 0 17 5 0 0 7 -11 
11 0 -26 25 21 -3 1 -12 2 -23 -1 -1 -17 20 -17 0 
-1 -7 4 12 -20 10 4 0 1 -14 -1 12 -6 -1 -1 0 
-2 0 -1 -21 0 -25 -28 1 31 -3 -9 -1 -1 5 15 -7 
-6 3 13 11 0 2 -1 -9 0 17 0 -9 0 -2 0 -21 
1 -3 1 -1 -3 -6 0 -1 -22 16 -25 0 -7 -1 -10 -33 
-1 8 -2 1 0 21 -7 -1 0 -13 -11 0 -18 1 -4 -15 
16 6 0 1 2 -1 -13 0 -1 3 -3 0 0 10 -1 -23 
0 10 -1 -1 3 1 12 9 3 0 0 1 -1 13 -16 -27 
0 0 -16 -11 0 0 11 -15 -4 -13 2 -17 -28 -3 -32 3 
1 -32 12 1 11 -6 19 0 5 -19 0 0 -10 1 7 0 
0 0 0 -4 -7 -2 -4 0 2 7 -10 0 19 -4 -10 -3 
-24 12 2 14 -3 3 -4 2 17 -5 29 14 3 0 -10 -12 
-23 -3 5 24 -5 1 3 -6 24 0 1 -5 -15 4 -13 31 
-3 -1 -15 0 -1 6 -34 1 -1 -1 1 6 -1 -3 -2 -1 
1 3 -15 -24 -5 1 -30 2 0 -8 -2 -23 1 -1 -30 1 
1 36 -39 0 -2 -1 6 -2 -9 0 0 -9 0 -8 -2 7 
-18 1 0 0 -1 0 0 -15 -9 -2 2 -7 -29 0 -6 -26 
-27 2 -20 -16 -24 -13 -2 -5 -16 -12 0 0 1 -11 1 5 
12 -54 -2 0 -79 -11 0 -8 -7 19 88 -31 -1 -24 -1 -18 
11 0 -41 1 0 0 -31 -7 0 4 -16 20 -63 50 4 1 
64 3 -18 35 -20 46 179 17 -115 -1 -9 54 15 9 -38 1 
-23 0 -15 -42 3 0 0 33 -82 -1 68 9 -77 -24 119 -6 
62 0 40 67 -2 39 -28 -66 -1 0 14 -1 17 -139 52 -1 
-26 -52 -62 38 -60 -8 35 20 67 14 -34 0 36 2 -27 0 
-2 3 28 5 1 -4 33 -25 -3 -13 -4 -95 -45 32 -18 0 
-81 134 -17 42 22 -3 22 3 5 0 36 114 -28 10 29 65 
-1 -28 -5 0 -8 -3 -7 7 43 -16 25 16 -37 34 15 -31 
12 -3 7 -1 20 20 41 10 -1 -1 -44 65 79 -10 54 -4 
68 4 -1 -57 -12 -4 1 0 2 -7 -14 -52 -92 -12 23 -42 
7 -18 0 51 -32 -79 -12 -13 -26 -46 -42 -18 8 -17 0 126 
99 36 34 -30 42 -11 -8 50 -61 -1 -7 -1 -7 4 12 0 
-1 27 -86 -47 65 22 0 73 10 6 5 -81 65 2 18 -29 
6 1 -14 -25 -3 21 -6 -46 -60 -3 66 -36 63 3 39 53 
11 29 3 2 -6 34 -65 -3 -117 45 78 -87 -14 -8 0 -52 
47 -91 -3 -36 66 0 -51 -13 -16 -6 -2 -67 18 36 -4 51 
-8 -8 16 -41 -5 22 -20 -17 49 0 -69 -21 5 -1 27 -73 
88 0 41 58 21 5 17 7 -9 -96 -3 7 15 2 14 2 
42 0 -19 50 5 -18 88 0 -14 16 24 -21 -57 -15 37 -2 
11 6 -4 -24 -4 -28 -40 -35 9 -43 -4 32 -1 -81 -2 -8 
31 -47 108 30 -2 -42 0 -12 -16 13 0 -35 -2 -8 0 -66 
-66 11 6 -6 -61 -43 7 22 -15 -46 19 29 34 55 44 -85 
17 67 -3 2 1 -33 -10 -3 -2 -7 17 -4 38 -85 56 -27 
-43 45 5 0 -14 -1 38 -2 4 15 6 -1 0 -67 18 42 
87 -38 9 7 -8 -22 -4 29 22 3 1 5 -3 67 18 -11 
-1 0 -9 -17 -1 5 -22 -70 -4 54 -8 22 15 -28 40 -13 
3 -77 7 -5 -8 12 68 -5 34 -90 0 0 -32 10 0 0 
3 3 0 13 -54 25 61 0 21 -34 -35 -3 -81 1 -19 7 
-13 37 39 -122 104 -13 -11 15 -72 -34 -30 -29 -111 1 68 107 
1 -18 -24 -19 -30 -85 14 64 5 0 6 64 -33 36 86 44 
142 5 -8 -2 0 136 -25 -11 -4 0 74 -45 62 0 11 -5 
16 -21 -21 -140 14 -2 34 -41 0 -22 2 -12 7 -3 -106 -49 
-7 -9 4 0 25 17 16 -13 -54 3 -12 -10 -9 -136 3 134 
4 -10 -12 0 12 -11 3 11 20 -10 17 6 -8 -1 29 3 
36 -8 -45 -4 -9 56 23 -25 -131 -8 -10 0 -3 -33 -9 44 
-1 -2 -3 -5 -2 4 3 6 -1 2 -2 -3 2 -7 3 0 
3 -9 -4 -1 4 -2 -5 -2 -2 -2 1 -5 3 3 5 6 
-2 5 -9 1 -3 9 8 15 9 0 -6 -1 4 -4 0 -8 
-2 -7 -3 -1 -10 -9 -2 -3 2 -5 5 -5 -2 -5 7 -3 
-8 -3 5 -4 5 7 0 -3 -7 -8 8 5 -7 8 11 0 
-2 7 10 3 4 3 5 1 2 -11 5 1 -7 -4 -5 6 
-9 1 -4 10 6 -8 4 2 -2 -1 7 -3 -4 -6 -1 1 
-4 -6 -5 3 4 -4 -8 3 -7 -10 -11 10 1 -1 1 0 
-9 3 -4 3 7 -3 2 3 8 13 -1 0 3 -7 9 1 
4 -2 0 9 2 -2 5 1 7 -8 1 -9 -4 -8 1 5 
0 -7 11 -1 2 9 1 -11 2 -10 1 2 -10 1 9 5 
-1 -1 1 -1 2 2 6 -5 -10 -3 -5 5 -5 2 -9 5 
-3 2 4 6 7 -3 2 2 -2 -6 2 -4 3 -2 2 -3 
-2 -1 -6 3 3 2 -3 2 -6 -3 -7 -2 2 -1 3 1 
-4 1 -6 1 2 4 5 5 7 6 -3 -1 -5 -2 8 -7 
-3 -1 3 2 -4 -8 -1 7 6 -8 2 -5 -8 -1 3 -3 
-2 -2 9 -2 4 6 -3 -4 0 -6 -4 2 -4 0 4 0 
-1 1 2 3 -2 1 2 0 2 -2 0 5 -4 -3 -3 2 
-3 0 2 1 6 -1 3 5 -3 -3 3 -5 -1 -1 1 1 
-1 -2 -4 -2 3 -2 -2 1 -2 -2 -2 3 6 -1 -2 1 
-3 4 -3 2 3 0 3 7 6 5 0 2 -1 1 3 -2 
-2 0 1 2 -3 -6 0 3 1 -6 1 -7 -2 -5 2 -2 
-2 -3 4 -2 4 5 -1 -3 -3 -3 1 2 -4 1 5 -1 
-1 2 2 3 1 2 3 0 2 -4 -2 5 -6 -3 -3 6 
4 8 8 -15 5 0 1 5 -4 -17 9 3 0 0 -4 4 
-5 2 -5 0 9 9 -7 8 -6 1 -11 10 -7 -14 0 -9 
3 2 2 3 7 -2 6 6 -6 8 9 4 -10 -10 18 -5 
-11 15 3 3 -10 -6 -5 4 3 -11 -2 -12 5 -18 4 -4 
3 -14 28 0 -6 13 -2 -1 -3 -4 11 7 -13 -6 -2 5 
2 -6 6 14 -3 6 -3 15 -13 1 6 15 -22 15 -5 -8 
14 10 10 -1 8 8 7 -2 -6 -3 -1 -8 -1 -5 12 7 
18 -4 -2 -8 2 14 1 -5 7 3 6 -15 16 0 2 -13 
2 -6 -3 2 -13 2 4 14 3 -4 -4 -9 6 4 12 -6 
-4 13 -2 12 -4 2 -4 9 -3 4 1 -2 4 2 2 -2 
-19 -5 4 -6 -8 -4 -6 13 -7 -9 2 14 -7 8 -4 -4 
5 0 13 -7 -5 12 14 3 8 -6 -1 7 -1 4 -6 3 
13 0 0 -7 12 -13 0 5 -8 -9 5 -15 9 -15 2 7 
8 -3 2 6 8 10 -6 14 1 3 5 -5 8 2 8 0 
6 9 -6 6 -8 6 7 4 0 -8 -11 -13 5 -2 17 -13 
-7 14 7 9 -3 0 -2 11 -1 10 -3 -2 -9 -6 -3 8 
-9 -7 4 -4 5 -2 -6 2 -11 -14 -1 14 0 -2 3 5 
-2 -11 5 10 5 10 8 13 -7 -4 -1 9 -4 -2 1 5 
-11 14 -4 1 10 -14 -1 -7 -13 7 2 -2 5 -5 10 4 
-14 0 6 -5 -11 9 4 18 11 -18 4 17 19 8 9 -6 
6 16 -24 -9 -40 24 14 14 19 1 -40 -12 0 -8 0 4 
0 7 -5 5 22 -3 15 0 -9 10 -11 3 9 11 -10 14 
-7 -11 -25 -8 20 10 -4 22 -3 9 -6 16 17 14 16 6 
10 11 7 4 -5 15 -12 6 -4 -9 11 -7 5 -8 8 23 
1 4 -4 0 3 0 3 2 -2 -2 6 -5 -2 -4 -2 4 
4 -2 -9 2 6 2 -2 0 -4 -2 -2 0 4 -3 1 0 
-4 6 -4 6 0 0 6 4 0 5 2 2 1 -6 1 -4 
-1 -2 -4 4 -4 -5 4 4 5 -4 1 -7 0 -6 2 -4 
-4 -4 1 -4 3 7 2 2 -4 -1 4 7 -6 9 6 2 
-4 7 6 1 2 0 2 -4 -1 -6 6 9 1 -3 -10 6 
-4 4 -1 2 0 0 7 2 1 -3 0 -5 3 -4 5 1 
3 -5 -7 1 3 0 -4 4 -1 1 -5 1 6 0 0 1 
-3 1 -1 2 1 0 3 6 7 6 -1 1 -1 0 6 -4 
-1 1 0 7 -3 -6 -3 6 1 -5 4 -6 -6 -4 4 -3 
0 -1 7 -2 5 4 4 -2 -2 -6 -2 4 -4 0 6 5 
-3 3 0 2 -1 -1 1 -1 -4 -6 2 5 -4 -3 -7 8 
2 4 -2 2 1 4 4 1 -1 -3 0 -6 -2 -1 5 7 
3 0 -8 0 4 0 -1 -1 -2 -6 -4 0 5 2 3 3 
-3 2 -3 6 2 2 5 10 2 6 -3 2 -1 1 8 -5 
1 -3 0 1 -4 -6 -1 5 3 -6 3 -7 -4 -4 3 -4 
-7 -3 5 -3 5 7 -2 -2 -5 -2 -1 0 -9 7 3 1 
2 3 6 0 0 5 4 2 -2 -6 -1 5 0 -1 -4 8 
20 -8 14 -1 0 2 -13 9 1 7 8 -24 46 -6 -1 -7 
1 -6 5 2 -12 -4 -16 4 5 -10 11 4 20 24 19 8 
0 28 -13 -9 -26 3 -2 10 7 1 -22 -9 -1 8 -9 -3 
-17 8 1 22 -1 -2 3 -17 -8 23 5 3 7 10 32 3 
-1 -4 -7 2 6 14 -4 3 -14 5 -6 2 11 -3 13 7 
16 -2 14 4 -17 43 14 15 -24 -8 -11 2 7 -16 11 21 
-3 -5 2 3 1 -1 2 5 1 -3 2 -3 2 -3 -1 6 
2 -2 -7 -1 6 -3 0 4 -3 -6 -4 -2 8 2 5 -1 
0 3 -3 6 2 3 4 8 4 10 -5 3 -3 2 6 -5 
1 1 4 0 -4 -9 6 5 5 -8 3 -4 -11 -6 2 -4 
-2 -2 3 -2 7 12 5 -3 -4 0 -1 5 -7 2 2 -1 
-8 1 9 -3 0 -4 3 1 8 -5 -5 9 -4 -1 -7 5 
4 4 7 2 6 2 0 -2 -5 -8 2 -6 4 -1 3 3 
6 -1 -1 4 1 -1 -3 3 -2 -14 -1 3 8 2 3 1 
-9 2 -10 5 2 -2 4 3 6 8 3 4 -2 5 6 -9 
3 8 0 5 -6 -5 3 2 7 -7 -3 -12 -6 -6 6 -3 
-1 -4 1 -3 3 11 5 -3 -6 3 -1 -3 -4 4 2 1 
1 0 1 -7 3 -1 7 -8 0 -6 -2 2 2 -3 -7 8 
-2 3 3 -2 5 2 4 0 -3 -8 -1 -8 -2 -4 2 4 
4 -2 -2 -3 7 3 -3 1 -3 -5 -2 -4 4 -1 4 1 
0 -1 -4 3 -1 4 3 5 4 4 -3 1 0 0 7 -5 
3 2 4 4 -2 -4 1 3 7 -3 3 -3 -3 -3 1 -1 
-6 -3 8 -3 0 5 3 -3 -4 -7 0 1 -8 2 6 3 
0 -4 5 2 1 2 3 -5 -2 -5 -4 4 3 -5 -4 8 
-6 -2 -2 1 5 -4 4 -1 0 -4 1 -4 1 -6 1 3 
2 -1 -5 3 3 -6 -9 8 -9 -7 -5 8 3 4 4 5 
-6 3 -7 8 0 -6 0 3 8 8 2 -2 -4 2 4 -3 
1 6 2 7 0 -10 -2 0 3 -3 5 -5 -4 -3 10 -3 
-2 -3 9 -2 3 9 3 -4 -2 -6 -3 1 -10 3 7 7 
2 -7 4 3 3 -3 1 4 -13 -10 -3 0 -1 -2 -7 2 
1 10 5 9 0 -14 5 -5 -5 -3 0 4 -9 -12 -3 -3 
-6 -7 -11 -1 1 -1 0 -1 8 -18 -16 11 10 -5 -1 -7 
-13 -4 1 -1 4 5 7 1 2 8 10 4 10 -5 0 6 
5 4 -8 13 3 1 1 11 21 -15 -9 -11 -2 -3 -2 2 
2 2 -1 -6 13 16 5 -6 5 9 -8 9 -12 10 10 7 
4 -4 1 4 4 -7 8 0 -3 -5 3 9 2 -7 -8 -5 
-4 1 2 -2 4 3 0 3 3 -6 2 -7 -1 -2 4 5 
4 2 -2 2 3 -2 -3 -2 -3 -6 2 -3 7 0 2 1 
-3 3 -7 5 -3 -5 7 4 4 3 -2 1 -4 -1 1 -7 
0 3 -1 4 -7 -6 -1 2 7 -2 0 -3 -1 -4 8 -4 
-6 -3 7 -3 3 3 5 -5 -5 -4 4 -3 -10 3 7 0 
-3 3 9 -2 0 0 4 -5 1 -10 -1 4 0 -2 -8 11 
-1 2 4 1 5 -2 1 2 -3 -4 4 -2 -3 -7 3 5 
-2 -6 -5 1 3 -2 -2 3 0 -5 -4 0 8 -3 -2 -5 
-1 8 -6 4 -1 -3 7 8 0 9 -1 5 -2 -1 3 -8 
1 -1 -4 2 -4 -7 0 0 3 -7 6 -6 -6 -3 8 -3 
-6 -4 10 -1 3 9 0 -4 2 -6 1 3 -10 2 10 -1 
-10 4 1 3 -4 -1 1 0 2 -7 1 -2 -1 -2 -7 8 
-1 0 3 2 3 0 4 1 -4 -3 0 -2 0 -4 3 1 
-2 -4 -5 2 3 0 -3 1 -3 -4 -3 1 1 -1 0 -2 
-4 6 -4 1 3 -3 4 6 4 4 -3 0 0 0 6 -2 
-1 2 0 4 -4 -5 1 2 5 -6 4 -4 -5 -5 4 -2 
-2 -3 4 -3 2 4 -1 -4 -3 -6 0 2 -4 5 5 0 
-4 -3 3 0 2 -2 1 0 -3 -4 -1 6 -4 -2 -3 6 
10 -2 4 3 12 -4 9 2 -18 -10 5 4 -4 1 3 7 
-4 2 -12 -4 -2 14 -7 11 14 -12 -19 3 -3 -1 6 -12 
-1 10 -5 5 0 6 4 -5 10 -1 -6 -8 10 3 0 5 
0 12 -4 16 3 1 -1 2 15 1 -4 0 1 -1 -6 7 
2 -1 4 0 18 3 -8 -2 -6 7 -6 21 -3 8 7 3 
13 -7 4 2 3 5 7 7 2 5 6 12 -1 -4 -3 3 
-3 -7 -4 -9 10 1 7 13 -1 -6 -3 5 4 0 3 14 
12 -2 1 -4 0 13 -8 0 -3 -6 -7 0 -9 -5 17 17 
12 13 -11 12 -3 14 9 0 -6 -5 -5 -7 10 -12 -6 -13 
-16 4 10 -4 -20 -5 10 -2 5 -10 0 2 -8 -5 6 3 
-8 3 -7 -6 22 -1 -2 4 3 6 3 0 -9 5 -5 1 
-7 5 9 13 -4 4 4 10 18 -5 2 33 -15 -12 -12 2 
-7 -3 -8 7 -3 9 2 2 -5 4 6 -3 4 -8 7 2 
-3 -2 -5 2 -1 0 1 7 -3 -7 0 4 9 1 5 1 
-3 0 -7 7 1 5 10 19 17 6 -14 1 -2 1 4 -9 
6 -9 7 1 9 -9 6 -2 5 -5 6 1 -12 -5 2 -5 
-8 -3 -4 0 -1 8 1 -2 -4 -6 -3 1 0 19 16 -4 
2 10 10 6 0 -1 4 1 7 -10 -5 -2 4 -1 -9 10 
-3 3 3 -1 7 3 3 5 1 -2 0 -3 0 -6 5 7 
4 -2 1 1 9 -3 -1 3 0 -3 -3 1 8 0 4 1 
-3 -3 -5 8 -2 -2 6 7 7 4 2 3 2 11 3 -3 
-1 0 4 4 0 -6 2 3 3 -8 1 -2 -8 -4 4 -4 
-6 -1 5 -4 -3 9 -1 1 -5 -6 2 1 -7 5 7 4 
-2 -3 5 3 -1 -1 2 -3 4 -7 -4 2 3 0 -5 4 
-3 4 1 4 4 -3 5 3 0 -1 1 -5 -3 -3 2 -1 
0 -6 -6 3 3 0 -4 3 -4 -7 -9 1 9 -3 -3 -4 
-8 4 -2 0 0 -2 3 6 0 9 -3 1 -2 -4 2 -3 
5 1 -3 7 2 -4 2 4 5 -4 2 -8 -5 -5 -2 -3 
-5 -1 7 -3 0 7 3 -3 -1 -5 1 8 -9 5 5 3 
-5 2 6 2 -2 0 3 1 2 -4 4 3 -2 3 -9 8 
-1 2 2 7 8 -3 12 -7 -3 -5 3 5 -1 3 3 4 
-4 0 -4 -1 5 1 -8 3 9 -18 -13 6 1 2 6 -3 
-7 -3 0 6 4 6 8 -4 6 8 10 5 4 13 -2 0 
8 1 2 9 -7 -4 8 6 17 -14 -3 -7 -3 -1 -9 1 
-6 3 5 3 6 8 1 -1 0 6 -9 3 -7 10 5 5 
0 -6 4 -6 0 0 6 -11 3 -7 -10 3 1 -8 -6 0 
4 -7 7 2 7 -9 2 0 -3 0 -1 -1 3 -6 -4 7 
-3 -4 -8 -2 -1 -3 -9 12 4 -14 -10 9 9 6 6 6 
-2 19 -9 5 -6 -3 8 6 3 3 -4 -2 2 1 2 -2 
-4 4 -7 5 -7 -6 -2 4 3 -6 2 -6 -6 -2 2 -1 
2 -9 -2 -5 11 13 -3 -7 1 -6 1 11 -9 0 8 2 
3 -4 -2 4 4 4 6 6 -5 -5 -4 0 -6 0 -8 6 
-3 0 0 0 2 -1 2 0 -2 -3 1 -3 1 -1 0 0 
1 -2 -2 0 4 0 -3 3 -2 -2 -4 1 3 -1 0 2 
-3 1 -2 -1 4 0 5 4 4 5 -2 2 -1 -1 4 -2 
0 1 0 3 -4 -4 1 2 4 -5 2 -4 -3 -3 3 -1 
-3 -3 5 -2 3 4 2 -2 -2 -2 2 4 -5 0 3 1 
-4 2 0 0 2 1 2 1 -2 -3 0 3 -1 -1 -4 5 
-4 -1 -1 0 6 3 -2 -1 -4 -5 5 -7 -1 -5 7 5 
-2 -1 -6 0 3 -3 -1 4 -1 -8 -3 4 7 2 5 -4 
-6 2 -1 4 4 2 3 5 6 5 2 -1 1 7 4 -6 
5 8 7 8 0 -4 2 5 6 -7 -1 -8 -5 -3 1 -1 
-4 -4 3 -1 5 7 -2 -2 -4 -2 1 -1 -8 4 2 -1 
-2 -6 5 0 -1 2 5 -3 2 -2 -4 1 -3 -4 -7 2 
-1 2 10 2 8 3 5 -5 5 -11 3 -4 1 5 7 5 
-13 15 -5 2 1 -9 -8 8 11 -23 -1 8 -5 -10 15 0 
-26 -2 -9 -1 -2 -4 5 -4 2 21 8 0 10 13 -2 11 
-5 15 13 9 -1 -1 -2 2 22 -19 1 -2 -6 -1 3 -6 
-2 2 -4 3 4 4 10 -6 -3 14 -14 4 -9 1 6 12 
12 8 6 -5 3 7 1 -5 -9 4 -9 -6 7 -13 -7 15 
3 -11 1 0 9 4 0 6 5 1 -7 -2 14 -6 -2 15 
13 3 -5 -3 4 -1 -7 0 4 4 7 -6 6 1 15 11 
6 6 -16 13 -6 3 5 -5 5 -4 0 -11 2 1 2 -6 
-14 3 4 -1 -21 -3 -6 1 8 3 2 -10 -5 -3 13 -5 
-1 -6 -4 -5 11 9 -3 -1 -8 0 1 -3 2 7 8 -5 
-2 -7 15 1 1 7 8 -1 11 -13 0 15 -8 -14 -4 7 
-10 -6 -2 13 -3 -7 -1 3 7 0 3 -8 2 -5 -6 7 
6 -3 -10 -9 -6 2 -7 8 2 -1 -11 8 -5 0 5 9 
5 2 -18 16 7 17 9 6 7 3 -4 5 9 3 0 -7 
-8 -6 -3 -8 -5 -5 10 -4 7 -10 0 6 -22 -15 4 10 
-10 -10 -7 1 13 9 7 -8 -5 2 3 -2 3 16 10 -7 
-6 6 -3 13 2 -5 3 6 7 -11 5 15 -11 -9 -18 -1 
0 -1 2 0 4 -2 2 1 -1 -1 2 -2 0 -1 2 -1 
0 -3 -2 -1 5 1 -2 2 -4 -1 -6 2 2 0 1 -1 
-5 2 -5 0 2 0 5 7 3 5 -1 1 -1 1 5 -2 
0 2 2 6 -5 -4 1 1 2 -6 4 -5 -1 -6 3 0 
-3 -4 4 -5 2 4 2 -3 -3 -3 -1 3 -5 4 3 1 
-6 1 2 2 -1 -1 1 -3 -3 -4 0 4 -4 -2 -6 4 
-3 1 0 4 4 3 3 0 -4 -4 1 -1 0 -3 3 0 
-2 -1 -5 0 6 1 -4 1 -4 -4 -2 2 6 2 1 2 
-5 2 -4 3 4 0 7 6 3 7 -2 1 -3 -4 9 -7 
0 4 5 8 -4 -5 2 2 2 -2 2 -9 -3 -4 4 0 
-3 -6 3 -6 4 4 1 -4 -2 -3 2 2 -7 4 5 0 
-4 -2 4 -2 2 -3 3 0 1 -2 -2 5 -6 -5 -5 4 
-4 -2 0 3 3 -2 3 3 -4 -3 0 -5 -1 -2 0 3 
2 -3 -4 -1 2 -3 -4 5 -3 -4 -1 5 7 -1 -2 0 
-6 5 -4 1 4 0 6 7 4 6 0 0 -2 2 4 -4 
-1 2 1 3 -7 -5 2 6 4 -7 1 -7 -4 -2 4 -5 
-3 -4 5 -5 2 4 -1 -2 0 -3 3 3 -6 3 4 0 
2 1 4 0 -2 0 -1 -3 0 -6 2 5 -2 -1 -5 6 
0 0 2 2 6 5 4 -5 -4 -9 3 -3 1 1 8 8 
5 6 -5 0 7 -3 -5 3 -3 -11 -3 -7 2 -3 7 -5 
-11 -5 -5 5 3 7 1 5 4 9 4 0 -2 8 9 -4 
2 2 10 1 -3 -5 6 3 3 -9 -6 -7 -6 -2 1 -4 
-6 -5 4 -1 -3 6 5 1 -3 -5 -5 -1 -6 2 0 0 
2 -7 10 -2 -1 2 1 -4 4 -3 -9 6 -1 -1 -6 8 

