65 507 -606 190 181 697 -148 420 533 -228 187 662 141 -151 3 -132 
72 56 21 2 48 -21 63 33 -31 -77 -55 -47 -63 57 -111 76 
-109 119 1 -12 109 76 -66 -2 73 61 -18 -50 54 -52 -29 -69 
109 62 -66 7 72 99 59 76 148 -19 -37 -88 75 99 -33 127 
-6 -2 -62 61 51 21 53 86 -91 4 42 52 116 43 -46 -51 
-7 89 -15 46 6 -63 26 42 0 0 0 0 0 0 0 0 
0 0 0 0 0 0 0 0 0 0 0 0 0 0 0 0 
0 0 0 0 0 0 0 0 0 0 0 0 0 0 0 0 
0 0 0 0 0 0 0 0 0 0 0 0 0 0 0 0 
0 0 0 0 0 0 0 0 0 0 0 0 0 0 0 0 
0 0 0 0 0 0 0 0 0 0 0 0 0 0 0 0 
-53 0 -70 -171 -36 -55 4 10 -41 -104 24 128 -85 -163 46 39 
-53 133 -1 20 5 -32 77 31 -38 16 -20 -24 -81 -50 58 107 
-5 1 91 -122 -111 33 73 31 -123 -17 -78 -3 -123 -50 94 89 
83 75 -129 -19 -167 -66 -153 -100 -51 53 -58 75 13 64 15 -62 
-111 -125 -97 37 146 -37 -115 -116 51 -1 -3 -112 -20 -40 -93 98 
-78 165 21 51 96 -130 63 98 0 0 0 0 0 0 0 0 
0 0 0 0 0 0 0 0 0 0 0 0 0 0 0 0 
0 0 0 0 0 0 0 0 0 0 0 0 0 0 0 0 
0 0 0 0 0 0 0 0 0 0 0 0 0 0 0 0 
0 0 0 0 0 0 0 0 0 0 0 0 0 0 0 0 
0 0 0 0 0 0 0 0 0 0 0 0 0 0 0 0 
0 0 0 0 0 0 0 0 0 0 0 0 0 0 0 0 
-12 -67 186 109 190 -135 -37 96 -14 298 -47 -279 -109 -4 -211 176 
294 -94 -73 -215 91 -74 -152 124 -2 -208 -53 61 105 -95 83 -116 
-145 195 98 111 -228 141 -273 122 -119 -273 -179 -106 -61 125 71 127 
90 -94 -65 101 294 -35 95 86 306 136 -57 -231 -80 -233 -48 184 
67 135 -121 0 184 79 198 -174 -113 41 -63 -175 97 193 139 -180 
-3 7 -116 225 61 135 199 110 -33 277 -52 -88 -10 209 -32 63 
-39 57 -71 -146 18 30 -224 -116 41 124 -71 -95 41 25 200 -73 
205 -82 271 227 -22 -69 60 186 -201 244 -121 222 -15 -33 -163 231 
-59 158 -131 -19 53 -104 -70 -196 -54 6 -41 -114 -258 -116 142 154 
84 196 7 -127 37 -78 240 100 -69 -116 -207 72 3 40 4 120 
48 -116 6 135 -73 142 168 -151 175 -140 -111 114 -95 26 82 50 
-11 -184 155 -185 -129 -8 79 85 52 -92 16 47 -35 45 21 111 
0 0 0 0 0 0 0 0 0 0 0 0 0 0 0 0 
0 0 0 0 0 0 0 0 0 0 0 0 0 0 0 0 
0 0 0 0 0 0 0 0 0 0 0 0 0 0 0 0 
0 0 0 0 0 0 0 0 0 0 0 0 0 0 0 0 
0 0 0 0 0 0 0 0 0 0 0 0 0 0 0 0 
0 0 0 0 0 0 0 0 0 0 0 0 0 0 0 0 
-114 56 74 -82 104 -24 17 -44 36 -62 -89 -59 95 -97 -55 -47 
-40 60 -82 -80 -103 7 -101 -83 -39 -90 0 22 7 -66 -5 -49 
-104 104 -67 9 38 91 9 -24 -51 65 58 21 94 -64 20 53 
108 104 55 -10 -120 64 -65 115 -56 21 21 -163 160 -2 -33 85 
49 -59 78 114 116 -190 67 5 21 51 18 102 -170 -27 -85 -14 
96 -101 -90 22 122 216 28 60 141 33 23 87 59 -102 49 -20 
160 57 161 -60 -109 35 138 172 134 -84 94 22 -87 1 -88 27 
52 62 -44 -47 6 -29 91 -55 -43 95 56 -62 33 -64 107 4 
97 20 22 -23 28 -11 16 -58 -39 40 49 35 -9 7 17 -15 
-23 123 -25 -68 132 86 19 -104 -14 -15 14 35 -31 276 55 -100 
-79 -11 -9 48 -64 -95 -21 58 65 57 -115 -10 -15 71 63 -142 
20 -3 38 -95 -50 -28 59 12 167 -64 90 -1 -2 24 -104 204 
-33 51 167 -54 29 60 -17 80 -59 26 70 -56 13 -29 9 93 
69 10 41 1 49 -12 8 152 -111 53 -78 94 28 47 39 -26 
-48 52 -119 -36 49 15 -27 48 3 -3 -50 -15 -43 83 -12 -11 
-50 -42 13 -21 66 -107 46 24 79 -37 -25 -70 23 -57 -16 -84 
11 41 -42 -20 -57 -130 40 59 -6 -77 -66 -140 -33 -35 -19 -98 
47 -57 55 85 -74 -58 40 31 80 51 -48 9 -86 -63 17 -81 
-19 141 2 -49 -124 -42 -55 -57 -78 -178 48 13 57 -14 5 -24 
65 -80 59 21 113 -74 56 -91 -11 1 47 -102 -67 -47 -9 -126 
-58 -64 1 -95 17 -83 30 149 96 64 -35 42 150 -33 100 108 
-107 77 -116 -113 25 -50 59 13 -83 -183 163 -131 17 10 -15 -54 
164 10 44 121 -148 7 52 -63 -81 30 -182 -23 -9 93 19 -51 
6 22 30 8 -23 -22 -162 -61 -74 4 -3 -16 -64 -24 4 -71 
-75 18 -22 -81 -83 17 15 23 -175 -95 -10 39 94 42 -53 -10 
111 75 57 -15 139 86 103 21 -3 19 -129 -22 -81 -16 -26 59 
-29 69 -115 -54 -3 52 -50 -136 -147 -87 -97 -34 -74 -71 19 -79 
95 57 20 -29 -58 61 -89 -65 85 -26 1 -24 21 -12 75 89 
95 9 82 51 98 94 -39 -82 147 -93 66 183 -41 41 135 -78 
54 130 65 -109 21 -88 -85 35 -39 -40 -131 -95 40 -23 -34 24 
0 0 0 0 0 0 0 0 0 0 0 0 0 0 0 0 
0 0 0 0 0 0 0 0 0 0 0 0 0 0 0 0 
0 0 0 0 0 0 0 0 0 0 0 0 0 0 0 0 
0 0 0 0 0 0 0 0 0 0 0 0 0 0 0 0 
0 0 0 0 0 0 0 0 0 0 0 0 0 0 0 0 
0 0 0 0 0 0 0 0 0 0 0 0 0 0 0 0 
0 0 0 0 0 0 0 0 0 0 0 0 0 0 0 0 
0 0 0 0 0 0 0 0 0 0 0 0 0 0 0 0 
0 0 0 0 0 0 0 0 0 0 0 0 0 0 0 0 
0 0 0 0 0 0 0 0 0 0 0 0 0 0 0 0 
0 0 0 0 0 0 0 0 0 0 0 0 0 0 0 0 
0 0 0 0 0 0 0 0 0 0 0 0 0 0 0 0 
0 0 0 0 0 0 0 0 0 0 0 0 0 0 0 0 
0 0 0 0 0 0 0 0 0 0 0 0 0 0 0 0 
0 0 0 0 0 0 0 0 0 0 0 0 0 0 0 0 
76 34 51 -37 -123 -62 -52 -33 9 -17 77 -15 272 -60 -28 14 
52 -13 13 102 -101 -12 -87 -80 140 30 -19 43 3 110 -32 -39 
-18 -17 118 140 97 39 -49 99 -54 -157 -27 69 50 -72 71 86 
-38 68 67 -81 1 166 201 -64 -28 -5 -141 -135 10 2 86 -63 
136 36 -63 85 -19 53 133 51 14 -97 22 -40 7 51 -90 123 
-30 28 -2 149 -27 27 -4 60 31 31 -12 3 -1 51 76 -23 
173 95 -122 32 -12 -91 57 21 2 147 -30 75 1 5 18 21 
-26 87 -14 -117 29 -10 32 101 -13 -36 49 0 -96 -105 128 6 
-3 -7 78 63 -6 -21 67 49 -15 -2 -25 48 13 -86 -14 -89 
191 -8 -114 168 -32 -27 -60 104 -26 32 97 -4 149 15 -22 71 
144 23 -31 19 0 20 -58 27 72 182 -34 13 53 10 -25 202 
-135 -106 -4 -50 14 56 -18 -43 19 18 106 -141 55 14 29 43 
-22 65 72 44 9 -20 54 178 28 22 55 -59 96 106 -112 -70 
64 -17 53 -9 -47 22 94 58 3 7 -37 39 -8 5 -45 4 
101 61 -4 -48 -54 -89 -52 67 131 -7 116 -96 23 143 120 -78 
20 90 -14 -67 -161 -87 -7 -76 71 59 85 -29 0 -139 -10 -34 
136 77 -109 33 11 -73 135 -126 58 -144 -38 7 -82 -94 10 18 
-149 85 67 25 -64 -40 -174 101 136 -89 9 -31 -140 32 55 107 
20 146 61 3 -8 51 52 127 59 -126 -84 177 -23 55 3 71 
135 18 91 -36 34 84 149 -3 28 -203 52 -138 66 -21 -10 3 
-144 -56 -33 -73 63 74 50 46 -95 -72 77 -5 51 -29 -59 -2 
-9 -69 22 -20 45 -129 -13 16 7 18 -74 -87 -38 110 6 82 
-81 -120 51 52 13 38 -133 101 70 22 -20 -84 136 95 -41 33 
130 -46 78 73 92 -54 -49 -66 128 -94 -70 -63 -2 74 -22 -68 
-5 -20 -4 15 -1 47 142 123 138 -61 25 26 -40 24 22 111 
113 22 75 41 91 -41 76 -45 101 -12 -51 76 118 -106 -77 162 
59 -38 -56 15 105 4 17 -22 243 -93 -50 -32 133 173 96 -37 
-77 -77 44 -42 83 -206 -62 -25 -86 -118 26 -84 96 -73 -51 -77 
9 114 1 111 -94 25 -47 -29 -127 -120 81 -39 52 63 -135 117 
53 88 -51 -94 -133 -81 26 9 51 8 129 44 41 37 17 -14 
0 0 0 0 0 0 0 0 0 0 0 0 0 0 0 0 
0 0 0 0 0 0 0 0 0 0 0 0 0 0 0 0 
0 0 0 0 0 0 0 0 0 0 0 0 0 0 0 0 
0 0 0 0 0 0 0 0 0 0 0 0 0 0 0 0 
0 0 0 0 0 0 0 0 0 0 0 0 0 0 0 0 
0 0 0 0 0 0 0 0 0 0 0 0 0 0 0 0 
0 0 0 0 0 0 0 0 0 0 0 0 0 0 0 0 
0 0 0 0 0 0 0 0 0 0 0 0 0 0 0 0 
0 0 0 0 0 0 0 0 0 0 0 0 0 0 0 0 
0 0 0 0 0 0 0 0 0 0 0 0 0 0 0 0 
0 0 0 0 0 0 0 0 0 0 0 0 0 0 0 0 
0 0 0 0 0 0 0 0 0 0 0 0 0 0 0 0 
0 0 0 0 0 0 0 0 0 0 0 0 0 0 0 0 
0 0 0 0 0 0 0 0 0 0 0 0 0 0 0 0 
0 0 0 0 0 0 0 0 0 0 0 0 0 0 0 0 
173 -37 -248 -219 -98 183 -250 -62 112 141 -153 213 101 312 29 58 
-42 -47 -43 -159 -190 -411 48 -220 -70 -148 -63 25 -345 91 -9 233 
-247 133 142 -234 141 12 46 13 -137 104 -78 -118 -109 135 253 20 
-85 -97 -70 85 207 32 77 -301 130 81 175 -193 314 -28 42 125 
32 -72 167 62 83 -217 -147 72 267 -7 109 87 -50 -99 -64 -28 
290 -6 22 165 -173 251 87 132 22 -294 213 -64 51 -37 -3 207 
-56 0 -252 -268 176 -76 124 -163 -219 -218 23 -93 -84 211 25 -79 
-93 33 -194 164 67 6 -267 62 0 0 0 0 0 0 0 0 
58 -23 199 -184 289 28 -116 137 -180 66 -319 108 222 -209 170 46 
-59 -51 15 -11 47 239 -273 25 -99 -121 128 132 33 -74 38 -49 
-115 -20 -23 192 41 -155 78 -71 142 -19 110 -191 -18 362 -122 44 
-37 30 201 287 -39 -196 185 29 104 -294 73 87 204 -56 133 27 
167 42 41 -120 -117 -193 -156 93 13 159 -255 245 -66 -62 146 -50 
13 -11 129 215 -80 -132 135 9 -131 -18 -82 109 -1 13 -192 -45 
46 -47 -386 174 144 13 -16 61 -298 52 -268 -177 -73 -82 -9 26 
-385 74 -133 -40 122 26 -78 7 0 0 0 0 0 0 0 0 
-101 381 -53 -77 -153 95 -152 329 -5 30 -8 -196 -107 136 -41 -187 
-47 -283 -298 -260 -78 -276 9 250 -174 172 -141 90 37 257 -36 -43 
-174 -305 104 117 -23 -234 -1 -348 -246 -266 12 61 190 -17 -181 -15 
266 88 -63 -17 -63 -227 60 -97 -107 142 -336 -120 185 117 145 -142 
-38 77 -146 -109 75 107 -3 -363 -98 -302 31 -149 77 -112 -73 -165 
-179 -192 -189 -11 -15 33 154 -120 171 -173 24 -166 -68 -197 -23 -64 
-244 -50 122 47 -25 86 60 252 -115 -234 -108 178 100 144 56 -68 
-181 -102 344 -111 -32 178 309 -83 0 0 0 0 0 0 0 0 
-145 -27 -129 -13 3 57 39 71 213 97 40 -75 177 -101 82 216 
-9 81 215 179 -130 213 -90 -164 -77 82 -107 -107 39 70 -152 208 
-54 148 5 -14 14 30 141 -204 -77 86 119 151 -106 -3 89 -78 
-14 -98 -88 -146 -178 4 -36 114 -81 3 48 -157 -81 18 45 -213 
-91 -133 82 111 -55 -40 -26 57 47 -191 -183 167 41 -15 116 -37 
-2 116 -6 -123 171 -9 -46 -19 -38 -18 -122 75 195 -66 -120 -108 
75 0 113 113 -70 -71 -57 225 69 113 163 65 -15 156 -27 82 
-50 132 30 -114 4 -208 30 -63 71 -152 -51 -5 227 -15 84 94 
-26 15 -57 24 53 93 -1 -130 66 103 75 122 2 21 104 -136 
114 -180 -83 106 15 -81 113 -187 -37 -35 189 154 117 -5 65 -21 
99 -182 14 112 41 54 -185 206 -105 -133 10 -91 187 161 -147 21 
-134 95 165 89 -83 -56 17 -100 -23 -61 -31 -94 -64 44 -170 -54 
92 21 -65 -40 130 18 -53 104 184 -91 264 128 -155 33 220 -101 
-55 -28 -75 -220 -8 -249 60 -36 29 218 45 -11 -97 -51 -89 -70 
-153 62 -53 70 38 4 -14 -14 106 59 -39 184 -146 -64 6 114 
-31 113 73 -109 0 190 32 1 89 28 59 -82 -2 -24 35 99 
77 57 121 -18 102 62 -4 48 18 -40 42 110 67 -140 -132 114 
-274 -15 101 -23 44 59 -111 108 175 -41 52 -29 61 -35 -65 -8 
101 25 26 -150 7 158 31 174 208 -97 69 -78 11 68 -5 -55 
-75 91 168 86 99 -56 43 -103 -47 -52 106 -98 -58 86 61 116 
123 -52 -172 129 233 42 150 -58 -32 110 130 175 109 131 58 -150 
-114 212 2 108 -64 -66 -12 -88 -74 86 -30 3 7 -30 70 49 
0 -106 122 29 205 191 -17 161 31 -131 -33 -15 -197 19 -190 134 
181 -29 -44 -190 99 64 -66 134 140 92 67 93 -44 11 -140 49 
-189 -101 65 -170 -19 -52 65 159 -43 35 52 -86 41 -1 -192 52 
-107 -28 -39 -124 -34 -155 -101 -101 79 -4 11 -99 31 -79 171 1 
134 145 -1 123 -68 -17 33 -258 37 34 152 44 48 -19 50 -92 
101 46 16 34 1 -22 -32 22 -31 -21 8 25 -29 51 40 -12 
-26 18 -79 -24 5 -2 4 19 -59 36 -16 1 55 -60 17 36 
-36 61 2 -2 28 27 27 75 -30 -67 -30 -10 51 -16 -79 6 
-24 -53 -64 -56 56 -49 9 8 53 64 -20 72 -42 56 -19 42 
42 37 -44 -15 -19 21 9 105 -73 18 144 39 63 39 -1 -59 
3 -74 -2 36 40 -21 4 -82 -150 12 -31 45 -88 19 -8 -43 
-65 45 -12 72 40 -60 108 60 96 -55 -35 14 -38 70 30 -39 
-17 32 -20 -36 14 50 12 57 8 1 13 -4 1 -47 -16 -44 
39 41 48 -86 -89 44 -28 4 29 41 13 -30 55 -12 -38 47 
32 146 6 -13 19 171 -56 109 39 21 -23 -71 42 -29 -34 49 
-5 -23 9 -24 -57 -28 127 104 68 -57 -7 38 0 34 37 -62 
14 36 70 2 -40 2 -38 60 -75 73 40 -15 -92 39 43 -49 
50 -10 -23 12 3 15 -59 -52 39 60 -21 68 99 -41 53 50 
-20 90 58 -8 45 -10 29 -54 32 -41 29 -76 -48 23 -21 -16 
-18 -14 10 58 74 82 -26 31 107 46 42 99 -26 35 93 -117 
16 67 25 86 -15 -81 88 -35 22 49 -35 -55 65 95 32 28 
74 5 81 -17 52 -51 -16 1 58 10 33 -53 -22 73 -107 -64 
-31 -25 39 18 9 -39 29 12 9 -44 -32 -11 -62 2 -28 51 
-181 -85 -26 -115 -45 -61 -72 -39 69 48 -33 73 -78 -36 48 19 
-56 -39 53 -120 147 -27 52 32 -137 -37 -80 -118 24 -21 -20 100 
36 -53 -36 73 -20 56 85 57 74 -79 -31 -22 38 147 -45 91 
80 0 120 -9 -20 -104 -10 68 9 42 23 0 -87 80 -63 -105 
27 -37 -19 121 -8 -29 -85 8 -19 -130 -48 100 23 -65 140 65 
88 -170 -129 135 -77 -116 -70 26 -13 -108 -116 62 -22 -138 -102 -16 
-37 60 -34 112 58 14 -20 -13 -71 -34 -40 132 26 -117 21 -62 
97 8 -16 -111 25 76 -167 125 158 -10 39 -1 68 45 -1 48 
16 131 82 -28 -48 21 86 -38 78 -93 48 117 28 90 54 91 
90 72 74 91 118 -66 43 42 116 -33 129 -114 54 55 -65 -115 
-53 -116 -106 -13 12 46 -29 -16 101 -85 -21 -23 7 36 163 -5 
70 102 65 49 106 78 196 -58 -12 -25 43 100 95 -7 123 -136 
-16 24 36 5 98 -26 -105 49 1 -65 12 103 -43 63 -7 109 
-46 123 -31 -55 -2 -63 24 -54 11 73 -151 -156 114 98 -124 -28 
56 163 94 -49 83 65 218 -48 -34 133 31 -100 38 -143 -52 -86 
23 -26 66 -28 56 18 112 11 8 -99 -35 23 48 96 -19 55 
-11 -5 106 46 -96 27 1 -76 76 -14 31 -106 -68 84 -14 14 
5 5 217 18 -116 -9 -170 6 -83 9 -50 -81 -13 9 66 -25 
-66 -91 -26 133 56 66 -67 81 60 56 -28 -42 -89 114 85 14 
6 37 -2 -66 26 -71 18 66 -65 33 -152 17 43 47 96 88 
41 -14 4 120 60 38 121 -83 21 13 -47 -62 -28 39 152 73 
32 21 -55 -42 -51 31 76 -22 -55 -42 -58 40 40 118 -28 56 
-30 124 -15 26 -22 36 -3 -1 -126 108 68 142 44 -18 110 -20 
-67 63 -23 56 49 -28 20 -43 126 -19 -52 11 36 146 61 -36 
50 5 43 73 -137 -36 102 16 128 64 -43 -22 17 -32 14 51 
-38 -49 103 -54 56 115 65 -83 178 -116 71 18 -144 -75 -35 78 
32 -45 60 67 -45 -86 -21 38 73 -9 41 -102 -43 61 -93 24 
16 -10 -28 -61 20 -23 -62 -33 10 -8 -83 37 -28 -55 -14 -6 
-18 -40 43 17 2 -34 73 41 -21 6 -93 -32 -20 40 -2 27 
148 -35 48 -3 -215 -81 61 56 30 15 67 83 19 -15 172 -32 
30 -31 -3 -26 22 -22 -29 -78 61 17 0 3 -24 -17 103 30 
-77 49 14 -78 -126 -116 84 -109 -52 -2 32 40 -74 31 -85 112 
-35 72 -67 45 79 -65 -28 30 28 34 -107 1 22 41 97 28 
7 136 45 40 11 2 47 51 96 69 63 59 -32 -61 -85 -14 
-101 108 -82 60 67 95 -2 50 52 -70 164 57 89 -53 65 25 
51 -80 -13 -14 140 -116 38 59 -21 11 4 -44 102 4 -58 20 
149 74 74 -151 -5 -45 4 -32 -33 -38 42 -132 -69 -79 -2 -22 
20 57 -8 -193 -93 47 107 97 27 59 50 -5 130 -28 183 49 
-53 -98 -167 -11 89 26 -30 -1 22 -80 -37 -74 -100 98 77 74 
57 -106 64 58 17 -27 -14 22 52 53 -73 -7 91 122 21 -85 
-12 57 96 -13 159 42 -94 29 102 3 17 -73 61 71 92 88 
-79 18 11 -110 12 78 -32 -21 -49 -116 50 -55 12 -106 -78 11 
-95 34 80 -6 -81 67 -23 -5 27 119 -45 -76 33 9 110 26 
2 150 -41 -45 -44 17 105 170 -76 73 -85 -104 74 -40 51 -181 
86 68 83 54 -13 32 71 105 63 69 45 83 85 -126 -30 169 
-38 0 17 33 -48 87 -64 -163 13 31 -56 37 45 -23 -11 -7 
-65 127 101 56 21 30 -55 2 -90 47 42 28 168 46 39 59 
-60 4 -9 -97 15 -89 -34 17 12 38 70 -10 95 -44 -36 20 
-47 -65 -63 15 44 -136 15 -101 -96 -64 51 -16 -96 -71 -29 -99 
-63 -72 72 -126 10 -70 94 21 22 -72 -47 -40 -4 -52 -33 -48 
89 112 -92 -90 -48 56 -126 10 59 16 -160 -7 -50 -33 13 43 
157 37 -71 25 8 33 -36 -12 14 -37 49 -51 -64 -62 -75 44 
-188 -71 -31 17 -102 -114 17 74 33 -22 -9 3 29 39 101 -118 
-61 -21 -28 -203 -49 -142 -64 88 24 15 104 38 -14 167 -23 16 
92 63 9 -24 46 86 89 55 -24 -83 -43 73 -94 81 -41 40 
74 -57 -84 74 -86 29 -17 -114 1 112 -18 5 -104 25 -45 -36 
-68 -46 -137 -13 24 45 -15 44 66 -52 -40 43 46 72 46 -15 
58 65 -111 -75 29 -121 107 199 -81 95 -65 85 56 16 75 39 
69 -49 155 -15 -67 196 104 -28 126 -80 -12 -111 133 -159 -77 -27 
16 -98 20 -27 35 9 -13 -47 -27 -59 7 45 23 70 36 13 
-18 64 33 35 33 -72 64 14 99 38 54 10 -81 -20 90 -20 
-24 -69 31 -65 85 38 128 -35 27 54 19 -125 1 125 59 -136 
11 50 62 -132 -10 31 -33 86 62 -29 107 107 -2 12 -42 -68 
39 57 56 -22 113 34 78 85 80 70 -47 -56 6 0 -98 -9 
61 120 -96 2 29 137 -148 40 27 91 -33 68 -42 23 -43 24 
30 -9 -28 -2 64 108 55 36 85 75 -57 163 -63 80 -24 -81 
16 56 8 1 -31 -58 24 54 58 3 -73 16 -12 -83 16 95 
-129 -17 95 -26 -47 103 63 -130 71 -157 86 -112 60 -19 -17 -31 
1 48 -11 -82 -48 43 47 -20 104 34 19 28 4 -12 8 125 
19 140 6 -79 -53 -36 49 64 28 33 42 -90 76 69 -4 -28 
-75 16 -56 8 2 107 -21 57 -30 -131 32 -65 -160 142 41 -44 
-66 61 83 111 24 -5 124 -96 -102 -122 -30 -17 57 23 60 70 
34 -68 -61 9 52 110 40 139 -33 137 -51 -76 57 -127 -5 -174 
21 60 235 -131 29 -49 6 54 -141 -16 -78 34 -6 17 28 14 
-38 36 6 -19 -73 -105 59 105 -17 -78 -77 -96 -73 -27 108 86 
-31 16 -29 33 19 -71 12 -66 100 60 -151 -103 -57 36 -9 -91 
-49 21 54 -29 145 -146 19 -52 29 -88 7 6 84 8 97 -64 
38 -12 -115 102 89 -46 -15 63 -84 -61 -56 -5 13 105 -43 -9 
9 34 12 121 -31 87 23 -43 73 87 90 8 73 35 200 59 
-18 -32 -5 125 -56 -94 -76 145 -49 77 92 -63 -177 43 -154 -128 
79 -85 64 115 -79 -97 4 -43 -19 60 -47 -26 -23 143 -86 19 
-40 -36 -55 102 121 72 115 61 53 118 26 113 57 -23 -171 19 
0 78 -68 189 -114 -14 45 50 -46 -27 26 -131 -65 17 7 -83 
185 39 77 24 171 58 5 -71 -98 143 7 -49 75 -11 99 -79 
37 -34 37 56 216 -22 -30 100 67 159 81 -115 80 115 -97 -53 
-17 -147 -222 -34 8 -9 -5 -55 94 -2 -69 -45 41 41 94 -136 
113 90 53 -86 85 -72 52 -77 -55 35 -9 -103 115 -100 44 -32 
20 -35 -13 8 -56 169 1 -3 36 31 39 -91 -88 -136 128 14 
-106 134 135 30 44 59 9 -110 -70 10 134 -46 13 -96 29 -44 
-85 18 44 52 85 -17 -90 2 108 -64 -86 53 50 74 56 -107 
-5 30 -10 -11 -12 22 28 -14 -13 -16 -26 -5 7 -10 29 8 
0 37 0 6 4 7 -25 -11 13 -13 4 -31 -8 40 -24 9 
-15 20 6 12 11 9 22 -25 19 8 6 -18 -20 13 0 19 
-23 1 -3 9 21 2 20 2 15 -5 31 7 25 -9 4 41 
2 4 -21 -3 -7 26 16 5 -5 -4 8 -2 21 -4 35 -7 
53 10 33 12 -21 -26 -8 -1 -4 8 16 -7 39 35 0 -5 
-8 -8 0 9 -8 -1 4 -7 -11 14 -20 -7 -38 -3 2 25 
-10 -3 35 0 23 8 18 -1 -41 -9 0 -17 -18 -29 -5 25 
-8 9 -11 -4 -30 21 -8 6 20 -5 5 -1 -13 -10 15 16 
8 6 11 -16 40 -24 -2 34 -3 5 -17 2 -2 17 -4 -10 
-22 -9 7 -26 -4 13 -30 -7 4 -16 7 16 10 -1 11 -35 
18 -1 -30 -11 -6 0 0 -16 -19 -22 6 -19 -23 -26 0 -5 
20 29 11 -14 -7 5 -19 -19 24 0 8 28 -28 18 4 -19 
52 -10 -9 18 23 0 -15 -13 6 -31 5 8 -3 22 -41 -20 
3 27 20 18 7 31 -1 -5 -1 9 9 10 23 32 -5 -38 
4 -15 -5 -14 4 -9 6 -22 9 26 4 -1 -4 2 -14 -4 
12 25 10 33 10 -6 6 42 4 1 6 1 8 33 12 52 
-3 12 -17 -6 -8 -12 10 6 13 21 15 33 -8 17 3 13 
31 -16 -4 -5 -19 -12 -13 15 -2 -14 -7 22 -6 9 13 -6 
-20 -16 -5 8 -15 0 -13 -2 13 -23 6 26 7 -4 -17 18 
2 1 -14 -6 4 -9 15 -1 21 -10 11 -6 -14 14 -12 8 
-13 9 45 6 4 15 -39 -8 0 -33 -26 3 -24 -28 -20 -2 
7 -25 -1 -20 5 12 9 4 -2 13 23 -7 -1 -22 3 -20 
21 -1 7 -19 3 6 -5 21 -23 11 -23 -12 -6 29 5 24 
8 0 -15 -5 -3 13 1 -15 14 12 -8 -6 -2 2 4 6 
-20 4 -33 0 -1 14 -10 -8 8 -31 -19 -23 -4 19 -8 -5 
58 -9 -1 -8 -25 -10 0 14 18 -12 11 56 -6 0 -2 5 
3 -4 11 10 25 20 -5 8 -16 45 4 20 34 30 21 -10 
13 9 -24 1 12 25 -8 -10 2 3 -5 8 -1 -13 22 13 
8 21 -8 -8 21 -33 -16 -12 -21 12 16 5 2 -21 -17 2 
18 6 8 8 -9 12 13 1 -22 5 -19 -13 7 -13 1 8 
-10 -5 -5 -15 36 4 -2 1 19 8 -14 -11 -9 4 3 10 
-3 4 29 -13 6 3 -8 -1 -16 35 -21 -13 -19 -7 -2 12 
-1 13 -11 -3 -15 -18 8 21 -26 4 12 -38 -14 -4 -13 -4 
-6 -19 0 13 10 -11 9 13 -18 -1 -32 -47 -2 5 -3 14 
-9 13 2 21 -37 14 22 -8 9 -17 -1 13 -16 4 -12 12 
34 -40 17 52 -61 -27 14 87 -9 12 12 12 -57 61 -11 -46 
14 -22 -19 -8 20 12 -55 27 65 -54 58 20 67 -18 -23 2 
45 44 55 -11 -8 -10 -9 41 10 15 -17 40 -53 45 -8 52 
-69 -4 -36 -38 -5 -5 31 -3 19 0 -4 7 -4 11 17 -64 
39 -18 -10 -1 -23 -30 44 -16 -18 -6 44 31 -13 51 39 31 
-55 -19 48 2 -14 -8 27 -7 -6 58 25 -30 -3 9 2 21 
-15 -32 3 -29 8 -3 54 -9 9 24 8 -2 -87 8 5 -17 
20 -77 -14 9 23 -21 -13 -21 -26 -1 18 -35 -30 37 -3 -11 
33 -8 60 22 -70 -2 50 -58 18 -16 -52 -18 -58 45 40 -31 
22 23 -33 12 -29 19 -33 33 -21 -21 -10 8 -7 -25 -9 20 
-14 26 -3 -22 -17 -15 15 20 52 -1 16 51 -5 -49 4 21 
-8 -23 4 14 -23 -31 -5 -23 -61 26 38 -60 9 -13 50 60 
-40 60 35 19 9 15 2 -61 -69 -8 16 -1 -3 -34 67 -65 
-53 -40 -20 52 -17 -12 3 9 -21 -3 0 -8 5 9 -28 -24 
8 -25 4 38 -37 -1 12 5 52 21 16 8 16 9 16 34 
34 -2 -7 71 -9 34 -19 -39 -24 9 -32 21 20 -52 -3 -10 
-8 5 -42 -15 -53 9 -37 -36 0 23 -14 0 6 3 20 -33 
32 48 -25 -3 17 7 -23 27 21 3 -43 14 16 19 4 -27 
-66 48 9 28 1 5 -2 -30 -5 11 -1 -58 22 -26 56 12 
-16 -20 -6 16 3 -8 -27 25 -31 -29 7 -8 1 19 4 -22 
66 -30 -23 -12 7 -11 -27 64 64 0 22 -26 25 36 -46 34 
-30 -32 33 39 -27 -23 9 15 -18 -20 -5 53 -26 -40 -38 -2 
-10 -14 -39 12 17 -8 51 -5 39 36 -32 -10 6 24 21 24 
60 11 14 28 -6 11 -28 -3 -24 -8 -27 0 -34 -35 2 5 
26 -1 -47 -10 23 15 16 -42 10 -14 21 18 22 -16 -13 -33 
27 -40 -37 0 -19 -22 22 14 -9 15 -1 10 -1 -12 18 -37 
9 41 -12 3 31 21 3 55 -16 36 -15 -16 -46 -29 2 -11 
10 6 33 7 -2 38 -32 32 4 15 28 -31 -21 -89 -12 -39 
-34 14 -23 -30 -34 59 -56 -57 5 57 -21 39 17 -7 17 -12 
21 -4 3 41 -30 27 2 0 31 19 -16 -20 -6 -2 -2 44 
-48 -26 34 43 -64 1 -8 2 60 29 -25 55 -14 -11 14 -1 
-9 -13 12 -7 -13 -6 -34 40 8 2 0 16 32 -34 5 5 
27 39 -59 -45 -18 7 -29 36 37 24 -7 15 -35 -17 19 -25 
36 -11 30 -10 -65 -4 -18 -19 40 -37 55 6 9 -70 -9 -6 
24 -16 29 38 8 -1 49 2 -57 -4 47 -38 -11 2 -16 17 
27 13 -20 -7 54 19 -11 19 -24 14 23 -7 -33 -11 30 -1 
-1 46 -44 59 0 6 -3 24 -9 2 5 -2 -21 28 -18 32 
-17 35 27 43 22 -38 -5 -23 -32 -44 -17 -21 12 16 -12 17 
-34 10 56 5 -23 0 16 -17 -15 -19 23 25 1 34 -29 -5 
35 32 -19 38 25 -8 5 7 6 35 31 -5 -53 -17 25 50 
-8 6 -18 1 15 17 -2 14 -7 -4 -4 26 28 -45 71 23 
53 -9 -3 -31 -15 75 -50 -9 4 22 25 37 17 -7 -19 -35 
6 8 7 26 6 -4 12 -7 8 -1 -19 48 -6 -9 15 -35 
-46 23 3 -16 -40 9 -3 25 -30 -1 26 -2 5 5 -54 27 
-22 34 -27 -35 -27 52 -36 19 8 -10 -20 84 -51 -37 -51 -18 
-9 30 4 40 33 -47 58 37 35 7 25 -27 -15 -10 -4 10 
-11 -14 1 -21 12 -11 -55 -3 26 2 -43 -35 -8 11 -12 -66 
-29 23 21 -36 -11 14 -32 17 -2 -6 7 -23 0 5 -23 27 
20 8 1 -3 2 20 14 -38 44 -51 -6 9 -54 20 7 -45 
27 2 -13 -39 -6 7 53 -2 24 -48 1 -6 32 -8 7 28 
-10 -6 21 12 17 -17 16 21 -17 -17 17 33 -15 -13 -4 31 
-51 -35 -18 -32 -24 -3 27 -42 -37 35 37 6 -43 14 4 -18 
-15 58 -30 -48 9 30 -32 53 -33 -4 7 10 14 18 -2 7 
3 56 -68 4 10 -19 1 -20 14 -40 -13 20 -34 33 23 -32 
5 -26 15 19 16 -56 17 36 -25 14 -3 -6 13 -22 3 24 
-4 -7 -33 4 13 -19 13 -5 -1 8 18 38 -36 -42 -29 -13 
28 -31 -5 -19 32 28 1 50 -29 -27 1 22 22 31 33 46 
-44 52 -11 9 -20 -37 -22 -34 -25 -12 10 8 -38 -60 -25 -8 
38 -10 5 40 -29 13 -31 -7 -31 10 17 8 2 44 28 -6 
43 22 -40 23 13 0 -26 7 3 66 -24 -9 -8 42 -11 28 
8 6 42 -54 13 41 -8 2 8 27 -47 32 -5 -17 10 -53 
12 -43 -3 -15 -5 3 61 -1 -29 57 16 34 21 28 -29 -9 
16 -46 32 -2 -49 49 -20 1 21 -37 -7 30 2 -19 29 -6 
-13 -37 11 34 -47 34 -10 12 -5 40 -58 65 53 31 16 -5 
-48 -23 -18 1 30 15 -46 28 -62 -49 37 49 -44 36 11 -44 
25 -53 -76 26 6 -4 -2 -28 -48 -23 71 -58 -15 19 7 12 
-2 -15 49 -22 52 -7 36 39 -13 -4 -3 -7 1 2 9 -32 
-11 3 24 -4 38 14 -42 11 38 -6 -35 14 -14 7 0 -56 
-3 13 -13 -42 77 -6 33 19 -35 -6 20 6 -62 38 -23 21 
0 23 0 5 -20 11 -53 15 -4 35 -5 -21 -6 39 17 29 
-24 -13 42 -10 -31 -20 2 27 -9 5 -16 -87 -7 -26 -12 -27 
-32 22 -24 19 -48 103 -17 3 18 -10 23 21 27 -30 -7 41 
-16 37 -61 -70 41 82 -44 -42 -33 -10 -54 -2 -20 35 53 100 
19 9 44 10 26 -4 -30 25 12 127 -4 -19 96 5 -19 19 
-27 -10 35 39 49 -74 8 33 52 18 -77 -12 23 -42 28 -24 
38 45 -14 24 -81 -34 -56 -43 -12 -70 -18 -33 -13 88 17 13 
42 -37 14 -7 -4 -15 -11 9 8 58 14 43 -2 -23 -56 29 
40 -9 13 31 -14 -56 -7 -11 -10 -11 -19 38 7 -29 61 -14 
-53 -20 -35 1 56 55 -40 -33 -71 -42 28 20 5 -1 -2 -10 
-6 -13 19 69 68 40 -59 40 -45 -15 23 63 -23 6 -6 25 
2 -9 -76 26 -21 55 -10 39 -13 11 69 -16 28 -29 -2 23 
-10 51 72 67 10 -72 5 36 -24 17 -16 46 31 19 -29 -42 
50 -25 18 -6 8 -26 -98 9 -30 51 57 22 46 52 87 -77 
-36 -8 -76 36 -6 -10 26 102 -21 -47 -42 -26 25 59 -32 -11 
8 -65 39 -54 -1 30 -15 41 34 -23 8 -17 66 -5 46 50 
42 -15 26 -47 -68 -6 -25 9 -15 65 14 27 12 48 -37 57 
-17 -20 -4 6 20 -53 -57 48 -9 17 2 12 124 -28 16 -28 
21 -9 7 10 46 -12 -28 -20 58 -18 -15 -48 69 12 -14 36 
71 22 50 -12 17 -45 69 25 -9 -12 13 -20 -1 15 -73 58 
-29 28 -27 -16 6 25 45 -11 3 -41 -55 -52 -26 -48 67 -39 
39 -14 49 -4 46 -12 -1 4 -48 -11 42 45 -33 31 11 -22 
-33 44 -9 57 -21 -4 75 -17 17 -20 17 14 1 13 14 -50 
1 -34 -43 37 33 41 -6 -66 5 34 17 39 -45 -20 -44 -64 
68 10 -23 -60 71 -1 -9 -74 -56 2 -42 -48 48 31 -31 132 
5 0 24 12 70 34 -18 -13 -43 15 -19 2 -29 -13 25 -15 
41 39 -35 36 -13 6 12 -3 -32 24 2 32 11 11 -44 -26 
14 0 55 -12 21 -21 40 -23 -9 -13 39 7 46 13 40 74 
12 -21 72 -7 13 -17 57 -8 -29 -39 58 7 -34 70 -12 25 
11 -33 34 -55 62 -12 -31 34 -58 -26 -23 41 51 -6 -24 -39 
-9 -23 -31 -18 -15 -72 15 -18 -34 6 5 19 -18 92 6 45 
32 82 -19 -34 21 -29 -60 -5 -34 6 68 -16 -15 25 20 14 
70 -4 -25 -4 -8 -51 9 25 -48 -18 -40 23 5 -52 -37 60 
34 26 34 0 -7 25 2 -23 -64 67 -65 -26 -45 -17 -44 -64 
-33 -55 -26 18 14 -3 -54 42 -33 17 12 -66 10 -6 25 -29 
-15 4 9 16 68 23 33 40 -42 -8 -47 -35 9 7 -41 36 
22 -36 55 -7 66 -6 64 2 -53 -13 80 -63 -10 46 41 17 
-20 29 43 -26 3 19 58 74 21 -51 11 81 -31 69 6 14 
-46 44 -13 -2 -91 -6 -17 -46 -30 -15 53 -66 61 32 6 19 
-17 62 19 35 25 -6 26 -78 49 19 -10 -22 -41 -49 1 -15 
4 12 -18 21 -9 10 -84 -31 -55 20 -13 8 45 66 -44 -20 
41 38 9 -17 -47 -19 5 -10 31 -12 51 -24 18 6 35 27 
-16 -3 6 -30 -29 4 -73 53 -36 -26 -21 -1 -40 7 -4 61 
55 -1 15 24 41 89 -15 -14 -29 -3 -45 -13 28 -3 31 -17 
52 30 8 6 -20 -99 -15 18 -1 -21 -4 87 37 61 53 9 
-6 86 5 27 -45 26 8 -16 38 -28 -19 -64 23 25 4 -1 
1 5 28 -32 59 7 -31 -33 -57 -28 40 67 -27 0 20 -33 
10 -20 -52 21 -8 14 3 22 -52 15 38 -73 25 -11 71 4 
-7 -18 -2 91 54 7 11 -5 40 35 -45 9 -8 -20 -30 -13 
-43 -47 -39 6 -25 -22 -42 45 -14 -67 -24 12 -94 -116 35 -24 
43 18 -33 -32 -13 -60 15 1 -22 -74 5 -24 -52 -1 17 -17 
30 67 13 -41 -7 18 -24 -49 -6 -20 1 28 -51 21 -58 -13 
55 -11 6 59 -7 -28 -21 31 -6 -62 32 44 -4 48 -70 -13 
-21 12 -33 -76 -10 -22 -24 -22 30 46 15 30 -22 56 74 41 
-9 -14 12 2 -24 -3 32 8 18 9 -76 -22 -5 -7 -47 47 
60 16 -47 -15 35 -41 8 2 6 26 -18 0 6 2 -15 85 
30 16 -6 -3 12 -5 -20 -44 -9 21 27 -4 21 28 -5 32 
27 -5 10 32 -16 66 61 -3 -7 -19 49 32 36 2 51 54 
-24 -48 0 -35 27 31 -5 14 17 20 4 27 34 67 -29 42 
81 -41 26 -65 -10 -18 -16 5 30 -2 20 -13 10 43 3 -5 
75 -48 21 -12 -26 -18 -43 -17 42 -10 -5 3 4 -9 -8 -19 
-35 30 6 -33 -11 23 12 19 4 24 57 30 20 -4 -24 -1 
29 53 22 -2 -17 12 -27 33 -51 -19 3 -58 32 -56 -22 25 
3 0 30 -15 -24 -34 -1 -5 37 -43 -19 16 -11 -23 -6 -14 
-38 65 -57 22 -15 14 0 22 -3 -19 -9 -8 8 -25 22 -13 
-22 14 20 16 -14 4 14 -32 -64 22 6 42 8 -21 34 32 
20 10 -8 0 46 -28 -6 34 -64 39 -18 -24 18 7 28 -37 
78 0 -8 4 -1 -31 3 -38 63 -38 -15 52 -15 7 13 7 
-75 46 -40 -23 26 -93 -18 27 -32 4 -39 22 -43 -23 -35 -61 
65 7 -77 0 -28 12 58 -29 6 -24 30 -42 -1 -37 -43 -27 
-76 -44 27 37 54 -11 9 9 13 -26 34 26 -60 40 -7 38 
25 16 64 4 -74 48 -7 -11 -74 15 -23 -29 -20 3 68 68 
-48 14 -8 10 -21 -5 47 39 -51 9 -17 -16 -25 0 19 -9 
-4 12 23 4 29 4 16 -15 17 43 48 -67 22 16 -11 -42 
35 -20 7 82 -54 60 4 26 13 11 -23 32 -19 -29 4 26 
-58 28 -7 12 -31 -5 -15 16 -89 -18 -32 6 -72 12 26 -7 
76 38 -8 0 42 -67 -78 -21 12 -110 99 9 -37 -19 -10 -27 
6 -23 16 -65 4 41 -42 -6 -50 -55 28 -43 13 8 -56 25 
-17 -45 -25 -56 32 -26 73 -5 -22 -69 -19 -28 64 11 2 -1 
99 -38 -32 -1 32 -2 30 23 25 -23 -5 -8 38 57 60 -12 
20 43 -36 -15 -4 -41 -54 9 -12 -36 -39 -101 9 69 -12 16 
23 -76 18 31 -52 66 -18 57 77 -75 27 -9 32 13 34 -50 
-78 16 5 -35 48 3 26 20 -37 12 -8 -41 42 -52 -50 -39 
88 23 21 2 -88 2 22 -71 5 1 35 -44 -34 28 -81 -23 
-9 -35 -56 -11 6 -26 -17 -19 -121 -51 -27 -36 18 -14 -6 -37 
-69 -58 43 -24 25 -64 -31 -53 -22 7 -31 91 -76 -64 8 -94 
-15 45 15 -1 -2 39 -34 -57 -67 8 -35 7 -25 5 26 30 
-38 56 5 -12 69 -37 53 -119 41 -68 12 34 -48 -25 4 -96 
-9 -43 -55 26 -51 -55 25 -23 -64 40 6 -45 -36 -32 -19 -39 
-31 9 -70 21 95 95 -31 -106 100 51 -57 -18 30 3 -35 -55 
124 49 14 10 -24 -5 12 -17 -74 50 76 38 -83 77 43 -6 
29 -76 -90 -44 -78 -8 -39 -20 -33 16 -37 -40 -13 70 26 -29 
47 51 30 29 -1 81 100 78 88 -38 35 -3 22 3 46 6 
-42 59 -1 77 -51 18 -27 -77 -105 -22 -31 -28 46 -15 48 10 
-5 -10 55 -7 -16 5 -17 59 -38 -30 73 12 36 -15 2 -90 
50 -26 -25 57 -31 -2 7 28 48 2 31 5 -13 -71 -107 11 
-35 -22 13 72 -88 14 75 46 -35 23 -31 37 3 -110 -36 -11 
-51 -7 -78 55 51 35 -1 26 -49 -25 -12 -1 6 -36 -17 7 
82 50 86 -9 12 -46 -54 -22 10 -68 -60 -41 -44 -84 87 0 
-28 20 -91 65 23 35 -80 -3 12 62 67 32 -20 -82 -63 -39 
-47 -4 -21 2 -67 -73 6 -12 -35 19 -51 51 -43 1 -35 3 
39 -6 -40 21 -55 -31 -10 -60 50 93 -29 0 36 -13 24 -9 
79 5 -21 8 -24 -100 -7 35 41 15 -72 -8 113 -7 53 26 
-39 -12 -51 -15 34 19 -66 -71 7 138 -51 -13 -26 29 -13 -82 
-55 -3 41 27 112 28 21 6 11 -37 76 -12 -6 9 1 46 
18 -8 -68 26 -35 -19 31 3 31 -45 -18 -5 44 -13 17 -35 
17 -33 -13 93 13 -25 -18 -91 -7 -28 -53 -7 26 6 -3 -18 
-72 -16 -40 -39 -77 -36 -32 -27 -43 -8 27 -61 -76 1 -7 -15 
80 -51 46 -60 -60 -40 -35 -3 25 -6 -35 -13 -97 -42 -14 -43 
37 -31 -15 49 -21 -49 31 -34 -60 -3 16 -108 -7 -50 -30 28 
-46 34 -101 -11 -17 17 19 -18 23 -28 -26 55 11 -8 -18 -43 
-7 -8 0 0 83 1 0 5 29 27 1 21 0 3 3 -15 
-2 0 3 0 0 0 6 1 0 2 -12 -1 -6 -2 3 -3 
17 -4 -16 -8 -2 6 -5 -39 -31 0 -2 -3 -9 -2 31 0 
5 0 -3 2 0 0 0 11 9 4 -32 -1 -29 27 -36 0 
-5 0 9 10 2 22 -21 -69 19 0 -13 -4 0 24 -2 -7 
-2 8 8 -8 -29 12 1 -22 5 0 20 0 19 -28 -19 0 
1 -5 2 0 0 -1 -34 3 -16 -28 -10 -2 -34 -1 12 -1 
25 -3 -4 -16 -15 -10 3 -2 0 0 1 -42 -1 3 -24 -31 
-1 1 1 0 0 -1 -38 -10 6 3 14 8 5 -18 -9 -11 
-27 -1 -3 15 -12 -3 -26 8 0 1 2 35 -9 0 -29 5 
4 -4 -16 15 6 18 -2 0 1 -6 -22 -15 -4 0 -7 2 
7 -36 -2 -17 -9 25 -9 -29 -34 -37 13 -1 -26 3 0 13 
37 27 -47 -27 -6 -1 -3 -3 -30 -2 -3 -21 -4 -1 -20 0 
1 -22 3 0 -12 -7 0 -20 3 1 1 22 13 -2 -29 -14 
-6 0 -5 10 0 -29 21 -12 31 1 9 4 -38 -2 -20 13 
-10 -47 -35 -22 -11 -5 -2 15 14 -11 -3 -37 1 -1 0 -30 
-5 -29 0 1 17 0 -42 5 0 -4 0 -29 -4 18 -20 20 
0 1 -1 27 -1 -12 12 10 26 0 -17 5 -1 0 4 15 
-22 -1 -5 -59 -45 -2 -8 5 4 -39 -3 2 -26 18 4 -1 
-38 -12 -6 12 -7 18 -13 0 3 -14 -4 -37 -13 0 -8 0 
-2 1 -3 -2 0 -8 -57 4 -6 10 40 -12 0 21 22 -17 
-5 -13 12 5 0 -11 1 6 18 8 0 -5 0 8 0 38 
-11 -6 -5 0 -3 -35 5 32 -29 20 -34 -3 8 5 -1 -25 
3 3 -6 3 -3 -10 -1 -2 1 0 31 0 2 22 -38 -11 
8 21 -2 -1 1 -2 -22 -8 -2 8 -8 0 0 -27 14 -30 
30 -11 4 -1 15 -3 20 11 -67 1 0 -1 0 43 -2 7 
-4 0 -18 -20 0 -4 -1 -19 8 -17 5 -3 -9 -18 -24 5 
7 -13 13 1 24 -12 61 -8 1 -49 0 0 -42 -10 -13 0 
2 1 0 4 -26 -8 6 0 -3 -69 -6 1 -34 41 0 2 
-28 6 12 -46 8 -7 -14 -11 -16 13 41 69 49 0 14 -19 
-13 -32 -30 -28 10 -60 0 -22 25 0 -1 -37 -23 -20 -23 -16 
-17 2 -14 -3 1 -52 -21 8 -1 -2 -13 18 22 -5 -5 -12 
13 -5 -22 -21 -5 0 -23 8 0 -10 -11 -14 -6 -1 -37 4 
-7 4 -32 0 -43 -9 -11 7 -8 0 -24 -40 1 -11 1 -40 
-17 1 1 0 -1 4 2 -53 -14 2 -37 -6 -6 0 -9 -13 
-25 -13 -38 6 -23 1 -2 -2 -42 12 1 0 -1 31 3 -16 
-6 15 -2 0 48 5 0 6 32 -3 -9 -5 0 -27 4 -2 
-3 0 3 0 0 0 11 -1 0 1 -4 1 -17 5 4 0 
12 3 10 -17 10 21 12 -22 -25 0 4 38 9 0 32 0 
-8 0 16 8 0 0 0 -3 -2 0 -50 -3 -31 20 0 8 
15 0 -6 23 7 4 -30 -30 8 0 -2 -1 -28 29 3 12 
-2 -11 -13 20 -31 0 0 15 13 2 2 0 9 -16 -7 0 
2 -2 -14 -1 0 2 13 1 -12 -13 1 5 -3 2 21 0 
16 15 2 -6 40 4 -31 -2 4 0 20 9 -8 -8 12 -7 
0 2 -1 4 0 -1 -8 -5 -2 6 0 7 -37 -11 -27 -4 
-20 -1 -1 -1 -12 1 -28 4 0 -1 6 -28 58 1 33 36 
-1 -7 -4 -4 4 -24 -8 0 5 -1 -15 -30 18 -4 -8 -16 
-25 -22 0 31 -7 -11 0 1 2 -31 34 0 -19 -12 0 54 
29 -13 -21 0 10 -12 1 -5 -47 -1 0 -14 -20 0 2 0 
7 -20 -2 1 15 -18 0 -21 -3 -2 2 -13 14 0 -17 25 
0 0 -17 14 -1 -48 10 -14 9 -1 1 -2 22 0 14 -2 
0 -18 -41 8 -10 -9 18 -13 -22 -13 19 6 0 0 0 -49 
-25 4 0 -9 29 0 -19 7 -4 -25 0 42 -2 38 -47 -7 
-23 0 -23 34 0 -9 12 -7 59 0 24 -3 7 0 3 46 
8 0 -19 27 -44 -2 0 -8 0 -23 -1 2 -23 -5 -3 0 
36 35 12 37 -4 23 -8 0 -2 -14 -7 2 -38 2 -10 2 
-9 1 -1 -33 0 -29 -19 2 -26 -22 8 0 1 -12 20 13 
5 7 14 7 -1 25 -1 3 10 -6 0 -14 0 -3 0 30 
-1 -2 3 -1 -14 -36 2 39 18 -11 -9 9 -16 -1 22 -16 
5 3 2 3 -2 18 -3 -1 -1 27 27 0 -1 19 8 -17 
18 50 4 0 -57 -2 -26 4 -2 3 -10 0 0 -33 9 -14 
-13 1 6 0 -4 -3 49 -5 -49 3 0 1 -2 0 0 25 
-1 0 -17 -18 0 -3 21 30 19 -37 4 -14 -8 -5 28 4 
-2 -33 -37 1 19 5 17 -3 -14 8 0 0 10 10 2 0 
0 0 0 -20 -16 8 -5 0 -42 -44 20 0 -16 8 8 0 
-36 -14 10 0 -2 6 -12 8 -30 7 -4 -21 18 0 50 -26 
28 -19 -43 -39 -5 -15 -5 3 -5 0 -1 -18 -17 22 -10 -10 
48 -1 -7 -1 5 53 -13 2 0 -1 36 20 23 -5 -5 -8 
11 -5 -27 -31 -4 0 -15 -22 0 2 2 -29 -2 -3 21 18 
-5 27 -48 0 18 2 -36 7 -21 0 -33 -3 4 10 0 18 
-9 5 0 0 3 -4 1 36 -6 0 -21 1 1 0 0 9 
-3 15 -39 -35 -42 -7 1 -7 -11 2 1 0 -3 47 0 3 
2 5 0 0 5 -2 0 -2 -32 5 -5 12 0 -16 -18 -1 
-4 0 -18 1 0 0 -1 0 0 2 7 -10 -34 20 -1 -1 
18 1 -53 16 -7 36 75 -23 -42 0 -9 -32 6 0 14 0 
-9 0 -19 -72 -1 0 0 39 -18 -5 12 -1 -58 -23 16 -3 
27 0 20 -7 -2 33 -11 -42 -2 0 -11 -2 21 -50 36 -9 
6 0 42 9 16 0 10 30 4 2 -1 0 -3 -39 -38 0 
-1 -3 58 -1 0 -1 -9 3 -5 16 2 -52 -28 -39 -3 0 
-22 42 -1 33 7 -11 -5 8 0 0 13 4 -11 13 -3 21 
0 -15 3 -2 -2 0 -45 -20 -7 7 20 5 28 -43 -32 4 
-9 1 25 -16 -16 -4 -24 8 0 1 -18 43 21 0 58 34 
-1 -17 -2 -3 -1 1 -24 1 -4 2 -31 5 -23 0 -5 -68 
13 21 0 34 1 -18 -34 -2 -4 23 -1 -6 -21 -12 0 4 
1 23 3 -13 8 -28 -6 -11 -27 -1 -4 -9 -15 -1 -7 0 
-6 -13 4 -18 -14 -1 0 12 -1 0 0 -42 14 0 20 -27 
-8 0 -13 14 -1 -17 -7 -19 -26 0 21 -6 -2 -2 10 12 
-3 -8 -37 -10 -11 19 0 34 -42 -28 -19 -19 -3 -24 0 -6 
-41 -60 0 -18 -7 0 15 7 -1 19 0 -44 3 -6 13 -27 
-1 0 -13 5 -2 15 -44 -26 10 0 3 -11 -2 0 11 -25 
8 0 -29 -2 20 0 -9 -17 -1 -64 -2 -4 34 41 -12 -1 
-7 -17 -12 -58 -14 0 71 0 0 -13 7 -9 -26 0 16 -1 
0 -1 -1 -43 0 -38 -31 -12 19 12 -14 -6 -2 -34 22 12 
6 -2 41 38 1 -42 1 14 -15 30 0 18 0 13 0 -36 
-15 -2 -13 2 -4 -67 4 -22 -17 -10 -21 -6 2 -1 36 -67 
3 28 -5 -1 0 -9 16 -1 -2 -5 -49 0 7 11 10 6 
2 -32 -4 -1 38 -2 -17 -2 -6 -2 -7 0 0 -17 7 -5 
-5 -42 -9 0 13 2 -18 20 -25 2 0 2 3 56 -36 13 
3 1 -16 4 0 0 53 2 9 15 1 -18 -17 -18 -61 6 
7 -34 -13 -1 17 5 75 -5 -15 -23 0 0 -44 4 -11 0 
-3 -2 0 11 -14 3 15 0 -31 -24 29 1 -20 3 -13 -2 
-13 -13 -1 -30 15 -8 -12 -6 9 -4 -2 66 -14 0 -8 19 
-39 -6 11 -26 22 -1 -4 4 30 0 3 9 -29 20 5 -50 
13 -1 9 -1 -1 -28 -41 9 -2 0 -19 17 -29 -16 -11 -2 
-3 -2 -7 -87 -14 -3 -13 31 0 -23 7 -4 1 0 -53 1 
1 -24 -38 0 -13 -5 42 -8 -14 0 -15 -11 -2 6 -3 34 
-4 -3 -5 0 1 -6 -1 12 -18 -4 -8 -11 13 0 -30 -31 
-42 6 -21 -11 -45 2 -1 -5 -23 39 -3 0 -1 -43 -5 4 
1 3 0 0 11 5 0 24 27 3 1 -55 0 6 0 -5 
5 0 -12 0 0 0 -26 0 0 1 -21 2 -14 35 9 3 
5 4 0 -6 -10 9 53 27 -47 0 -16 14 -11 3 9 0 
-15 0 11 11 0 0 0 -28 25 -1 -12 1 -19 -8 11 6 
41 0 0 -24 -6 11 14 -35 14 0 -2 4 -10 -11 -40 6 
-4 15 13 20 -16 16 -2 0 27 -1 3 0 -20 28 -42 0 
2 2 0 1 0 0 6 0 0 0 -2 -18 -16 10 0 0 
-20 45 1 -30 5 -13 47 6 -2 0 21 -22 3 -15 -1 49 
0 5 2 1 1 1 22 -12 -7 2 27 -2 4 0 9 4 
21 0 -3 -20 4 -6 7 5 0 0 1 23 58 -7 6 6 
18 4 4 4 -6 17 9 2 -1 8 -2 1 -12 1 -10 -20 
5 3 0 5 -10 1 23 17 3 -10 7 0 22 29 0 23 
-5 -6 0 3 -74 50 0 27 21 1 -2 -1 0 2 -9 0 
-2 36 -37 -30 -20 29 0 40 6 -1 2 -57 -10 -3 -29 -6 
2 0 25 0 0 15 38 9 -29 -1 5 -16 8 2 24 12 
14 18 33 30 15 32 -24 -7 -10 16 0 -47 1 -3 0 49 
20 -12 1 14 13 0 3 -2 -6 -1 0 3 1 41 -33 7 
24 -3 21 -54 -3 -5 -8 14 30 0 28 -4 -7 0 10 17 
-37 0 17 38 -18 6 1 -13 5 -35 0 3 18 2 -8 0 
-12 7 -16 12 2 -8 -43 0 2 20 -7 23 2 3 -9 0 
16 1 4 26 0 16 29 -16 -46 25 -8 6 0 20 -30 -13 
-6 -9 65 -6 0 -30 -1 -23 -3 -13 0 12 0 4 0 -11 
-6 6 2 1 14 -34 2 6 -3 -39 47 5 -8 11 31 26 
-1 43 -2 -4 0 24 9 1 -1 11 9 -1 -29 26 -20 12 
-19 50 -3 0 34 3 28 5 1 -6 11 0 0 1 7 36 
23 -16 -1 5 0 -7 54 -22 -15 0 0 2 -4 -1 22 32 
-3 0 2 30 0 0 -16 6 21 -11 -3 -1 -28 -3 15 7 
-4 18 -35 -1 8 -4 12 5 2 -37 0 0 19 -3 7 0 
4 0 0 4 -27 6 -3 0 30 20 -33 1 20 23 0 1 
0 1 6 -37 -4 -2 6 -14 -22 9 7 16 -17 0 53 67 
21 -5 12 -3 35 -37 -6 27 20 0 -4 24 41 30 -19 3 
-22 -2 -9 0 -5 25 13 -4 1 -2 -36 -35 -28 16 -5 4 
-14 -2 44 -49 7 0 5 -14 0 12 3 43 0 2 -19 -6 
3 35 13 0 -7 5 7 0 0 0 6 -50 -4 -42 6 -8 
31 -3 -3 0 -3 1 -4 -8 11 1 18 5 57 0 -14 12 
7 5 31 23 -1 11 6 10 -34 -21 0 0 2 26 -5 -1 
-2 13 0 0 44 3 0 6 18 -15 -7 -22 0 -7 4 -10 
0 0 2 1 0 0 10 0 0 0 1 1 3 16 1 0 
-5 0 -23 22 1 31 -13 6 -20 0 0 -8 0 -1 2 0 
-3 0 -13 2 0 0 0 12 11 3 -9 1 -21 -1 -6 2 
19 0 -13 2 4 -1 46 -31 6 0 -11 0 -5 -14 -17 2 
-3 21 10 -1 -4 5 -5 -7 16 0 11 0 6 18 12 0 
1 -1 -12 1 0 1 -25 0 -1 6 0 -9 -15 2 -2 0 
-4 10 -2 -18 6 8 -22 1 1 0 7 -30 -6 5 -3 -12 
0 8 3 1 2 0 -5 27 -5 3 14 5 -5 17 38 5 
24 0 2 1 0 -1 18 23 0 0 -2 6 -3 -5 19 23 
-7 5 7 15 7 7 16 0 2 2 26 4 20 0 -4 -27 
11 20 0 19 1 9 -4 21 1 -6 19 0 36 18 0 -7 
-5 -10 -1 10 -2 -16 -1 -25 47 0 0 8 12 0 4 0 
1 40 4 9 -10 22 0 -15 2 0 1 14 21 0 9 14 
-1 0 18 7 0 33 14 32 11 0 1 -12 11 0 -10 -6 
-4 -25 28 -11 -9 -14 3 1 -4 21 -25 15 -2 -14 0 38 
21 12 0 2 -7 0 -9 3 0 17 0 11 -1 -1 -7 -5 
-4 -1 12 12 0 -26 -3 34 5 0 -5 -4 0 0 -12 24 
24 0 21 -25 -2 1 0 12 -2 -4 -2 -1 12 18 -2 0 
-5 -5 -1 -3 -5 11 14 0 1 27 9 -6 -1 0 4 1 
0 0 1 31 0 32 -43 5 -19 7 19 3 -2 9 14 3 
0 -2 9 18 0 -7 1 30 -4 24 0 35 0 2 0 48 
6 1 -2 1 8 -14 0 16 14 -1 -7 -1 3 0 1 -7 
0 -25 -1 3 0 6 8 0 0 -8 1 0 12 32 -1 -12 
8 10 1 0 37 -1 21 4 1 2 8 0 0 -16 -2 19 
5 -10 0 -2 8 0 -6 21 -2 0 0 0 1 8 18 -4 
3 0 -6 13 0 0 15 9 5 -20 3 -19 -23 -4 -27 0 
0 -6 -5 0 14 0 18 2 -11 -13 0 0 11 2 -14 0 
0 0 0 11 2 0 3 0 43 8 12 0 -42 -18 -6 2 
27 5 -4 -23 -3 -4 9 -8 -9 1 11 43 15 0 14 -9 
-29 -3 -7 -17 8 -10 -2 5 6 0 0 -24 29 6 9 -2 
-12 0 10 0 4 -29 30 0 0 0 -7 16 -11 -2 -1 -2 
8 -2 34 -16 7 0 -5 15 0 7 3 45 0 1 -4 -10 
-2 11 41 0 10 0 5 0 -2 0 8 -8 1 10 -2 -31 
33 0 -1 0 1 1 0 1 -1 1 -43 -6 11 0 0 20 
19 4 26 29 26 27 2 -6 11 24 0 0 1 22 2 -5 
0 49 -2 0 47 8 0 -18 33 -36 -38 56 0 -18 19 -5 
0 0 6 0 0 0 5 0 0 1 3 -4 -14 38 1 1 
26 1 38 37 8 40 2 12 -37 0 -1 -27 16 -1 30 0 
11 0 34 -11 0 0 0 -38 18 0 -8 2 -42 0 45 11 
19 0 -23 16 5 -19 21 16 12 0 -20 2 -11 29 37 -8 
-15 17 -11 13 -11 5 -7 -24 -36 -2 24 0 0 28 10 0 
0 -2 -50 1 0 1 -10 -8 7 -30 4 1 -22 -9 -4 0 
1 -23 0 -27 32 17 35 8 -2 0 16 -13 -20 -11 -1 -3 
-1 0 4 4 -1 0 23 -1 -3 12 -9 12 -46 -5 20 -15 
19 -1 10 16 -3 -7 3 -36 1 1 -20 -10 19 -1 16 26 
6 4 2 11 9 1 25 2 2 9 -17 -36 -18 -3 16 4 
8 17 -2 -19 3 13 14 -2 63 -17 28 1 31 22 0 6 
80 -55 8 -2 -22 -44 8 -44 31 0 -2 -11 6 0 -9 0 
1 -1 -17 -39 15 13 0 -50 2 1 1 -49 6 -1 -39 10 
0 0 13 11 0 30 39 6 -13 0 6 -14 8 1 23 19 
11 27 21 14 17 4 15 7 -41 8 14 -10 -6 -10 0 31 
7 16 0 -2 49 0 -13 2 0 17 0 13 -3 -5 -47 59 
14 0 8 57 -1 16 -21 35 4 2 18 7 -4 0 -8 27 
11 -2 -6 -2 -33 0 -3 17 -2 -31 -5 1 0 36 -23 -1 
-3 15 -8 5 -12 9 -7 0 7 28 -1 30 15 2 -10 1 
-3 3 -2 20 0 23 -85 13 6 -7 -17 8 3 -5 10 -3 
5 -12 13 16 1 5 -4 -2 4 1 0 19 0 12 0 12 
-29 -1 2 3 6 -35 1 26 -7 33 -18 5 -4 9 -1 -47 
-2 7 5 4 0 0 -11 -2 -1 -20 16 1 35 38 -13 21 
41 41 1 1 33 -2 21 14 -1 2 13 0 0 6 3 16 
19 11 6 -3 2 4 65 55 -13 1 0 0 -1 -4 2 -24 
1 0 -17 -38 0 -1 7 32 6 -67 4 10 -24 -11 -27 5 
3 -52 17 1 41 -11 17 4 18 -5 0 0 9 16 1 0 
-3 1 0 -10 -19 2 -17 0 23 11 -5 1 21 14 16 4 
2 9 3 6 25 4 18 16 -3 11 6 31 0 -1 3 1 
-11 -24 32 -20 -13 -18 3 4 -6 0 3 -22 42 12 -5 14 
13 0 -2 2 7 -5 4 -2 -2 -3 -7 -2 -14 3 -1 -5 
8 -3 37 -50 -3 -3 -58 18 0 20 4 65 1 -2 12 -4 
-5 13 11 0 -25 -2 15 8 -14 0 -19 -14 0 9 -1 -18 
49 3 2 0 -6 -4 -1 -25 9 2 4 -9 40 0 17 -55 
-18 7 7 35 19 16 4 -2 -8 14 3 0 4 22 1 -22
0 0 2 1 3 1 4 1 -4 -3 3 -4 0 -3 1 2 
-1 -3 -2 -2 4 -1 -2 3 -2 -3 -3 0 2 0 -1 4 
-2 3 -3 1 0 -2 6 6 0 7 -2 0 -1 -1 3 -6 
1 -1 1 2 -6 -4 3 6 2 -5 4 -7 -6 -2 4 -1 
-1 -5 2 -3 5 5 0 -3 -2 -6 4 4 -7 0 5 3 
-1 1 3 1 1 -4 2 -4 -4 -2 1 6 -4 0 -5 4 
0 2 1 0 6 8 7 6 1 -4 2 -4 -4 -3 5 6 
7 -3 -3 1 1 -3 -3 -4 -4 0 1 -3 6 -2 2 -4 
1 3 -2 4 -3 -1 10 8 2 1 -2 -1 -2 1 5 -4 
-3 2 2 7 -1 -6 6 4 8 -8 0 -5 -6 -3 6 -1 
-11 1 9 0 -1 9 -1 2 -6 -6 3 1 -6 6 10 -2 
-5 5 7 2 0 3 2 0 -1 -9 3 3 -3 -7 -11 8 
-2 4 -2 2 4 -1 1 5 1 -3 0 -1 -2 -3 4 3 
2 0 -4 0 3 -2 -5 5 -3 -7 -6 -2 6 0 0 -1 
-3 4 -3 2 4 -1 3 5 5 3 -2 2 2 -2 5 -5 
-3 3 2 7 -4 -4 2 3 6 -6 3 -3 -3 -6 2 0 
-4 -2 6 -3 4 5 -1 -4 -1 -6 1 1 -3 2 5 0 
-6 -2 2 2 0 2 2 -4 0 -7 0 2 -3 0 -7 6 
-3 7 2 -10 5 13 5 0 -1 3 9 -10 -2 -7 4 9 
5 -1 6 4 1 -4 -4 -10 3 -4 3 -7 10 2 1 -6 
-1 -4 -9 9 -10 7 5 7 6 1 1 0 -5 1 4 -4 
-1 -5 2 3 0 4 4 6 3 -3 2 -3 1 1 5 -11 
-20 3 9 -3 -7 5 -5 3 -7 -6 9 3 -10 5 10 -2 
6 5 13 -7 -3 9 4 -4 9 -5 3 -4 8 5 -5 13 
-2 6 -4 0 3 -4 5 7 -4 -4 3 -4 -2 -1 3 0 
3 -1 -8 -4 5 1 -6 -2 -2 -2 -8 2 4 -4 -4 2 
-4 5 -3 4 2 1 6 6 8 8 -4 1 -2 -8 0 -2 
1 -2 -3 1 -5 -6 5 0 5 -6 -1 -6 -1 -5 -2 -2 
-5 -2 6 -4 4 0 4 -3 1 -5 5 9 -9 4 6 -2 
1 5 3 5 -1 6 4 1 -4 -5 3 7 -2 0 -10 8 
10 -21 -8 5 -9 30 30 -3 -7 0 16 2 -3 0 -6 -2 
-9 -7 -10 -11 -1 12 -12 -1 37 -24 -15 0 0 37 16 -6 
-4 -11 -5 0 -4 -3 -6 -7 30 5 7 11 -1 22 2 -10 
-2 -20 2 -15 4 -15 11 1 10 3 11 -17 14 8 -2 -1 
8 23 4 9 -2 9 -10 -13 8 13 -36 4 -12 11 12 14 
-3 -12 11 -39 -7 0 -9 -44 15 -5 -17 -9 -1 -30 -6 7 
-2 1 3 2 5 -1 0 2 -2 -6 0 -5 0 -2 3 1 
1 -4 -2 -1 6 -2 -2 0 -2 -6 -6 3 3 -3 1 2 
-3 2 -3 1 -1 4 5 4 5 8 -3 0 1 -4 2 -6 
2 0 -1 1 -2 -6 -1 6 1 -2 1 -6 -3 -4 5 -4 
-5 -4 5 -7 0 5 4 -6 1 -7 4 0 -4 4 2 0 
-3 -1 1 1 2 -1 4 -5 -1 -2 1 5 -6 -3 -3 7 
-5 1 2 4 1 1 6 2 -1 -6 0 -6 -3 -7 4 0 
0 -1 -5 -1 7 4 -2 4 -2 -9 -6 -3 9 1 2 2 
-6 7 -6 2 -1 -1 3 7 6 4 0 1 1 4 9 -7 
-1 5 0 5 -7 -6 0 4 2 -2 2 -9 -7 -6 5 -2 
-1 -1 7 -3 1 4 2 -3 -1 -8 2 2 -2 3 4 -1 
-3 -5 2 4 0 0 4 -1 0 -6 0 2 1 -8 -4 4 
-7 -2 2 4 -1 -2 8 4 -3 -2 1 -7 1 -8 0 3 
2 -2 -5 0 1 -3 -4 1 -4 -6 -4 -1 5 0 -1 1 
-4 7 -3 2 3 -1 3 10 6 8 0 0 1 -1 4 -4 
1 1 -3 6 -3 -7 1 4 5 -4 5 -2 -3 -3 4 -1 
-6 -4 7 -5 3 8 0 -4 -2 -6 0 6 -11 1 10 1 
-7 -3 2 -3 0 -1 5 3 -2 -7 4 0 0 2 -7 3 
0 0 1 0 2 -2 1 1 -3 -2 2 -3 0 0 1 -1 
0 -1 -4 0 4 -1 -2 2 -5 -2 -2 0 2 0 0 2 
-4 3 -2 -1 3 0 4 4 3 5 -2 2 -2 -1 3 -3 
0 3 -1 2 -3 -3 2 3 5 -6 1 -4 -1 -3 3 -2 
0 -3 5 -2 1 4 2 -1 -1 -3 1 3 -5 2 2 1 
-3 2 2 2 1 0 2 2 0 -2 1 2 -3 -2 -3 4 
5 -18 14 8 0 5 1 -15 3 -6 -15 -10 21 28 -6 20 
11 7 -2 -11 -1 1 -10 19 -1 10 6 -9 -13 13 17 14 
19 -6 -29 10 -16 18 -1 -10 0 0 -18 -22 20 27 -17 -8 
-7 15 3 8 -12 7 19 -8 -5 -2 -16 2 -1 -14 -8 8 
2 -5 -20 -27 28 -2 19 -1 0 20 -8 13 -6 -1 5 -2 
-24 -16 -1 11 12 0 -1 -2 52 -8 -3 18 3 2 -2 19 
-7 17 9 9 -11 2 8 12 4 -4 -8 4 -2 -7 8 -12 
-5 6 -1 -9 8 -16 1 1 -21 -2 5 -3 14 -6 -19 10 
-10 8 -12 7 -2 -18 2 21 12 9 6 1 -7 -1 8 -3 
-1 -9 -18 2 -10 -18 -17 13 -2 5 23 1 -14 -7 28 -16 
-7 -4 -2 -12 0 -3 4 -3 7 -4 9 6 -7 -9 14 -11 
-30 8 -7 -1 5 -9 6 1 -3 5 -5 -11 -1 -1 2 16 
-18 -13 -14 -19 -13 10 -2 24 11 14 -2 -6 -2 -8 2 8 
8 -36 1 17 21 -6 14 0 -3 12 25 5 -1 17 -17 14 
21 -5 4 9 16 -7 -18 19 -6 -19 -14 -7 -24 -8 26 -31 
-3 -16 -15 2 -15 -7 1 -14 -24 5 18 -14 -1 -2 18 -26 
-16 -7 33 5 -10 -2 -12 20 -1 -33 -2 7 -7 -13 15 -17 
-9 -22 19 -13 -30 3 -20 -17 -3 -4 -7 -3 -18 1 8 -12 
-30 16 -18 -10 -19 21 6 5 9 -4 15 -11 -25 -4 -13 10 
-13 -3 25 -5 4 3 16 -22 -1 22 11 -5 4 -11 -2 -11 
5 -18 8 8 4 -4 -1 12 3 0 -2 22 -6 8 23 10 
21 -3 4 -1 17 -5 14 -3 -2 -13 -14 13 -8 -7 -6 -32 
-30 -1 42 -7 -8 12 -8 17 17 -28 22 -14 -18 -7 0 -7 
-5 -18 8 -1 -22 -12 -14 4 -8 -12 -16 -8 5 26 -9 12 
-7 5 4 6 -4 -3 4 4 2 3 -2 2 -5 -5 4 3 
4 -5 -4 3 3 -1 -1 -3 -7 -8 -3 0 11 0 -3 4 
1 11 -8 8 6 -2 2 11 8 9 3 8 -4 0 8 -8 
-1 -1 -4 9 0 -8 3 2 7 -5 4 -4 -1 -12 10 -1 
-2 -1 5 -5 8 11 0 -7 -4 -4 -3 7 -4 0 11 1 
-4 7 1 3 4 1 3 -1 -7 -9 1 0 -7 -4 -6 10 
0 12 4 2 9 -11 9 0 -15 -10 18 -5 -7 6 7 6 
4 9 -8 -8 -2 2 -15 9 4 -10 -21 7 -6 -4 13 3 
-3 5 3 6 -9 3 10 -6 3 6 -1 -12 4 5 14 0 
12 16 1 19 7 4 4 1 5 3 -16 -2 3 4 -14 -1 
-3 0 -1 7 0 0 1 -2 -3 -10 4 -3 -9 -3 2 4 
19 -17 1 2 4 10 3 -5 -6 6 -15 7 -4 -7 2 10 
-14 -4 -15 7 10 8 2 7 7 4 4 -1 5 -9 -2 7 
5 -4 0 0 5 -6 -2 11 -4 12 2 -7 5 5 10 8 
6 -13 -4 21 -8 18 8 28 11 -3 -11 -6 -6 20 7 -3 
-4 -7 8 -12 -3 -4 16 -1 -7 0 3 11 -25 -14 -3 -9 
-14 6 4 7 -2 7 -4 -4 0 -18 8 -10 -6 6 10 1 
-4 -1 9 4 3 -11 -13 10 13 -7 -3 7 0 7 -13 9 
-4 2 0 0 3 -3 4 1 0 -4 0 -4 -1 0 1 1 
1 -3 -3 -1 4 -1 -2 3 -3 -4 -5 1 3 -1 -1 1 
-2 2 -4 1 3 0 4 7 5 4 -2 2 1 -1 2 -4 
-2 4 2 5 -2 -4 1 4 5 -5 0 -6 -4 -4 4 -3 
-2 -5 4 -3 2 6 0 -1 -3 -4 2 1 -5 1 4 2 
-6 2 2 -2 3 1 1 -3 -1 -3 2 3 -1 1 -4 4 
4 -7 -7 -15 -6 17 20 -2 0 -14 7 4 5 6 15 24 
-4 16 12 13 -5 6 -13 -27 7 -5 20 -16 -29 -1 18 47 
-8 0 -18 11 -15 29 8 -5 5 7 4 -12 17 -3 -16 8 
-10 -1 34 -3 -7 3 -2 -6 2 -7 -22 3 6 2 17 -1 
-15 13 -16 4 -6 -19 5 30 -23 -5 -4 -21 -2 9 -3 -5 
32 25 27 -6 -15 13 9 -16 -7 -2 6 21 11 1 3 -3 
-8 4 2 6 3 1 1 2 -2 -2 1 -1 2 -7 3 -5 
-2 -7 -8 -1 4 1 -7 5 -6 -10 -7 1 3 -1 1 -1 
-6 5 -7 4 6 -8 1 3 5 12 3 -3 0 2 8 -5 
3 -3 -4 8 -3 -8 -2 -1 2 -8 2 -8 -3 -10 3 -1 
0 -7 9 -6 8 7 -3 -6 0 -6 -3 6 -7 4 10 1 
-1 -1 0 -1 0 -3 1 2 -8 -6 1 0 -3 3 -10 6 
10 -9 8 -12 13 6 5 2 -14 18 9 -19 29 1 11 -1 
12 -11 9 -11 -7 0 -12 3 7 -5 17 -1 22 45 29 9 
-12 10 -1 10 -37 9 -6 11 7 9 -18 -25 -2 1 6 -13 
5 -4 -2 6 9 -7 -8 -7 0 20 10 -11 27 25 33 4 
-14 3 -9 7 2 5 -12 19 -13 7 -14 -2 -2 -9 7 -4 
17 1 8 -13 -17 47 1 -1 -19 6 -11 -18 22 -5 11 21 
-9 3 -4 -2 7 -8 11 13 -2 -2 -1 1 2 2 -1 -3 
-5 -4 -13 1 7 10 -15 -5 -2 -4 -9 1 -5 -12 0 4 
-2 11 -6 8 8 10 11 3 7 11 -1 -1 2 -15 -1 -1 
-8 -4 -1 3 -11 -3 4 -1 11 -12 1 1 -5 -8 4 2 
2 -4 1 0 13 -1 -3 0 -3 -5 1 4 -7 14 1 -6 
-4 8 0 4 5 8 4 0 7 2 11 17 -9 -2 -15 0 
-2 0 0 2 4 -2 2 1 -3 -3 1 -2 1 -2 2 0 
1 -3 -2 -2 4 0 -3 3 -5 -4 -4 2 2 -1 -1 0 
-4 3 -3 0 1 1 3 6 3 6 -4 1 -1 -1 5 -3 
1 3 2 4 -6 -5 0 3 4 -6 1 -4 -2 -4 3 -1 
-1 -2 6 -3 3 4 2 -2 -2 -5 1 3 -5 2 4 1 
-4 2 2 -1 0 -2 2 -1 -1 -2 0 4 -2 0 -5 4 
-1 6 9 -4 -11 14 14 1 -5 7 0 26 -4 17 10 -6 
12 -1 3 9 25 -7 -12 -4 33 -17 16 2 2 22 -16 -10 
-5 -22 -8 -2 7 -15 -7 -16 16 -1 27 9 8 -16 -2 -3 
-4 0 -8 5 2 -8 -9 19 22 -8 6 -42 18 12 7 -22 
10 7 5 -8 0 12 7 4 1 22 5 3 -1 6 8 8 
-4 0 -1 -48 -5 -4 25 -54 21 -9 8 1 -1 -10 -12 6 
4 1 2 -4 1 3 3 0 -4 -6 6 -7 1 3 3 8 
4 1 -4 -1 3 4 -6 -6 -1 2 -1 -1 2 1 5 -4 
-1 0 -8 3 -7 7 11 7 7 3 2 -3 -3 -4 3 -7 
4 -3 6 1 -6 -6 4 5 2 -2 -4 -3 -1 -3 6 -7 
-9 0 8 -2 -1 -1 -3 4 -6 -8 7 3 -3 4 6 -1 
1 2 8 -6 3 2 10 -3 4 -6 4 9 -4 1 -9 6 
-1 3 1 1 2 -2 2 1 -1 -5 -1 -2 0 -2 2 4 
3 0 -5 0 4 -1 -5 3 -2 -4 -5 -1 4 1 -1 0 
-1 3 -4 0 4 2 5 8 2 4 -1 2 2 -3 6 -5 
-2 -2 1 4 -1 -6 1 2 3 -6 1 -5 -1 -3 3 -2 
0 -5 6 -5 5 4 1 -2 0 -5 1 2 -6 1 4 0 
-3 0 1 3 1 -1 1 -1 -1 -6 0 4 0 -1 -4 6 
4 -5 -14 -41 -8 -19 11 25 -4 -11 -13 -2 2 -10 14 21 
-9 -6 -11 13 15 22 -3 -5 5 7 9 15 -25 -11 7 7 
2 25 6 -14 14 3 1 -9 5 -4 11 -7 -5 -29 -7 4 
-24 0 12 8 -29 0 0 -16 -4 5 2 -14 18 -10 -4 -7 
11 -8 12 -4 7 -10 -7 10 3 -10 5 -5 0 10 -1 -5 
12 1 -1 -3 -15 2 17 1 -15 -1 -4 16 -22 2 0 3 
4 -5 -7 17 0 -12 7 -14 -16 15 10 11 1 31 -2 3 
0 7 5 7 -22 -4 0 39 19 4 11 -5 18 13 -9 -22 
11 -1 -23 3 -39 26 20 18 23 -20 -56 -17 19 21 0 0 
4 -12 7 10 17 2 18 7 -19 17 3 20 -23 -9 -34 16 
3 -4 -26 -8 29 16 -2 -16 15 -2 -13 21 -8 19 3 14 
-13 13 2 14 26 0 1 -4 36 -7 -1 -4 -11 -4 18 11 
14 -5 0 -9 -5 12 6 3 10 -9 -8 18 8 4 -8 4 
-5 1 -5 -9 7 -10 -1 10 4 13 -4 -1 -9 -16 -14 -7 
4 -7 15 6 27 -21 -9 -6 -7 -1 4 -8 12 14 -3 -11 
-10 18 12 -15 -14 -7 -1 -2 0 -4 8 -12 11 -5 11 -7 
9 0 9 -14 -1 6 5 -13 32 -7 -4 -15 -11 -22 -10 3 
-12 -18 -7 -4 1 -18 -8 8 7 1 -17 -7 -7 18 4 -15 
0 -3 9 4 0 13 16 2 -13 0 1 3 0 5 2 -2 
-7 2 -4 -7 9 6 0 -3 22 -22 -12 1 -1 13 7 -8 
-19 -6 -3 9 -8 -5 4 9 16 6 12 3 9 14 -5 -1 
8 -1 6 -1 9 -7 6 -1 11 -14 2 -20 5 5 4 -2 
0 13 -6 2 6 10 5 -7 0 2 -22 2 -9 17 13 11 
-3 1 11 -21 2 3 6 -22 8 -11 -18 -6 -4 -11 -5 8 
-13 -7 5 5 19 24 -6 -26 -3 24 3 -12 41 -2 -2 4 
-26 5 15 10 -30 -22 5 1 -22 2 14 -2 29 -1 11 13 
-16 17 -38 2 -18 17 20 4 -7 16 -20 1 5 7 -13 -1 
5 10 17 4 20 -2 17 7 2 6 13 23 3 10 24 5 
-10 10 -35 -10 26 -4 0 -6 8 12 -5 3 16 -1 16 5 
3 16 16 23 7 18 -3 27 4 5 -12 -7 49 -9 8 38 
-3 5 -8 -17 -13 -10 17 -5 -12 -5 -1 -4 3 6 -2 -1 
-3 -10 -10 3 7 21 5 -13 5 -1 2 1 -2 -5 1 -15 
6 19 4 -14 -11 7 8 7 -4 -4 -2 3 -11 -33 12 2 
0 -2 -1 8 5 -1 6 6 -12 6 -4 3 19 0 -1 9 
-5 -9 5 -5 -10 -8 -23 31 -6 -16 7 13 7 2 11 -7 
16 9 -3 -2 -15 14 17 1 -4 -8 4 9 -12 1 -5 1 
-1 3 -6 6 -5 28 2 -10 1 7 5 -9 -3 -2 -5 15 
6 4 7 -4 9 -3 15 -1 -2 16 -10 -18 4 2 -13 -10 
0 -14 -5 5 1 7 9 19 4 1 -8 7 -10 28 15 -9 
14 6 -3 2 4 0 2 8 -10 9 0 1 -15 -9 -6 -18 
-22 6 23 -1 -4 15 2 11 5 -7 5 1 -4 8 10 4 
-21 -7 20 -5 0 -7 -16 5 20 -6 -4 -4 14 17 -9 14 
-6 -2 -4 0 4 0 -2 2 -6 -4 5 -2 -2 -6 6 0 
0 -4 -2 3 8 -5 -3 6 -4 -9 -6 2 5 2 5 -3 
-2 -2 -7 8 4 6 6 2 4 4 0 -2 0 10 8 -3 
3 -2 6 8 -6 -7 8 5 8 -6 5 1 -10 -7 -3 2 
0 -4 5 4 2 11 6 -11 1 -4 -2 5 -3 7 2 9 
-1 -7 -1 3 -1 -2 0 -2 -5 -6 -10 6 -7 2 -3 1 
2 -5 3 0 4 -4 4 3 -3 -2 5 -10 -2 -8 0 3 
-2 -5 -6 1 8 0 -3 3 -4 -10 -7 -2 3 1 6 3 
0 5 0 9 -2 -3 1 2 7 6 1 -4 0 8 8 -9 
-1 2 3 5 -3 -6 0 4 6 -3 -2 -8 -6 -6 9 -1 
0 0 5 -3 1 9 -3 -1 -2 -5 -1 1 -9 -3 6 4 
5 -8 6 -2 0 5 -2 -1 -1 -7 -4 3 -5 -1 0 7 
7 8 -1 -1 14 6 18 1 -14 0 3 7 5 14 6 4 
24 -8 1 -3 12 16 1 -1 11 -4 2 -10 9 11 3 -9 
-1 4 -5 -1 -6 7 7 3 5 -3 5 -8 10 -5 5 -7 
5 -1 2 9 -7 -11 4 18 6 -2 -4 -14 8 3 1 -3 
-5 6 -7 -21 3 -5 -4 8 -6 0 7 17 -5 1 -6 -2 
6 -6 9 -17 5 3 12 -14 20 -7 6 7 -8 0 -8 10 
 
