271 78 34 36 539 -291 329 248 744 -442 4 521 -104 -367 368 276 
19 29 -113 34 76 61 -41 -38 83 -47 -49 71 48 172 -19 2 
-27 97 -57 -154 -84 -9 110 -67 48 -8 -123 -59 16 -40 74 86 
-148 -35 -77 -7 -135 -66 15 55 24 33 -66 -58 -123 8 -40 -41 
-24 119 8 -31 -5 41 -32 61 59 13 63 53 40 -11 27 49 
-47 -17 -21 50 -11 -23 -51 42 0 0 0 0 0 0 0 0 
0 0 0 0 0 0 0 0 0 0 0 0 0 0 0 0 
0 0 0 0 0 0 0 0 0 0 0 0 0 0 0 0 
0 0 0 0 0 0 0 0 0 0 0 0 0 0 0 0 
0 0 0 0 0 0 0 0 0 0 0 0 0 0 0 0 
0 0 0 0 0 0 0 0 0 0 0 0 0 0 0 0 
-53 93 -23 2 -118 -53 -143 -26 126 41 -49 83 -103 -41 -48 22 
-41 93 40 -24 -121 74 130 -95 -109 -17 -26 47 -91 -91 -74 75 
55 106 -102 80 -57 40 -39 -16 154 44 114 -26 132 -66 -16 52 
172 54 -92 -58 -159 -145 -12 -32 9 -1 -56 -36 -157 -70 104 -15 
139 -42 -72 97 35 -101 67 -2 11 55 -98 -20 -9 9 -62 58 
-45 -29 -60 46 -94 -106 1 -118 0 0 0 0 0 0 0 0 
0 0 0 0 0 0 0 0 0 0 0 0 0 0 0 0 
0 0 0 0 0 0 0 0 0 0 0 0 0 0 0 0 
0 0 0 0 0 0 0 0 0 0 0 0 0 0 0 0 
0 0 0 0 0 0 0 0 0 0 0 0 0 0 0 0 
0 0 0 0 0 0 0 0 0 0 0 0 0 0 0 0 
0 0 0 0 0 0 0 0 0 0 0 0 0 0 0 0 
176 86 15 51 -101 -109 -118 -88 -77 80 15 -102 132 133 39 138 
-203 -324 -117 -173 -91 76 229 -57 -16 81 25 -133 -255 -134 149 -183 
24 -72 111 200 30 -125 -36 135 141 -98 138 -159 -60 -222 -45 -58 
-70 214 154 173 -78 -54 54 -201 -66 114 -116 135 -44 57 -163 -97 
28 -116 24 96 -46 74 -131 -135 -99 -155 -90 -168 117 -113 -89 -58 
7 -125 165 220 -78 -201 -30 -8 43 49 -222 120 58 -129 -134 153 
119 -174 158 -211 -91 -231 97 20 136 -39 -58 102 279 -48 1 -193 
-374 -161 164 201 -326 -109 -102 -306 50 -23 61 236 -184 173 -126 -108 
25 351 -22 84 -41 -53 143 -108 18 27 -121 129 51 78 103 284 
-4 -154 -9 50 -119 54 -2 -32 -68 112 -228 -133 21 40 -13 -34 
-188 -147 355 -72 72 48 109 165 -105 66 -171 -149 -292 -21 278 275 
118 68 67 2 209 -378 -213 116 -82 163 39 -30 234 327 -123 -172 
0 0 0 0 0 0 0 0 0 0 0 0 0 0 0 0 
0 0 0 0 0 0 0 0 0 0 0 0 0 0 0 0 
0 0 0 0 0 0 0 0 0 0 0 0 0 0 0 0 
0 0 0 0 0 0 0 0 0 0 0 0 0 0 0 0 
0 0 0 0 0 0 0 0 0 0 0 0 0 0 0 0 
0 0 0 0 0 0 0 0 0 0 0 0 0 0 0 0 
-66 134 14 19 -51 58 52 34 60 -36 -37 -87 73 3 -34 -68 
-102 -127 111 112 66 117 64 44 9 83 8 1 68 -102 15 115 
-40 6 -12 -49 -53 -53 -44 -46 99 36 76 -55 -32 2 22 -63 
-17 153 15 66 58 45 -118 -42 92 -38 -65 109 93 -85 -34 -42 
43 -76 -47 -117 28 -104 -164 -57 -51 -32 16 154 40 21 24 -61 
-8 -29 70 18 5 18 112 174 -15 10 52 -24 -165 104 23 75 
-123 -8 20 23 155 -34 -21 93 -2 37 35 5 -3 -179 3 -84 
110 -1 25 35 49 89 -66 75 115 -109 91 14 98 108 25 -16 
-64 -62 -23 -176 120 -233 64 5 -49 34 -28 -2 36 29 -49 -101 
-77 12 21 72 34 -63 -30 101 60 -180 11 -101 6 13 -79 36 
3 -68 -36 -89 -14 29 93 62 46 -61 -38 -56 -52 -36 11 -55 
115 14 57 115 -43 52 -58 103 -43 65 -94 -71 123 -100 54 15 
-34 86 -49 31 -58 179 -47 -39 93 -5 48 135 15 -61 60 51 
49 23 59 -20 -17 -124 -81 -2 -94 68 156 24 -29 38 -85 67 
-97 17 156 -3 -119 -6 -123 44 -39 129 -12 56 48 36 -69 -67 
-9 33 -13 -76 -10 69 142 -34 49 -49 -15 89 119 33 -7 148 
89 -141 -8 28 54 44 15 106 -47 77 85 31 -25 106 21 -43 
129 147 135 9 13 46 18 -5 -33 43 35 20 126 8 -41 -10 
-71 -101 4 -53 8 32 42 -93 157 -99 79 52 70 -54 -110 -70 
118 -54 0 -54 -117 28 -59 -1 6 -2 -113 80 121 -4 -49 -47 
5 34 -13 0 -107 -1 132 55 -86 170 36 -35 96 180 -20 9 
-91 -24 44 105 -98 -78 -64 -52 74 -31 -11 7 34 -31 -100 5 
-21 -36 -76 -118 104 27 26 -108 49 121 -17 31 -5 53 -65 -96 
-53 148 -21 -126 -74 69 23 -16 -33 4 72 -28 -74 -37 -74 25 
-7 -79 17 20 61 79 -39 14 0 -49 -81 1 -13 -15 -31 -37 
52 -19 -80 -19 -25 -76 -81 133 3 38 -64 7 46 29 -10 106 
-73 -68 7 -64 -5 -147 -48 107 -11 13 -69 -28 -61 -13 16 8 
18 53 -52 25 -47 3 -85 -22 -42 14 -31 -20 -76 141 144 101 
163 71 -5 -51 -86 -2 -67 -24 -65 78 140 18 115 -53 -35 63 
39 23 -56 -107 13 135 86 40 -48 -145 -193 97 95 -76 30 110 
0 0 0 0 0 0 0 0 0 0 0 0 0 0 0 0 
0 0 0 0 0 0 0 0 0 0 0 0 0 0 0 0 
0 0 0 0 0 0 0 0 0 0 0 0 0 0 0 0 
0 0 0 0 0 0 0 0 0 0 0 0 0 0 0 0 
0 0 0 0 0 0 0 0 0 0 0 0 0 0 0 0 
0 0 0 0 0 0 0 0 0 0 0 0 0 0 0 0 
0 0 0 0 0 0 0 0 0 0 0 0 0 0 0 0 
0 0 0 0 0 0 0 0 0 0 0 0 0 0 0 0 
0 0 0 0 0 0 0 0 0 0 0 0 0 0 0 0 
0 0 0 0 0 0 0 0 0 0 0 0 0 0 0 0 
0 0 0 0 0 0 0 0 0 0 0 0 0 0 0 0 
0 0 0 0 0 0 0 0 0 0 0 0 0 0 0 0 
0 0 0 0 0 0 0 0 0 0 0 0 0 0 0 0 
0 0 0 0 0 0 0 0 0 0 0 0 0 0 0 0 
0 0 0 0 0 0 0 0 0 0 0 0 0 0 0 0 
-11 -39 -220 -55 52 -111 36 55 127 73 11 -2 -5 118 -88 -54 
26 -78 -35 30 -31 -133 118 -57 -9 -47 54 36 143 -19 -198 -60 
24 129 -63 -41 70 79 -77 -38 109 105 25 20 -78 113 -43 -184 
23 -128 30 -79 -124 129 39 144 76 -2 -47 48 -84 9 -18 95 
-228 106 143 -174 200 200 -6 15 -195 -1 -29 209 -47 29 -84 -102 
131 5 -127 84 -74 -6 -52 -28 -36 93 -19 -127 -37 -36 -185 80 
-114 -233 -114 -111 75 -32 7 -85 -6 2 49 -68 179 42 -89 -63 
-37 19 111 148 36 74 69 91 -58 44 -93 11 191 38 -27 115 
199 -4 133 6 -29 -6 75 -106 48 109 178 10 1 -121 66 54 
-132 37 -79 81 -110 -5 -75 0 0 -170 62 121 43 -10 -80 41 
65 0 -17 -69 -155 31 170 8 -38 89 50 -4 60 -99 81 137 
17 -92 46 8 100 53 -21 -125 -10 -75 163 78 143 57 -37 98 
-203 -22 -10 61 -64 -177 89 -22 36 -171 -9 95 -67 -89 21 137 
36 -26 28 181 -67 -61 -88 110 -6 99 60 -76 143 -170 61 -166 
-88 -36 103 34 82 150 -135 -109 -53 -12 -71 -42 50 155 28 0 
82 31 -105 -3 95 171 -8 24 47 7 -73 89 -13 19 -80 -125 
6 234 185 54 -22 72 -127 -115 124 -31 -36 -132 -54 68 45 85 
123 -6 -99 -41 26 105 -40 -114 78 -14 -70 -29 -32 -13 167 -59 
77 -94 173 -141 -137 -97 -9 36 -110 -33 33 106 -72 -17 -48 -23 
88 -71 -9 -42 82 -18 58 -113 -83 -157 -52 41 98 -1 77 7 
42 -10 -91 60 17 -42 -17 -242 8 -18 -100 -38 62 -28 1 8 
-42 -12 -4 44 -78 117 -134 -56 -13 28 -35 -19 -41 6 65 -149 
38 126 142 112 93 -64 11 1 73 57 79 54 -118 -14 189 17 
-20 120 -71 -148 90 -13 5 32 84 8 77 -23 79 -3 -73 -6 
29 64 7 -14 -122 18 -169 -3 -9 -75 -35 -38 92 33 85 17 
-124 -2 -18 -95 -38 -1 89 10 137 69 22 41 -36 68 -108 -124 
-6 4 -125 -38 -141 67 -26 -113 -153 -12 76 -63 66 -2 53 95 
-107 -17 -42 -65 -111 -2 72 97 22 -148 113 -56 -209 -11 102 105 
-52 21 -109 63 116 79 38 -36 -45 -80 0 40 108 55 -59 -113 
152 57 -79 64 -22 6 -9 -73 88 -10 -175 122 -133 -68 -81 62 
0 0 0 0 0 0 0 0 0 0 0 0 0 0 0 0 
0 0 0 0 0 0 0 0 0 0 0 0 0 0 0 0 
0 0 0 0 0 0 0 0 0 0 0 0 0 0 0 0 
0 0 0 0 0 0 0 0 0 0 0 0 0 0 0 0 
0 0 0 0 0 0 0 0 0 0 0 0 0 0 0 0 
0 0 0 0 0 0 0 0 0 0 0 0 0 0 0 0 
0 0 0 0 0 0 0 0 0 0 0 0 0 0 0 0 
0 0 0 0 0 0 0 0 0 0 0 0 0 0 0 0 
0 0 0 0 0 0 0 0 0 0 0 0 0 0 0 0 
0 0 0 0 0 0 0 0 0 0 0 0 0 0 0 0 
0 0 0 0 0 0 0 0 0 0 0 0 0 0 0 0 
0 0 0 0 0 0 0 0 0 0 0 0 0 0 0 0 
0 0 0 0 0 0 0 0 0 0 0 0 0 0 0 0 
0 0 0 0 0 0 0 0 0 0 0 0 0 0 0 0 
0 0 0 0 0 0 0 0 0 0 0 0 0 0 0 0 
160 -81 -59 38 -216 -8 -92 -17 77 -37 -94 -263 3 16 -78 -18 
-7 -6 -211 45 -178 -40 -77 320 188 180 -141 -90 -36 -67 221 -15 
-113 -40 -22 -172 -183 -131 -17 40 184 -85 7 -149 -39 85 69 38 
-51 229 96 83 97 16 -42 212 -57 153 83 229 224 258 -55 -125 
-130 24 31 -11 -97 77 -38 125 18 -171 -115 186 -149 -54 106 289 
87 258 -139 26 -112 -180 12 147 288 149 -137 61 -106 -112 133 -5 
222 -15 154 214 -53 31 -49 25 -82 115 -205 132 67 -119 185 105 
103 72 -74 -223 -23 -139 64 -57 0 0 0 0 0 0 0 0 
-69 92 -9 79 197 -161 -180 35 198 -203 46 -212 74 -189 217 219 
-99 90 -84 50 -25 -37 40 -22 263 109 248 10 -192 -50 -54 -115 
-49 -27 17 -175 -107 -202 -46 114 -77 209 114 -7 264 24 -102 66 
-132 244 -127 240 50 103 -75 -219 -40 -68 117 -84 -120 -175 83 323 
-281 62 385 101 -168 -90 -33 252 54 -14 -141 92 289 122 258 278 
-17 104 86 -20 49 -32 -35 120 -97 -264 -52 380 23 145 128 106 
-12 -73 155 226 -96 107 82 67 -14 -1 -60 -186 -192 -223 -264 193 
24 -131 -35 -289 27 -381 31 -123 0 0 0 0 0 0 0 0 
-68 -8 71 -7 139 -75 -214 47 -79 59 71 -342 152 21 182 -171 
232 26 -37 132 64 13 141 76 119 -93 -47 96 -110 -55 -179 -103 
54 -78 -28 -63 -403 81 -284 -294 -80 -59 35 -211 -396 116 -145 -117 
248 -28 -76 95 -96 -92 -218 -6 60 -29 169 31 129 -61 -127 -17 
-222 -86 -192 -197 80 -14 -76 21 108 -116 67 -10 -25 -53 151 -78 
87 -141 226 -268 80 26 85 41 122 -155 -76 15 -46 -52 -52 -79 
-147 -25 136 118 158 -268 11 -211 -127 -35 -134 61 -25 -246 245 113 
33 31 229 237 -37 -109 91 -8 0 0 0 0 0 0 0 0 
-109 105 -29 43 -87 -83 6 -52 -149 30 -13 61 74 50 117 7 
-22 -30 -136 97 -148 14 -35 12 84 -132 -103 -114 94 -145 -38 -127 
21 38 -55 20 -169 91 12 85 81 -71 -75 -143 -119 -155 -20 183 
10 -160 104 -74 -12 97 -126 24 -71 34 137 -98 -18 -82 74 42 
154 22 -58 -77 -72 90 -78 -74 -90 -38 107 -198 171 -135 0 -103 
144 41 -46 -30 30 20 -109 72 -180 55 94 3 162 -69 28 71 
9 -61 -112 -40 46 80 203 -151 103 150 -42 -154 -121 -197 153 -123 
-123 -13 -13 14 -57 -120 33 17 -76 -16 -177 137 -28 91 -64 -110 
44 48 9 66 69 18 83 -63 -51 -87 9 215 86 66 58 29 
-10 -153 56 -121 72 54 259 141 -16 199 41 20 51 -60 4 -33 
92 -187 22 -82 -234 -56 24 25 -97 -187 -135 46 6 -110 12 -8 
-31 -105 -41 -50 -58 57 -103 -119 166 80 204 21 55 -14 37 -37 
-102 -87 28 -107 87 136 -166 -203 -98 54 89 -140 -119 -186 -83 -147 
-18 169 -221 -41 84 45 -136 -49 92 -53 35 82 -95 116 -148 31 
-63 151 35 -26 73 -118 31 152 -1 -75 -37 -69 132 -154 -16 128 
13 -51 -11 117 -53 129 -140 -78 -144 53 93 49 78 120 136 -164 
3 70 -93 89 -46 -14 116 -54 5 100 151 206 -57 -137 76 -37 
-83 -113 66 19 -149 74 -134 -52 69 79 -17 -18 -109 -4 -15 -87 
-60 101 -15 164 -112 12 -170 4 146 -92 -44 122 -45 -4 -44 179 
-213 29 45 -41 -85 113 -21 67 2 201 73 103 -65 198 -4 -147 
-25 -40 -6 -162 -7 121 40 -79 -6 43 -169 -184 193 -34 26 -24 
177 -148 10 -74 -1 -79 -37 -21 -99 -86 -162 74 -81 -24 -161 88 
-51 -148 -3 -43 38 -19 35 54 3 53 -70 117 77 135 173 -23 
-166 -159 -126 -59 -76 -14 99 -105 -66 60 -36 -48 122 -70 106 118 
-76 -152 139 90 -14 34 -57 -251 53 -43 -161 134 27 -93 98 3 
84 -226 -165 92 -75 195 -49 -60 226 -72 -71 110 -35 82 -45 -158 
166 -83 -118 136 18 83 -127 94 -63 -113 71 -25 11 97 75 17 
97 -34 60 -70 -36 -129 -10 12 -172 -21 79 -106 14 5 -126 59 
-36 57 -142 28 -30 -83 241 35 4 38 -135 134 55 -32 -60 -92 
97 -4 -72 148 23 108 -3 66 -19 -37 99 62 -47 87 -165 -63 
-35 11 -166 -16 53 -145 97 -18 -2 35 13 14 106 -37 -51 142 
-24 71 12 -74 -51 48 -55 180 -73 15 113 164 -33 98 -69 -16 
63 21 4 -33 -111 93 128 64 -228 78 -111 -76 -145 11 74 67 
-10 246 69 63 102 -168 20 111 -6 -28 13 53 -181 -43 -13 -33 
80 -36 -75 76 -89 -3 -8 -59 27 -68 -77 -17 71 135 -61 30 
71 27 -38 -53 -47 116 99 13 -44 -112 12 -92 -55 51 -175 -51 
18 167 -57 -26 34 70 9 19 54 -102 -155 87 123 97 9 146 
68 71 67 25 125 5 34 36 89 102 -67 22 -26 -18 56 -65 
-60 -80 79 -28 5 122 -80 36 58 -91 50 -81 18 16 -136 48 
78 -33 27 -55 -95 -15 39 48 -108 115 71 141 51 51 71 -17 
86 11 72 -119 29 57 3 17 30 51 -10 15 9 11 -100 1 
46 -24 44 64 7 71 -64 101 -93 54 -82 26 -21 147 90 54 
4 93 16 180 -96 14 -127 33 -100 -94 58 -149 15 204 -134 -19 
20 98 53 -4 77 72 -169 95 80 47 -58 34 56 113 -35 -81 
-53 31 -85 -112 51 25 10 -32 -43 -61 9 16 109 -103 59 74 
65 -29 -16 -42 39 -53 -65 -81 3 -50 24 15 -106 -73 66 19 
-35 -112 -18 1 67 -32 -34 -85 -119 89 -50 -68 63 -108 -22 87 
-128 -39 -7 16 48 93 97 35 -2 -51 -46 -63 -13 98 11 45 
-6 -143 31 -41 -21 23 -22 70 -94 38 -79 80 43 -28 -45 67 
79 4 -110 -83 99 0 -94 59 -2 42 -8 16 122 54 117 116 
58 -55 59 37 -83 -1 -81 -188 -25 -64 55 -35 -36 21 -6 -13 
-139 -87 -74 55 31 104 -34 129 64 -77 -44 -51 -44 62 -10 -186 
86 125 7 19 107 148 -143 -89 25 18 -35 -133 -83 63 -52 83 
29 -7 -18 22 -44 54 -52 85 59 32 -29 -46 -49 -25 66 -16 
-30 30 56 26 1 52 -68 1 58 128 -63 -43 -68 -5 41 37 
-27 -54 -59 -47 -45 -37 -105 -19 -18 9 39 -93 154 -45 9 -128 
-15 43 117 25 -47 -25 54 -38 -23 34 -64 28 58 -46 22 -78 
-81 55 -87 -6 93 -59 -40 -85 -100 15 -21 32 92 50 -62 -58 
-80 -38 83 -55 63 86 75 57 14 -78 24 32 -26 -90 -143 -45 
-115 37 72 17 -5 72 -4 -91 93 -74 -26 36 69 -134 62 -12 
-4 48 45 75 7 64 29 -91 52 109 51 -149 -11 36 -83 32 
-85 27 -15 -5 -46 65 62 17 15 48 -9 -35 -18 68 65 57 
-45 77 -39 19 24 -129 4 -75 -32 -81 -15 -41 10 41 -5 -77 
-70 -65 40 54 117 -5 69 -31 33 -32 -73 14 67 -121 247 -100 
63 36 125 82 9 -107 -31 12 -1 109 91 -51 37 -13 53 147 
36 101 22 -34 -30 -14 -34 -28 -2 5 -19 23 100 111 51 148 
84 3 17 17 73 57 94 36 -71 -35 110 -25 -9 -7 -17 87 
-5 -91 -27 -91 -90 -103 -10 -107 -82 49 64 184 41 -85 2 130 
46 -11 -124 -92 -48 -15 -24 -34 -52 -65 24 51 -84 39 -21 68 
0 153 76 65 67 1 22 -55 51 -26 83 -89 17 -5 42 -20 
32 62 13 -59 37 39 -62 39 -20 77 -31 -10 -44 -117 -73 72 
122 51 1 -51 37 42 88 -60 -51 -28 118 -74 48 22 -83 113 
-134 -57 -63 28 97 -45 65 58 -114 54 -109 47 -103 52 41 29 
-10 -30 69 157 84 52 36 69 3 -45 -91 -43 32 55 -60 -90 
15 -32 12 19 81 -62 -78 75 -57 27 100 -37 32 215 40 -12 
86 21 78 -16 160 -69 -212 -55 86 -108 -10 -46 -49 -54 63 51 
-2 77 -43 37 -79 -17 1 95 -10 110 -17 43 47 -92 -58 -56 
-39 -31 140 -21 23 -53 -23 8 13 -132 33 -25 50 19 20 -32 
106 28 1 85 111 36 52 -24 -15 14 8 -23 52 -53 3 40 
66 7 -24 32 -2 51 100 53 -31 -75 -83 -121 -5 -13 -138 110 
-5 -41 17 81 24 -36 -21 30 58 -125 40 41 -40 30 -55 47 
14 -46 -53 -82 38 15 -62 58 -4 77 -102 -122 -64 -59 -62 70 
0 -39 -4 -88 80 -113 68 110 -136 59 75 -65 101 7 59 -22 
-17 -78 -81 18 41 14 -59 -58 -120 43 -19 16 -26 22 16 52 
0 93 71 21 -135 -120 92 -29 -35 -73 -46 71 -52 16 -15 14 
-54 -32 75 -53 143 11 -2 -48 59 -15 41 -14 49 5 13 19 
74 -48 -6 -43 12 5 -62 27 -41 -18 -148 99 -38 -64 69 10 
-70 -93 -25 29 16 -75 0 102 -153 44 15 -55 -15 85 139 4 
37 61 39 12 39 85 -111 26 -143 -75 -38 -50 55 0 -53 -88 
-12 3 -14 -168 -63 -85 12 110 -28 106 -81 4 65 112 85 -37 
11 -89 114 -93 66 65 19 -53 15 33 -31 -41 -70 -23 82 -46 
-31 -87 -93 -9 -24 12 -92 28 -39 8 6 -33 -24 30 -25 -11 
-113 -41 -21 48 86 -62 -52 28 -12 73 -79 84 32 38 -81 -84 
-105 10 -30 2 -69 -47 -69 47 47 12 19 20 3 -6 -110 -57 
55 -37 35 -37 99 2 -8 13 41 -59 -34 82 13 10 -98 89 
-84 73 29 55 -27 13 -96 -37 -103 -33 10 37 79 -69 66 -36 
-16 89 -77 -34 -142 109 18 -70 -95 -22 77 -90 -35 16 -154 36 
-19 -52 114 -82 -105 -47 52 -55 2 1 -17 -105 218 147 62 -44 
-131 13 -24 -101 -48 3 -130 -51 63 37 -23 14 9 25 87 -62 
60 69 29 86 52 61 -63 128 21 104 2 22 37 60 -37 12 
-29 -49 97 83 61 71 -12 124 -39 -42 -25 104 42 18 16 -76 
60 29 -43 -15 -20 27 0 -128 30 14 87 52 -35 -43 19 47 
39 66 16 -2 -31 -4 34 32 7 -128 -55 58 4 35 77 -28 
-40 -3 -71 -32 -99 -82 42 -51 -50 18 43 19 -61 -1 40 -6 
1 37 105 -49 -1 64 -83 70 -48 78 -44 54 60 15 12 -9 
28 -9 -82 55 29 -32 6 51 -40 61 11 11 -16 -108 -31 -53 
24 -45 34 -80 49 -90 -85 -49 -14 -23 119 40 -8 100 136 72 
-13 3 -10 -40 -19 0 -37 53 11 68 -23 -118 -84 -27 -37 -14 
-11 43 114 40 -96 -42 17 55 -44 -41 43 94 19 -25 106 141 
2 42 50 113 45 -11 -23 -26 50 18 -45 36 -58 26 -95 18 
-25 -20 22 -65 -80 -26 92 -47 -115 -42 42 31 21 47 27 31 
-14 83 58 -102 45 12 -72 -80 -28 -36 -64 124 -23 54 -73 -25 
3 22 15 -1 28 -82 -28 -103 -57 86 10 76 81 35 -32 76 
39 -96 53 107 -18 -27 -4 22 33 96 -27 -30 -15 60 -65 -6 
-17 -34 20 141 -14 -7 42 -23 38 -8 -76 29 45 -21 -4 -27 
65 8 -126 28 114 69 77 101 -32 32 67 95 -17 94 83 6 
14 -93 -39 19 -58 -28 4 21 13 154 2 -1 45 -15 37 -9 
-77 -86 -41 -19 29 -67 54 1 123 69 84 54 15 51 -84 101 
66 -5 -176 11 8 2 56 -101 73 -2 70 -64 -82 18 -55 62 
-26 -49 108 122 -36 44 -116 -19 64 -44 -163 140 -37 23 -70 -86 
-47 30 61 -87 21 3 -49 24 22 19 12 -19 -1 -74 0 -35 
74 56 19 -74 -31 136 26 62 42 94 -116 52 -6 -75 64 -75 
-1 -76 -65 -66 -56 -54 -12 26 -80 30 -29 -21 78 58 -105 -34 
41 -32 -61 66 104 -112 -128 24 -58 -12 -34 -16 7 8 -43 16 
96 49 -1 57 -19 91 -70 15 83 -40 -171 -2 115 17 84 -60 
4 20 36 29 36 -19 23 24 44 -88 -36 46 -96 -83 41 88 
-55 -16 96 -11 52 -45 55 78 -26 -191 65 -114 14 -62 -56 -128 
-62 -76 -78 -178 -19 -61 -9 93 -25 -47 12 117 -157 76 -7 35 
76 -8 96 -72 33 70 -38 8 188 -57 -67 20 -12 35 -97 130 
89 -27 -107 16 17 -103 -122 -42 66 -62 -37 16 -52 13 6 -42 
-7 -3 -13 60 -21 16 98 13 -86 32 -19 69 4 126 -89 60 
142 62 -25 -11 -20 -4 80 10 124 57 78 28 66 -59 22 28 
-8 15 -132 -72 -45 -69 -98 44 -141 -41 -4 167 19 89 -146 -82 
-2 -136 -26 -172 -145 -182 -22 23 171 -15 -142 40 18 125 16 -54 
9 -19 -41 130 -72 82 20 67 -109 -103 60 25 -53 -138 -69 116 
20 6 -40 -3 19 77 29 -44 -60 -14 87 -46 27 -27 32 -19 
5 -3 8 -18 24 3 10 -56 -48 24 -22 -63 -17 9 -66 29 
81 -17 -77 2 -48 76 -60 -1 109 -11 -106 -59 71 3 78 -31 
-2 -19 -4 -26 -65 18 85 -4 1 -15 31 -3 40 11 -101 -3 
2 59 -32 -70 -59 12 -52 -48 0 -45 -6 25 -86 18 36 34 
22 -60 23 -24 -53 -15 70 -20 17 6 -48 -63 36 2 75 -13 
-34 -1 -20 -16 -50 32 38 -39 -57 58 -35 -59 -68 20 34 73 
54 -9 30 52 52 34 -11 3 -36 -7 -4 -26 -72 -67 -44 21 
-1 49 40 66 38 36 49 69 4 17 18 -24 1 -54 32 -29 
-9 -74 -6 -68 -22 84 -77 -8 0 15 -22 20 3 49 -3 20 
31 -26 56 -25 -15 35 59 -33 -38 -67 15 53 12 -61 35 86 
72 -33 -4 19 27 151 24 0 70 78 -123 -10 27 -3 70 -59 
-7 -42 -32 -9 -32 -9 15 128 -52 37 -54 -73 9 -12 4 3 
-4 -49 -60 45 102 -32 -17 19 -34 7 5 1 -88 9 57 29 
-15 75 -40 -6 9 7 45 6 -2 -7 13 -36 -18 -25 -46 -20 
2 13 27 34 49 -29 -23 -13 51 44 0 -25 8 -3 42 -41 
11 42 104 125 -27 21 -29 34 38 -3 -29 -21 -18 29 107 -13 
-28 -21 15 -70 -14 19 21 34 20 17 25 -42 51 21 -113 -21 
-10 -37 -12 -42 -74 -12 31 -18 56 67 1 18 -50 -24 0 -37 
-29 38 41 -13 -69 2 -88 9 27 -18 -55 -8 -41 -4 -19 -32 
-41 73 15 30 -28 -1 21 -49 -59 -29 -63 -10 13 21 18 37 
-61 -34 102 -59 42 75 -60 57 -16 -17 116 -36 -13 41 -36 -77 
-16 -5 -4 -77 96 -66 6 16 -61 -70 7 -29 76 49 10 2 
-80 -25 -19 -38 5 12 -7 -10 -9 81 -43 -20 14 10 -1 17 
-30 11 -24 -8 5 -2 28 107 30 -6 7 -34 -20 -24 -54 -65 
-36 51 -64 12 -1 9 -63 33 52 -62 37 -47 -25 -20 -98 12 
10 -59 1 -21 8 30 19 20 13 -27 -85 30 -60 -5 -31 9 
-56 -46 -20 17 2 -22 -34 -45 77 27 33 -24 18 -62 -41 21 
68 -18 -50 -9 27 21 27 18 74 29 16 -135 3 48 27 52 
-25 15 58 -57 14 31 -19 -6 3 14 -40 46 1 -28 4 -32 
-38 24 55 2 -55 63 4 -4 -10 -49 50 -7 -118 -25 -6 47 
37 -67 -30 31 12 -20 54 61 29 -41 84 2 -28 43 3 21 
-31 15 -44 22 -76 16 -61 -30 -2 31 -4 -18 18 -18 7 -43 
59 -18 -29 -27 85 -41 -32 -29 63 -28 39 21 84 53 -52 -31 
-28 -30 -69 -6 -3 13 18 34 69 70 105 -29 -43 13 -23 82 
5 9 -9 -24 40 -35 33 46 38 22 -29 -15 -73 56 -59 14 
-21 -7 17 32 0 44 5 11 20 -25 0 5 -5 -9 -7 0 
5 5 -32 19 9 0 -13 8 34 33 -10 8 15 7 20 18 
-3 6 49 -7 31 -35 -34 -34 -17 2 14 -65 1 37 -2 -33 
-4 29 5 7 -17 3 27 -6 27 -26 -8 20 42 17 12 -8 
26 -37 15 5 -12 -30 17 0 25 -20 5 -22 16 -6 -20 18 
-1 -15 12 4 22 12 6 -13 11 47 13 -10 -18 11 28 46 
18 15 7 8 4 -40 -19 6 -9 40 2 -4 -29 -15 -14 -6 
-12 -18 -33 18 58 23 17 -20 3 -9 -26 -9 12 -14 4 0 
-2 4 -26 1 13 25 -25 -40 -4 0 19 7 -17 7 17 -24 
11 84 34 23 -11 3 -45 41 -10 -9 -3 39 -17 23 -4 -12 
-18 -12 18 22 -22 -13 7 35 26 5 -5 -4 5 -8 5 3 
-11 -10 -22 15 40 -3 -4 16 -30 -10 20 16 -70 28 28 34 
-22 18 10 -8 -13 27 -24 -1 31 34 -9 -13 -11 -17 23 -5 
-24 14 -26 12 -34 6 13 12 17 -4 16 -1 12 37 -40 -21 
-1 24 5 53 -17 30 -28 15 0 -23 -1 11 28 56 -26 -36 
17 -61 0 9 70 -13 4 -24 15 12 -31 4 -13 -1 -9 -21 
34 14 19 21 -21 -29 -25 8 -8 -5 -17 -32 7 0 15 -29 
-36 -17 5 -48 -5 -24 -14 5 -19 13 32 -14 1 -13 -21 21 
-14 19 2 -3 6 -4 -9 -32 14 -9 13 -11 -23 -5 2 -39 
-34 9 14 6 -9 -2 -11 45 -3 -17 26 -23 -13 -15 -15 -5 
8 25 -19 13 8 -2 2 8 1 21 44 -25 -32 14 -82 28 
-10 -20 30 -3 -15 32 -13 -1 -20 -18 -15 -13 14 -20 7 -2 
-14 6 2 -16 46 -25 2 -10 5 -54 -17 -19 13 -3 14 -9 
29 35 -26 -17 16 2 -20 -12 6 11 -1 7 -21 22 5 -6 
5 0 -21 -21 12 11 3 -16 12 -8 -17 -20 11 -14 12 -9 
4 -18 1 -22 14 -5 -20 -16 -3 -10 22 -26 -11 15 -56 20 
81 -21 0 -8 17 39 -1 75 -19 -7 12 -6 0 -9 -13 -30 
-23 -35 -7 8 37 12 23 27 -6 -26 -41 -41 31 24 6 -39 
28 -5 11 -1 -5 51 -15 -35 19 1 38 31 22 13 38 -23 
31 14 10 16 -24 -23 -12 5 -39 -13 3 36 -9 -7 -23 9 
-13 -8 55 48 -15 16 0 4 16 28 -67 31 -15 -22 44 23 
-23 21 -21 17 -5 -21 -21 3 -20 -4 23 0 18 13 2 7 
-17 -24 -38 -44 25 19 18 -3 33 42 0 -3 -1 -11 17 13 
48 36 24 12 13 -43 7 -20 12 1 5 15 17 -4 -12 -43 
32 37 41 15 -2 -21 23 -5 -45 -13 -15 11 13 13 -6 37 
39 -13 1 -47 -1 -15 16 15 -21 11 37 -7 25 22 -16 11 
41 -13 24 8 26 -163 43 -95 -16 -12 -33 -44 -33 -101 -51 19 
23 23 -20 -63 17 20 6 6 -35 -140 5 70 -141 -94 35 -26 
24 -92 97 35 76 92 -9 -105 12 38 9 -42 -7 -94 -108 -34 
-24 12 -5 -72 43 -93 56 -21 -54 35 61 106 41 -38 0 -54 
-10 -19 5 13 -5 -44 30 27 48 0 -14 -78 -37 1 11 -101 
12 13 27 -18 50 56 -51 -6 -22 -23 -49 -56 31 31 19 42 
20 -111 10 69 -65 84 -101 -72 96 21 -116 -34 -14 7 8 -17 
-82 37 13 -82 16 6 -6 7 26 -20 -29 -12 65 -112 18 -49 
95 -12 -36 -21 7 15 -5 45 13 -15 48 62 70 43 -14 49 
45 -7 -50 -74 -41 -15 -66 24 -23 -6 -6 -53 -8 59 -43 4 
-81 -12 -80 -24 14 -99 -24 -52 -20 18 -45 17 24 68 -32 68 
-38 -7 8 -30 25 79 -5 -22 14 -22 7 -16 -23 18 -86 -84 
23 69 -66 38 -21 -21 6 -144 -17 51 -52 -1 -8 -4 62 -55 
17 -78 -33 -4 -20 -19 25 -61 -1 -88 -60 2 19 -31 3 6 
32 -32 -13 55 14 63 -43 -121 -40 -19 -6 43 -59 -71 -60 -96 
48 61 -21 -113 26 -27 20 6 9 93 19 -24 16 19 38 -22 
-25 -100 34 7 -126 18 -83 74 -5 -18 -25 38 21 18 71 -12 
-48 -104 75 -44 -70 74 17 73 7 42 86 -42 14 -41 -48 39 
-34 -14 -59 47 78 78 -45 -15 -49 -15 -45 -104 -104 -51 -16 -38 
10 -54 -28 -62 -50 -51 -42 71 109 -5 41 0 -98 10 -36 -42 
-74 -50 -64 -19 -54 27 18 14 3 -23 -71 -3 39 14 -82 -19 
-67 5 94 2 -30 98 5 19 21 -74 52 11 44 -42 -48 -117 
-23 -29 -21 -73 -7 -38 -46 -58 13 -113 2 9 51 -52 -11 -101 
-1 30 44 -15 -56 -19 -12 43 80 -80 -3 -21 -1 27 -65 -12 
-29 30 -73 7 -89 -87 -80 -19 -13 17 -92 42 -67 41 -83 20 
19 -42 104 7 -16 60 15 -56 -11 16 -31 10 -5 -22 -53 7 
75 -103 -30 84 -31 -32 1 -107 82 -32 -86 44 113 -9 69 -122 
-47 -11 25 -17 30 0 15 76 -5 10 25 16 135 6 84 -82 
-85 -52 31 52 56 -66 54 54 45 -23 -42 -109 42 82 -44 -27 
0 21 99 -80 27 -94 9 -15 73 -50 85 21 -6 -11 -30 -43 
-29 32 -31 -3 10 3 9 7 -22 18 -10 3 -3 4 15 31 
63 -37 2 16 24 -49 -2 7 4 -5 -57 -14 -20 8 19 37 
-114 -73 2 -67 -29 -50 -30 -92 -60 41 -23 -19 -13 3 11 74 
-61 18 -72 66 -51 -74 -9 6 54 47 2 7 -47 74 -96 39 
79 -22 -60 64 21 -25 -46 -2 -148 0 22 1 55 -38 -54 8 
-30 4 -38 -1 -88 5 93 -58 -69 -7 -16 -11 14 1 -53 -5 
-16 1 -22 4 27 -5 1 4 1 -1 -3 -9 -12 11 7 -8 
42 23 11 28 9 17 -12 -16 16 -1 12 15 7 -11 -7 -9 
7 17 19 -28 2 14 19 -3 -13 11 -18 -17 -10 -18 -15 1 
5 0 -10 -12 15 -19 -3 -9 7 -27 11 -5 0 36 7 51 
38 -13 6 -9 19 61 11 19 21 19 -5 13 -20 2 -1 -21 
36 13 -9 -2 18 23 1 0 1 -1 4 -36 23 13 35 37 
-15 -20 5 49 13 -21 -8 -15 -30 -19 6 -12 51 2 -16 10 
1 4 24 10 32 5 0 17 -39 2 28 -6 6 -15 8 -18 
2 38 14 19 -8 28 6 -21 -28 3 20 -1 17 16 -18 27 
-6 29 13 22 38 -6 3 16 -8 14 17 8 16 9 8 26 
4 -12 17 -6 5 -4 27 31 3 23 4 22 2 -4 10 -3 
1 15 -3 24 29 -14 -2 15 -16 -11 -9 -16 1 46 -5 13 
23 16 -4 10 -12 31 8 -31 12 37 28 -25 51 7 7 5 
64 -27 10 44 -45 -3 1 12 21 13 -3 10 -4 11 0 21 
3 -6 -11 28 2 1 9 -11 12 5 -2 10 46 -26 7 -45 
23 42 -1 -1 16 -17 1 -17 -20 40 -29 10 -11 -5 -14 -12 
26 -18 13 -31 -47 6 24 11 -8 17 -12 -6 -8 24 7 56 
19 7 32 12 6 19 15 11 5 45 -2 -28 -6 6 10 25 
33 33 -1 -36 29 0 17 -22 -17 29 14 -15 8 -10 0 -11 
-5 9 18 -16 -11 1 14 24 -6 -12 19 26 27 13 -30 -22 
15 6 -8 48 -8 21 -9 -21 -21 19 -16 8 -36 3 -22 4 
-4 -35 -20 -23 9 -10 -12 46 7 7 11 2 20 21 -6 17 
2 11 -5 -13 36 22 -35 -10 -15 -25 48 0 7 3 9 -1 
46 32 -11 15 3 -6 14 12 10 -22 19 9 9 -40 -2 -14 
6 -5 -35 0 11 1 22 -4 -23 -10 6 9 4 -25 -9 33 
18 1 46 7 2 -23 -19 -8 7 -18 13 -1 -5 46 17 10 
-13 -11 -15 5 36 27 3 1 -42 -7 17 56 25 16 1 -22 
-7 -2 -18 19 -6 -7 -8 32 36 10 13 -14 39 6 -3 -13 
9 0 2 9 -19 9 -14 -27 -13 -2 32 -6 29 -3 5 13 
-9 -11 44 7 -2 -11 -4 19 17 -11 -17 5 2 0 -12 12 
6 5 10 -12 4 0 -1 9 -18 14 5 -1 -20 -17 -8 -14 
-14 4 -9 11 11 18 -41 -21 17 1 1 -18 2 28 5 -7 
-16 -12 35 -22 5 -20 3 -5 -27 24 -7 19 29 -1 -5 1 
8 -25 48 -16 7 10 -29 28 -19 -19 14 18 -5 16 25 -6 
33 12 18 24 1 19 23 -20 27 -18 19 10 -5 20 -4 3 
13 -4 -32 26 -6 -18 -28 3 -30 16 28 -12 27 12 -15 -26 
-40 -62 13 39 -54 46 -55 7 -39 52 72 -68 -84 46 -82 -80 
32 -100 -35 24 -3 30 44 -5 48 -42 31 31 -28 -1 -59 25 
-18 -25 -50 -26 -57 -14 -44 -44 -43 -46 82 25 12 14 -17 -11 
41 18 -7 27 18 -13 -68 -20 -17 11 -10 28 -102 -2 -16 -12 
27 7 25 -3 -2 -13 -5 -15 29 34 9 7 61 17 82 -11 
-8 15 -1 -38 -37 55 14 0 -5 -45 -42 -10 -28 -9 -25 -8 
-2 -20 3 -20 -6 -14 8 -49 20 -87 -25 23 62 -3 -19 -22 
-19 -20 -14 -33 -7 7 -30 49 -34 9 -13 19 -17 37 -45 6 
-23 -13 38 4 18 2 -4 6 -64 12 -26 -21 -3 18 -5 -17 
-11 -2 4 11 -28 -30 34 -41 35 -25 81 12 -15 -29 20 44 
-53 0 24 32 -25 34 -1 -19 -17 -3 22 -7 -16 -93 -72 -2 
-33 7 73 -22 35 -40 18 15 -52 27 -15 50 73 45 11 -20 
-20 -15 6 24 -17 1 2 15 16 32 -8 -21 -51 -12 -30 -10 
-20 -3 17 37 -60 -7 57 7 9 -11 -13 -22 32 -21 46 -17 
14 10 -24 -16 -10 -54 70 14 59 -24 -14 2 -59 16 -45 35 
-21 -25 7 28 -31 11 60 -3 -43 9 67 3 -41 70 13 39 
-40 -22 8 -66 38 21 -14 -47 -24 11 -9 6 -28 -26 -54 -2 
54 19 18 6 9 6 -5 4 -21 -18 59 -64 25 71 -20 -41 
-52 83 33 1 -50 -40 -13 -61 41 41 0 -11 35 40 -15 -2 
-21 -45 -2 26 11 44 -18 -24 41 16 -20 -11 2 0 -73 11 
32 26 12 68 -36 -3 -37 -8 -75 13 -20 43 45 -33 11 43 
-61 -21 -49 -20 -11 -48 2 34 -28 -11 -19 -21 36 -22 14 -3 
21 -20 5 41 -26 22 20 -4 -41 13 3 17 -17 63 35 -9 
-3 48 -4 44 -28 -35 -40 2 13 42 -8 16 -27 25 29 -44 
-9 5 3 -21 -15 -5 25 34 13 6 5 46 0 -88 -42 -86 
-16 -46 4 1 -10 4 -16 -23 -46 -2 47 -3 -4 -3 -56 -25 
-54 10 -52 27 -16 59 32 -42 -81 -1 0 -66 18 -61 -52 -33 
-43 -8 28 2 -59 9 16 33 0 -19 -18 17 64 -55 39 -18 
-59 -23 29 39 -25 8 29 38 4 -41 7 19 -4 10 14 -46 
-28 -44 -50 -18 41 89 -11 2 6 -16 18 -30 -17 37 22 -4 
-24 -30 -8 -4 66 -51 -19 2 0 -66 21 16 31 -9 19 45 
2 34 16 26 -10 -9 -29 13 1 6 7 22 -18 36 5 20 
16 -25 -50 -47 -5 -15 -31 -58 -55 4 21 0 -20 14 12 3 
53 28 37 -7 -14 59 -50 -15 41 -13 0 42 -44 1 -53 -18 
6 1 -28 27 29 -10 6 -7 46 77 -17 -32 -18 -6 -11 -21 
32 -2 31 -10 82 75 -9 18 57 3 18 50 21 36 -17 -12 
6 50 -11 -10 17 17 32 50 89 30 12 86 42 1 69 10 
-60 -60 24 -30 32 -38 21 36 -37 10 -15 -47 26 -14 -22 8 
36 37 -44 17 8 52 41 53 55 16 -81 49 11 -56 -37 46 
-10 21 -27 19 10 -25 62 13 -35 -3 13 24 29 51 -21 -64 
-21 -11 5 6 39 -26 -44 3 -59 4 17 -3 -48 15 -58 -31 
-36 -38 15 28 8 17 29 -20 -14 21 -6 -9 12 -5 32 1 
8 -24 -33 46 6 79 1 2 50 48 -26 0 -16 45 14 12 
49 -31 -18 -11 -41 13 2 35 24 32 -26 -2 0 -11 37 9 
50 -41 16 6 13 10 -4 -8 0 -6 -5 -41 -31 17 40 30 
-5 -43 4 16 -48 84 -7 19 54 -10 -62 -8 29 -11 11 10 
38 8 -6 -21 -29 3 0 -38 5 2 1 69 0 30 25 30 
-8 -62 54 45 -4 28 10 -8 23 62 -27 -42 5 -39 -25 -28 
-26 8 35 -6 15 -13 -5 -26 -64 -36 -39 -24 53 28 53 -26 
-45 -7 6 -8 4 -3 -11 -21 -8 8 -13 29 -8 -31 32 -11 
-5 -18 23 -46 -37 -28 8 -17 -47 9 16 5 44 -106 17 -49 
-45 28 -42 14 -3 1 -21 9 -8 31 -79 -13 -5 -50 -3 -25 
5 41 60 36 -19 -5 -15 84 -31 1 11 -5 42 27 28 -26 
-35 -63 7 45 -27 -2 71 4 47 -27 -36 53 15 -11 25 -8 
23 -14 -30 -50 11 44 29 41 65 50 -17 31 -38 -41 -27 -14 
72 4 29 -27 -47 -54 10 -13 22 -30 -25 -15 -45 55 69 81 
-36 -5 -4 -1 22 -3 0 -16 6 -3 -7 7 60 14 15 -30 
10 16 38 14 23 28 -36 -32 -1 21 30 -44 -56 79 -1 -51 
16 66 21 -70 -10 14 -30 -7 46 61 0 -42 27 29 -36 -9 
26 -8 7 -32 19 59 35 21 -1 1 25 7 -2 -72 -31 26 
9 -5 27 -47 15 -39 -3 -6 10 -36 17 39 5 59 5 57 
52 31 55 6 0 6 8 77 8 23 -22 29 -29 -62 23 12 
-14 43 28 -54 -8 13 -22 -13 -3 -14 -48 -29 -24 9 3 10 
84 41 25 9 42 16 -35 -24 -13 24 56 10 -16 1 -1 4 
24 27 18 -8 39 -36 35 -28 3 -16 -42 -86 4 3 -17 -30 
63 -2 40 9 5 3 -18 20 21 9 -51 28 -29 -4 -6 -4 
-42 17 41 -21 -67 25 6 16 -5 -29 20 -40 -74 8 -13 -20 
32 -33 -14 4 -9 -18 11 40 -14 19 45 -2 -4 -25 13 -7 
9 66 -23 131 -10 80 -3 16 -1 -40 14 -12 44 1 59 -56 
-27 -36 -46 8 -28 21 50 -8 -38 46 3 -1 34 -6 -14 14 
-61 -3 49 -23 20 2 -4 29 47 -8 52 80 27 7 9 32 
0 -33 -20 -43 18 -58 18 22 11 -18 -9 -41 8 15 35 15 
3 -8 -1 0 7 0 0 -13 17 -27 53 40 0 -1 4 3 
-1 0 3 0 0 0 4 0 0 -1 -7 -1 -11 20 0 0 
-11 -1 -23 15 -3 -17 -15 2 25 0 0 -3 3 0 -19 0 
-1 0 -22 -7 0 0 0 10 9 -4 2 -1 -2 -6 33 -1 
-12 0 -13 10 -3 -21 41 -34 -3 0 -3 -1 7 0 37 -3 
-1 9 10 19 -7 1 4 -7 -5 2 -11 0 -7 36 5 0 
-1 -1 23 0 0 -2 57 -5 0 7 2 -11 -13 2 5 0 
11 -1 -4 11 -2 -2 -2 3 -1 0 -8 11 -12 4 -7 -2 
0 -7 2 -2 0 0 -37 -38 1 5 -10 -3 -2 7 16 1 
2 0 17 5 1 0 2 -8 0 0 0 -6 22 -1 -29 -6 
-1 -1 2 -19 2 -9 -4 0 -1 0 5 -10 -23 0 6 -8 
-2 7 -1 1 2 19 4 -8 -22 27 1 -1 14 15 0 6 
9 11 -12 13 77 -9 0 -5 44 0 0 1 19 0 6 0 
-4 15 -1 -7 29 5 0 -15 2 0 -1 10 -3 1 -12 -4 
0 0 11 -3 0 14 -3 -11 -30 0 9 -5 -6 0 10 -7 
0 -8 13 -20 -3 -5 -1 16 -30 17 16 16 -1 5 0 34 
19 8 0 -7 2 0 -15 1 -2 5 0 -16 0 -30 27 13 
3 1 7 -3 -1 16 7 20 -18 0 -9 2 2 0 7 28 
-10 0 4 -28 14 0 -2 9 2 -2 1 -2 -44 -8 8 0 
-11 4 0 -1 -17 11 14 0 -1 27 -3 15 5 -1 9 -1 
1 -2 -1 36 0 23 12 2 29 8 -24 1 0 -20 -13 -33 
6 2 -43 -2 0 43 0 -10 -5 -12 0 13 0 2 0 4 
-5 1 -1 1 20 -1 0 -18 -7 15 12 3 16 2 -13 -10 
-3 19 -1 0 0 -21 -16 0 1 8 -27 0 13 12 1 -7 
38 7 -2 0 17 0 16 2 0 1 1 0 0 21 -2 17 
-42 1 -2 0 13 1 8 -5 -14 0 0 0 1 -23 10 -28 
1 0 -14 -29 0 2 -5 10 -12 5 1 4 -1 1 -5 8 
6 -24 -3 0 6 -3 25 0 -4 10 0 0 4 0 9 0 
0 0 0 12 0 7 -2 0 33 27 -1 0 10 14 9 -2 
9 3 -3 16 25 -4 14 2 -5 -5 13 -36 13 -1 -24 -9 
9 -6 -4 3 3 -11 1 -13 -4 0 5 -12 35 -25 -4 21 
25 0 -7 0 -2 5 17 6 0 0 -5 4 18 -5 -1 -2 
-6 0 49 3 3 0 -20 13 0 1 -2 44 2 0 5 -5 
1 -5 17 0 -13 -1 -1 -1 4 0 25 23 -1 4 -1 33 
38 0 0 0 -4 -1 0 21 0 -1 24 -2 -28 0 0 -8 
14 -7 13 27 5 -6 2 3 -4 -1 -1 0 1 -25 3 3 
4 -14 1 0 26 5 0 5 22 18 11 -3 0 3 6 2 
0 0 0 0 0 0 -2 0 0 2 -6 1 3 -24 5 -1 
2 6 -9 15 -3 0 11 -27 4 0 -3 30 -9 1 10 0 
4 0 -5 12 0 0 0 -3 6 -5 -22 4 17 17 -30 2 
-6 0 -8 7 -3 16 38 -8 2 0 -9 1 -2 2 -10 1 
-4 17 -29 3 6 6 3 15 31 -1 0 0 6 23 -22 0 
0 -1 -3 -1 0 -1 2 5 8 -18 -5 27 -4 8 1 0 
5 23 -8 -26 -3 -14 12 -11 0 0 18 -30 0 -13 -10 8 
0 2 2 1 0 -2 -19 -21 -1 8 1 -4 -10 26 34 0 
19 0 3 11 -1 -2 5 -3 -2 0 -2 17 19 -4 10 -8 
-3 1 9 -12 5 8 5 0 -1 -2 20 -14 14 -1 -5 14 
-13 -13 2 8 -5 4 -5 22 -20 -23 20 -2 16 1 0 7 
5 8 -6 11 -9 18 0 12 36 0 -1 13 20 -1 4 0 
0 38 -9 -13 5 9 0 -24 5 1 0 -18 -6 1 -10 9 
5 0 4 9 0 18 21 -3 18 -2 -12 -3 -8 -4 23 16 
3 0 35 -17 0 -6 4 7 14 3 11 -9 3 -1 0 21 
13 -17 1 -12 25 0 -22 3 -4 1 0 -9 -1 4 -2 2 
-12 -2 33 -4 -1 -14 4 34 42 1 -3 -14 8 0 -9 28 
-24 1 22 -14 -38 4 4 20 3 2 -1 5 8 -11 11 -1 
-9 12 -12 24 -5 4 -15 0 0 13 -15 -19 6 -1 5 0 
0 -1 3 17 -1 33 17 7 -28 -14 -6 -2 2 13 4 -14 
-5 -14 6 -1 0 16 -1 -13 -7 17 0 19 0 3 0 -28 
1 1 -2 2 6 -14 3 15 12 12 -6 8 22 9 -8 -2 
-1 16 -2 0 -1 -19 6 1 0 31 -7 -2 7 17 -4 0 
23 32 1 -1 -24 0 17 1 0 0 6 0 0 -5 0 20 
-2 15 1 3 1 -4 41 13 -11 4 0 0 -4 7 4 14 
0 0 -17 -10 1 1 8 41 2 -24 0 0 12 5 41 6 
6 1 -1 -1 44 5 17 -2 4 5 0 0 -16 6 -1 0 
4 2 0 -6 -14 8 5 0 33 -32 2 -2 -15 22 15 5 
35 -15 -2 -4 17 -7 13 -1 0 5 -11 28 4 0 3 -6 
42 3 -6 -8 2 10 -2 -6 -21 0 5 -11 12 -12 -37 -21 
16 1 18 -1 4 -11 11 3 -1 1 -8 15 -4 8 -3 -8 
-9 -1 34 -13 0 -1 -11 3 0 -3 0 24 0 6 4 8 
-1 -21 35 0 -3 3 -3 1 -2 0 -25 8 0 13 3 0 
30 3 1 0 0 -3 0 -2 2 1 -6 -6 1 -1 6 -6 
21 -17 25 32 16 -15 5 0 -8 16 -1 0 3 23 -3 -13 
-11 76 0 0 109 -27 0 -86 74 -60 -35 114 4 -21 39 -38 
-2 0 14 8 1 0 14 -9 0 -17 5 31 53 -7 -2 2 
-5 -9 70 17 -19 -84 -110 -71 33 -1 41 -65 -27 -12 108 0 
21 0 -25 3 -3 0 0 -9 54 21 4 22 34 11 -21 -2 
-62 2 -38 30 6 -97 3 -9 -31 0 37 8 39 139 115 5 
20 15 -10 -21 -36 -57 -18 -69 -56 -16 22 0 17 36 59 0 
-11 -3 26 -6 -2 -4 26 2 53 20 28 49 -10 -8 29 -8 
110 -93 -34 16 -37 2 -26 6 5 0 -4 16 8 37 -46 -84 
0 21 15 6 -3 3 -49 -73 9 14 -59 12 25 -5 1 21 
-3 -2 94 107 -10 14 23 6 1 8 -4 -36 -109 7 -125 -33 
-44 -5 -21 48 22 14 -1 -9 14 -1 -17 -1 -26 2 40 68 
29 -17 17 -88 -2 81 -34 -76 -22 38 54 1 21 -38 0 -112 
90 18 -68 -21 103 -64 14 -83 31 5 0 -8 -5 -9 -21 2 
6 26 31 -54 34 2 0 -143 -19 -1 -11 64 -40 -1 10 41 
13 3 -31 11 1 -14 -4 -25 -53 -3 -46 57 -99 -11 -3 -25 
7 -55 41 -22 -36 -51 65 91 -8 6 8 9 -23 56 3 -24 
-39 -19 -5 -35 31 0 -62 15 1 19 -1 -10 -21 -107 -23 49 
36 23 30 182 9 100 24 -45 -9 7 61 -55 38 3 31 84 
-68 -5 -17 -136 -46 15 0 71 5 -5 -5 14 -86 62 -1 -4 
-126 -10 15 -32 -44 23 -13 1 -9 18 -1 75 95 -13 3 -6 
-39 10 -15 16 2 8 -56 3 107 44 -50 12 2 18 -21 -107 
22 27 -156 53 1 138 -15 -78 6 -31 -1 1 -7 1 0 109 
10 17 -19 2 -3 54 0 28 -47 133 -67 -37 62 -46 -83 -72 
-1 -26 7 3 -8 -8 -1 5 -7 40 59 -1 57 124 0 4 
160 44 7 6 10 -10 -11 0 0 24 -22 -1 0 59 10 18 
-49 92 27 -14 30 27 37 81 -51 4 1 -2 -6 -26 -15 -64 
-2 2 -72 -116 0 7 68 8 -2 -85 28 43 65 -18 -56 7 
36 -36 57 4 156 -35 87 -13 40 45 1 0 -99 -21 25 0 
11 -4 0 31 76 4 -40 0 -44 4 -14 -8 22 39 89 -19 
15 4 24 12 -12 -16 -15 -21 60 9 118 71 131 -3 -10 -125 
-60 36 -12 32 -56 13 -9 -46 24 1 7 -115 -28 -94 -70 63 
-1 3 27 -13 -2 -122 -21 -12 -10 -4 -41 13 26 12 19 -31 
-16 9 27 69 -9 -9 -125 36 0 -16 -2 1 14 -10 70 40 
-11 27 17 0 -65 -36 25 42 6 0 -19 -20 8 109 19 -37 
24 -5 25 0 -42 6 16 -74 -38 -1 47 -54 -114 -2 60 -37 
-25 -32 5 -8 -36 -31 -21 35 29 1 7 0 -3 56 17 -52 
-1 5 0 0 12 2 0 5 30 -12 -23 -13 0 2 4 -4 
1 0 4 0 0 0 -3 -1 0 0 -8 -4 12 10 1 0 
-10 0 37 3 4 -5 13 1 -8 0 -3 18 3 0 10 0 
-5 0 6 -6 0 0 0 -20 43 -1 -10 1 19 18 8 4 
0 0 -12 12 1 -2 40 -13 -5 0 -6 0 -18 25 -11 4 
-5 31 -4 -2 9 13 -4 7 -7 -1 7 0 -3 35 -7 0 
1 0 -14 0 0 1 -7 -5 22 -4 -2 1 0 13 -2 0 
-16 -9 -3 -28 6 -17 17 -1 -1 0 14 -48 -1 -10 5 5 
0 2 3 2 1 0 5 -17 1 3 8 -1 -26 22 18 5 
20 1 -3 14 6 -2 20 -3 0 0 11 -13 30 -2 4 8 
5 0 8 -2 1 -12 17 1 1 3 10 -19 14 1 -4 -7 
-4 13 -2 -3 -1 2 2 34 -3 15 5 2 18 17 0 11 
14 -30 -32 20 -36 -1 2 3 47 0 -1 6 15 0 2 0 
0 20 12 -10 -2 15 0 -13 5 -1 1 -27 -7 -1 -32 14 
-2 0 16 3 0 33 31 18 12 0 -3 -10 -10 1 3 -3 
6 8 22 7 4 -9 1 -10 24 24 -4 -2 -5 -9 0 45 
27 13 0 0 22 0 -2 -2 -4 11 0 23 -1 5 -7 30 
2 -1 27 -5 0 -29 12 31 11 0 11 3 -3 0 -3 34 
-21 0 19 -17 -24 3 -4 8 1 4 -1 1 16 2 6 0 
-5 19 -11 2 -2 4 -19 0 0 15 -2 9 13 1 -8 1 
2 1 2 40 0 38 -17 3 -41 -1 -13 0 3 11 -28 -12 
-4 3 -1 1 0 17 0 3 8 6 0 28 0 3 0 6 
3 2 5 1 14 -38 1 6 7 -3 9 5 8 2 -12 5 
-1 -2 2 -1 -1 -10 14 1 -1 25 -2 0 9 -8 -19 12 
31 31 0 -1 4 1 20 1 4 -2 5 0 0 7 3 19 
6 20 1 0 0 1 26 9 -5 0 0 0 0 -36 10 0 
-1 0 8 -6 0 0 0 19 10 -41 0 13 -4 3 20 0 
3 0 -7 0 26 -4 -9 2 3 4 0 0 15 1 4 0 
0 1 0 11 -11 5 -16 0 32 -3 -7 0 11 16 21 -1 
33 -11 1 -10 8 -4 4 3 -17 4 2 -1 -3 0 0 5 
15 -3 -2 0 -1 -5 -3 -1 -18 0 -4 14 35 -16 -5 -6 
9 0 8 1 1 0 29 2 1 0 -9 5 -14 8 -3 -1 
-6 -2 44 3 2 -1 -10 11 0 15 1 30 -1 -1 8 12 
-4 2 29 0 2 -2 17 3 2 0 8 16 -1 27 2 -14 
24 0 1 0 -4 1 -2 13 12 3 2 1 39 0 3 1 
23 -3 34 21 37 -20 3 10 -15 -3 1 0 1 40 0 -6 
9 6 -1 0 -21 -10 0 7 -37 -52 12 -5 0 36 -1 8 
-1 0 -46 1 0 0 22 0 0 -2 -4 14 0 63 -2 0 
-14 -2 5 6 3 16 31 -21 -18 0 8 -29 78 -1 -14 0 
10 0 -24 4 -1 0 0 -4 50 -8 31 6 9 -6 45 -8 
-41 0 1 17 1 -11 -44 10 -25 0 4 -7 5 -83 8 -6 
3 58 40 -27 67 -13 2 -43 -6 5 15 0 -14 -46 4 0 
0 5 -25 2 0 1 -23 -1 -11 61 7 -26 26 4 30 0 
-32 11 2 -40 -11 -21 14 0 3 0 8 -26 29 27 -19 -10 
1 -14 5 0 3 1 12 -47 8 1 -30 5 -41 -29 -26 23 
-3 0 -5 28 16 3 -9 52 0 1 12 -73 7 12 45 -11 
-10 5 3 -37 -2 -53 -29 1 -2 -9 -27 -55 30 8 10 -19 
38 22 6 90 11 -23 -28 40 -31 55 -28 -2 -29 -4 0 25 
-29 9 36 20 20 -116 7 -22 -34 0 -3 -11 -5 -2 9 0 
-5 1 54 16 11 -10 0 -13 -1 1 0 -22 -10 0 66 -9 
-6 0 -29 30 0 -14 -32 16 40 0 10 -20 -2 -4 27 -37 
-7 36 1 6 4 -23 -24 42 -12 -31 2 -18 -3 -18 0 -31 
-4 33 1 12 -2 0 35 -8 -4 6 0 16 8 -75 100 21 
-39 6 10 -24 0 -13 4 -27 -24 0 -49 -20 -12 0 -20 19 
-2 -1 5 -32 5 -1 -6 32 0 58 -4 -2 17 36 -13 0 
6 -6 14 -86 12 11 72 0 -3 -19 22 -35 6 -3 -19 0 
-1 -2 -1 -6 0 -29 -43 11 -1 -25 -43 -8 -9 -12 -1 -3 
-9 19 -38 38 -1 -7 3 -15 -15 19 0 9 2 2 0 -30 
-11 -1 -1 0 -11 -2 0 -54 -16 33 31 -6 63 -5 -5 -34 
4 -15 1 -3 -1 -6 -25 -3 -2 22 -34 -1 7 -37 42 23 
-12 -61 -8 -2 -53 -2 -8 -11 7 -7 -3 0 0 -10 -16 -6 
64 -23 -6 -4 -2 -1 -55 20 59 5 0 0 7 -59 0 -48 
3 -1 33 -6 0 0 20 27 -4 26 2 -14 42 0 18 2 
10 -67 -61 -2 -7 4 13 -3 -3 4 0 0 34 -19 -18 0 
-5 2 0 -5 -23 -11 -35 0 -8 63 7 -2 -11 -12 -14 3 
-28 0 11 -33 59 -6 -23 25 -9 -48 -41 33 -55 -1 -53 -37 
-23 -26 11 -53 -20 27 0 4 -29 0 9 33 -41 3 35 -16 
47 1 -17 -2 -4 13 1 -5 -2 2 -43 22 -1 -17 -3 5 
-9 3 -33 -38 -5 1 22 8 0 20 5 -18 3 0 -35 18 
-4 -35 -28 0 50 0 59 -5 12 0 -29 73 0 49 -1 58 
-42 -9 -1 0 6 -2 2 25 19 2 -17 13 13 0 38 13 
-10 17 -38 -24 11 -39 -3 22 2 58 -2 0 -6 -24 -4 6 
-1 24 0 0 -1 2 0 -7 -1 2 0 -14 0 -15 -4 -5 
2 0 16 0 0 0 11 -1 0 0 3 5 -3 9 1 0 
-2 2 3 11 -2 -10 -32 18 1 0 2 4 -14 0 -24 0 
4 0 6 12 0 0 0 15 -14 3 11 0 -3 2 14 -1 
11 0 -9 20 2 -15 30 6 1 0 -5 2 -2 10 13 0 
2 -28 -10 2 -18 -5 -4 3 -10 0 -12 0 -4 11 11 0 
0 -1 -3 0 0 1 -14 3 -23 6 0 20 10 9 -5 0 
22 3 4 18 6 5 -8 -2 0 0 -9 41 -6 -7 -2 -2 
0 3 -2 0 1 1 0 28 3 0 0 1 21 21 22 -6 
24 0 -5 3 8 -1 7 -8 0 0 -8 12 -11 -2 -4 -2 
2 7 2 12 2 4 7 -1 2 1 4 15 -16 -2 -3 12 
-9 9 2 -31 7 -11 -7 -40 29 -11 -5 2 21 15 0 -6 
-8 -12 4 6 12 13 -1 10 36 0 1 2 15 2 9 0 
3 21 -19 -7 -8 13 0 23 -5 0 0 14 8 1 -16 -1 
3 0 15 -6 0 30 3 8 6 0 2 19 9 1 -18 -8 
-2 -27 18 9 0 -6 19 -11 -5 22 -7 34 3 18 0 20 
20 13 0 -3 -10 0 -10 2 2 -4 0 27 -1 25 1 -3 
-3 0 5 16 1 3 15 13 -12 0 -2 -6 -6 0 9 -1 
36 0 6 42 3 0 3 -1 -2 -6 2 0 -21 -6 17 0 
19 10 5 4 0 13 -12 0 -2 19 -2 -11 -1 1 13 1 
1 0 0 21 0 14 7 -3 6 10 7 6 2 14 10 1 
-7 1 13 -7 0 1 0 3 -2 -22 0 24 -1 0 0 49 
-5 2 -1 -1 11 26 -2 1 -1 -11 10 3 -29 -4 -4 46 
1 -9 -1 1 0 13 -14 1 0 -19 8 0 8 11 4 -18 
-7 5 3 1 27 1 18 2 1 2 6 0 0 19 1 15 
-27 -14 2 1 -1 0 -3 -9 -23 -1 0 1 0 -18 14 10 
1 0 -7 2 0 2 -32 -25 3 13 -1 5 -22 4 -13 3 
-2 16 6 1 2 8 -16 0 -5 -11 0 0 22 3 2 0 
1 1 0 12 23 5 0 0 15 7 0 1 -4 2 12 3 
17 13 -3 22 -27 8 16 -8 -5 8 11 -21 -1 0 18 -4 
-4 2 0 -2 11 -12 0 2 29 0 0 -14 27 10 6 11 
3 -1 15 0 1 31 14 -1 1 -1 31 -17 23 0 0 2 
8 2 23 24 2 0 -3 10 0 -4 2 37 1 -1 25 9 
-1 14 13 0 0 2 -37 3 -4 0 9 -25 2 -21 1 17 
33 2 1 0 4 1 1 -8 -13 1 -8 5 -17 0 -21 20 
17 2 30 15 7 46 -1 -1 12 -7 1 0 1 15 4 4
-7 4 3 -12 1 0 -1 3 4 -6 -1 -13 3 -15 2 5 
1 0 -2 1 3 -2 -5 0 -6 -2 3 0 3 2 11 8 
-3 15 -10 10 -1 6 3 11 -2 4 -6 1 2 -5 12 -10 
-9 1 8 3 -11 -3 -1 -4 -3 -3 4 -5 3 -12 12 -1 
-9 -2 11 -1 4 9 2 -1 -9 -8 7 -3 -6 5 7 2 
6 1 3 3 -5 4 -2 0 -15 -12 1 4 0 -1 -1 4 
-6 3 -6 1 4 -5 7 6 -2 -3 3 -3 -2 -3 1 1 
1 -2 -7 -5 2 4 -2 0 0 -6 -13 0 7 -4 0 -6 
-3 3 -3 -1 3 4 9 9 9 5 -3 3 -4 -5 5 -6 
1 -4 -3 5 2 -9 8 1 2 -4 -2 -6 -5 -8 -4 0 
-6 0 -1 1 1 8 2 -5 -2 -7 1 10 -8 3 5 -3 
-2 4 0 -4 0 -1 4 4 -3 -7 5 6 -10 -4 -6 2 
-8 4 3 6 0 -9 7 4 -2 -6 6 4 -2 -2 1 2 
-2 -8 -5 -3 5 3 -7 -3 -3 -5 -10 3 3 -2 -3 -8 
-4 1 -2 2 0 6 6 1 8 11 -2 4 2 -9 -1 -4 
1 0 -5 7 -6 -4 1 4 7 -6 -4 -6 -6 -1 -7 0 
-2 -3 6 -2 8 7 0 -6 0 0 0 10 -9 8 8 -1 
-7 6 -1 5 1 0 2 4 -3 -5 3 7 -6 3 -13 3 
-2 19 15 -11 8 -8 7 13 0 4 9 16 0 -4 -13 -15 
19 -10 -8 1 7 20 7 -23 6 21 24 6 9 -9 -17 0 
1 4 -2 -2 -20 1 16 15 6 -7 3 -12 23 -34 -14 19 
-22 -4 -20 11 -11 14 -22 19 9 -3 10 4 -4 3 20 -14 
-1 19 -13 -12 15 -21 -3 9 -3 2 21 31 -6 5 -13 -8 
3 28 14 -3 5 20 23 2 16 17 40 16 8 13 -17 1 
-5 5 2 2 6 -2 1 3 -3 -3 3 -1 0 0 0 3 
-2 -1 -2 -2 6 0 -4 4 -2 -3 -4 2 4 0 -1 -1 
-1 5 -5 4 4 0 7 5 2 6 -3 1 -2 -3 2 -4 
-3 1 3 5 -6 -5 4 5 1 -5 3 -7 -5 -2 5 -1 
-5 -4 7 -4 0 2 3 -2 2 -2 -1 3 -4 2 3 -1 
-1 1 2 1 -1 -1 2 -3 1 -3 0 3 -3 -4 -5 6 
-2 1 3 1 3 -4 1 1 1 -2 4 -1 -1 -4 -1 0 
1 -4 -7 2 4 0 0 1 -6 -2 -2 0 8 2 0 1 
-7 5 -5 3 4 3 4 7 4 6 2 2 -3 2 3 -7 
0 1 0 4 -4 -8 -2 2 2 -8 -2 -6 -6 -3 1 -5 
-5 -4 1 -5 2 7 1 -4 -4 -4 1 1 -7 3 2 2 
-3 0 3 3 -1 1 2 -1 -2 -3 2 2 -6 -5 -6 6 
-1 2 2 2 2 -1 2 2 -3 -4 2 -1 -1 -1 2 3 
-1 -3 -4 -1 1 0 -2 3 -4 -2 -2 2 4 -4 -2 2 
-5 3 -4 0 0 2 5 7 4 6 -2 2 -2 0 5 -4 
-2 -1 2 5 -6 -4 1 3 3 -4 1 -5 -1 -4 4 -1 
-2 -3 6 -3 1 5 2 -2 -1 -2 0 4 -4 2 2 0 
-2 -1 1 -1 1 -2 0 1 -1 -4 -1 3 -3 -4 -5 3 
3 2 2 1 4 -3 8 3 -3 -4 0 -4 1 -7 4 1 
3 2 -3 -1 9 -2 -2 7 -5 -3 -4 5 10 -3 0 1 
1 7 1 5 4 2 4 0 6 10 3 -1 3 -6 11 -8 
3 3 -1 2 -8 -9 -1 1 0 -5 -1 -4 1 -5 6 -4 
-6 -5 11 -5 2 7 -1 -6 2 -9 3 9 -8 3 9 4 
0 -3 3 0 4 3 3 0 -5 -2 -4 6 -5 0 -2 2 
-1 1 1 0 3 -3 3 2 -2 -2 2 -2 0 -2 2 0 
0 -2 -3 1 4 0 -3 3 -2 -5 -2 1 4 -3 1 0 
-4 4 -4 0 4 -1 5 4 1 7 -1 2 -1 1 5 -3 
-2 0 0 3 -4 -3 2 4 2 -5 2 -4 -3 -3 4 -2 
-3 -3 6 -4 3 4 2 -2 -1 -3 1 5 -5 2 2 0 
-3 0 0 -1 1 0 1 0 0 -2 1 1 -3 0 -4 5 
-34 5 -23 -18 -10 -14 7 29 0 -3 3 -4 -18 -4 8 12 
-17 -13 -4 2 24 8 -12 -23 -10 -9 -10 20 -23 -2 8 22 
-11 9 1 3 13 8 -6 -15 9 -3 16 -1 -1 -29 -2 -8 
8 -4 18 -5 -16 -2 -2 -12 -11 3 -2 -13 19 5 9 -21 
-4 -2 23 4 -21 -6 -10 3 5 -17 6 -9 -15 0 -3 -2 
17 -14 -4 -11 -29 3 -5 -8 -34 10 -2 10 0 -2 -8 -8 
-11 2 -9 -5 8 -11 5 11 3 0 5 -1 -6 -13 6 -3 
4 -6 -12 -2 7 -2 -15 5 -5 -3 -6 12 1 -6 2 11 
4 13 -3 7 6 11 3 0 10 6 -1 -1 3 -9 7 -8 
-7 -2 4 1 -6 -5 3 -4 3 -6 -5 1 -3 -8 2 4 
-4 -1 2 2 -2 9 1 -2 -5 -4 1 0 -7 7 14 1 
2 -1 -3 -2 1 -5 -1 0 -14 -10 -4 11 -10 -10 -3 0 
4 20 7 3 5 5 9 -1 -7 4 10 -9 1 -5 3 -5 
2 -2 -4 -5 2 -3 -5 -5 0 -6 -5 -4 17 -1 -1 -10 
-10 -4 1 0 -2 -6 7 14 9 4 -1 3 -3 -5 8 -9 
9 7 -4 12 11 -1 0 3 -1 -5 1 0 4 -4 2 -9 
-11 -6 3 -4 -6 0 -1 7 -3 -13 -2 11 -7 5 4 5 
-2 4 1 3 -5 4 0 -4 -3 -4 -1 -3 9 5 -7 15 
11 0 1 -11 5 10 7 7 -13 -16 12 1 -2 9 -2 18 
30 6 10 -6 12 8 -9 -5 -1 15 -7 -17 -2 -7 1 -1 
13 -10 7 5 3 7 11 5 -4 -5 1 -7 -9 6 10 -9 
1 13 6 3 -9 -3 5 10 0 -3 -2 -5 1 -16 -6 -17 
-11 -2 21 0 -7 5 4 16 -1 2 18 4 -9 4 -4 2 
-7 0 1 4 6 4 15 -5 21 3 13 19 -16 14 1 -4 
-5 -2 5 1 0 1 6 3 2 -8 -1 -5 -2 -5 3 1 
4 -5 -8 1 6 -4 -5 2 -5 0 -8 -3 10 -1 5 6 
2 7 -7 6 0 3 0 6 1 5 3 3 -1 -1 11 -10 
0 7 2 3 -8 -12 -1 4 2 0 5 -7 -4 -4 9 -2 
-3 -8 11 -2 1 4 2 -3 -3 -5 1 0 -6 3 7 -1 
-3 -7 10 1 3 -2 2 -7 1 -4 -5 5 0 -1 -1 8 
13 -19 22 5 -2 -26 -3 -15 2 -13 12 -19 27 15 -17 19 
22 -3 5 -14 -17 -10 -7 29 0 10 10 7 7 -4 16 3 
21 3 -21 -7 -11 1 14 -5 -2 1 -32 -18 19 13 -1 7 
-3 33 -14 11 -5 9 -4 7 -5 16 6 17 -6 -5 0 8 
6 -5 -18 -20 38 2 19 -7 7 15 -4 22 8 11 -10 5 
-6 -19 -15 30 8 -3 13 29 28 7 -7 2 7 2 -4 5 
2 -1 3 -4 2 -7 5 1 1 -4 -4 -7 -1 -9 6 -1 
-6 -1 -10 1 5 2 -6 5 -7 -8 -9 9 -1 -3 4 3 
-3 12 -1 7 4 5 10 5 1 3 -3 -4 0 -4 9 -5 
-6 6 3 0 -2 -8 1 0 3 -3 1 -2 -3 -9 3 0 
-1 -3 8 -3 7 4 -5 -6 -3 -8 0 3 -5 3 12 9 
4 0 3 2 -1 -1 5 3 -8 -4 -1 4 -7 -10 -5 5 
-9 -5 -5 -8 -1 -11 14 10 -8 -3 1 3 8 -3 -5 -2 
4 -7 -11 4 11 5 -14 8 -6 -5 -3 2 5 12 8 6 
0 20 1 -1 -10 20 1 6 15 -9 -22 -5 -3 -20 3 -6 
3 -12 -6 -2 3 0 12 3 -6 -2 -3 -5 4 -1 -4 1 
1 2 -10 -4 9 9 -17 7 -3 -10 3 2 4 12 10 -7 
6 4 0 -4 -3 6 9 3 -1 -20 2 13 -18 -5 -4 -1 
-6 -6 5 4 2 -8 -1 4 -7 -13 -9 12 -1 0 10 10 
-12 -2 -21 -2 5 10 -8 -2 -3 -14 -8 -6 -11 -8 0 -1 
-4 -2 -8 7 19 4 2 -7 10 15 7 -3 11 6 -9 -4 
-6 9 14 -3 -26 0 1 -8 11 -10 10 -7 0 -17 7 -4 
-2 10 3 -4 21 9 4 -15 2 9 1 4 -13 4 -2 0 
-11 5 5 -6 2 -10 5 1 5 -2 1 7 -4 -3 -17 0 
-8 15 6 3 0 -2 5 -2 -1 -3 9 -18 3 -1 0 3 
0 -2 5 -3 0 -7 -6 -1 -5 -2 -3 1 9 -5 3 -1 
-2 2 -9 7 -2 -4 10 1 -1 6 1 0 5 -2 6 0 
-1 20 -5 18 1 -1 2 1 1 -7 -8 -6 -3 -7 4 -2 
-8 -10 9 3 3 5 3 -4 -1 -8 -2 9 -3 7 13 3 
8 4 1 13 -5 9 8 13 -7 -4 -7 0 1 6 -9 7 
-12 17 -28 5 -7 -9 -5 0 -20 15 24 -5 0 -2 -3 -8 
-18 0 -1 11 -16 -10 10 5 8 7 -2 11 11 -14 28 -9 
7 11 -22 3 -31 23 27 18 1 -12 -29 3 10 -2 9 13 
20 -12 5 1 26 16 39 1 7 3 -9 26 -8 -3 -13 33 
-3 3 -26 -5 15 -2 -8 -4 -9 -9 0 24 16 29 7 -13 
7 23 -2 25 -2 7 -8 15 -6 0 21 23 12 10 -12 7 
4 6 4 2 4 1 6 1 -4 -4 1 0 0 -5 2 0 
6 -4 -3 -1 5 0 -4 -3 -1 -1 -4 -3 7 0 0 -3 
-3 5 -9 4 4 -2 8 7 6 3 -2 2 3 -3 3 -5 
-4 4 -1 3 -7 -9 -3 6 4 -3 1 -5 -3 -6 2 0 
-8 -2 1 -2 7 5 1 1 -3 -2 3 7 -7 8 7 2 
-5 1 2 -4 3 -3 8 -2 0 -4 6 6 -5 -3 -10 6 
12 7 8 1 10 1 11 -3 -10 -10 -2 -5 5 0 3 12 
13 -3 -4 2 6 7 0 4 8 2 -4 -8 12 -2 3 -14 
-4 -2 2 4 -8 0 2 8 -2 3 -3 1 4 10 3 -8 
-1 11 3 11 -1 -8 -4 10 -1 4 -6 -1 -2 -7 2 2 
-13 1 4 -8 3 4 -2 8 -4 2 0 9 -7 9 -3 -3 
2 -7 8 -1 -2 4 6 -8 12 -2 -5 0 2 -1 -7 8 
-3 -1 0 -1 5 1 5 3 0 -2 0 -6 1 -4 1 -1 
2 -4 -6 -2 1 -1 -3 4 -5 -3 -7 0 8 1 0 -2 
-1 2 -5 4 3 -1 7 6 7 2 -1 3 -3 2 7 -3 
1 -2 1 6 -4 -6 -2 1 8 -6 2 -6 -5 -4 5 -3 
-5 -3 8 -1 4 8 0 -6 -4 -1 3 3 -5 1 4 0 
-6 0 0 -2 -1 1 7 0 -4 -4 1 5 -2 -4 -6 6 
-3 2 -1 3 3 2 2 3 -3 -1 5 0 1 -6 3 6 
6 -4 -4 -2 4 0 -2 -3 -5 -6 -5 -1 8 0 1 -5 
-6 4 -6 3 -1 -1 8 7 6 4 -2 5 1 3 4 -5 
-1 -1 2 3 -3 -6 -1 5 6 -4 4 -5 -5 -8 3 -6 
-8 -4 6 1 -2 10 -1 1 -5 -5 2 1 -5 3 6 0 
-6 0 3 0 -1 3 3 1 7 -3 4 0 4 1 -10 6 
26 17 15 -5 3 22 -13 -3 -15 -9 10 16 1 5 17 13 
3 29 15 14 11 -11 7 12 5 -13 -8 -17 -6 -25 11 -14 
-12 -20 -5 -8 23 -1 4 15 4 13 17 6 17 11 3 5 
-10 29 23 9 -2 -1 -15 16 8 0 -7 3 -2 -15 -13 -7 
8 -3 12 17 -1 -6 18 9 -2 5 -8 2 1 -5 3 -2 
15 24 -1 7 3 -6 12 3 -2 5 21 -3 7 11 4 -7 
11 -14 17 -11 4 19 9 -1 7 4 -6 10 22 -1 9 16 
-10 14 -5 4 -10 2 -13 -7 25 -27 7 14 -7 25 30 19 
-3 26 -20 19 -27 -12 9 -18 9 10 -2 -3 23 -2 -16 1 
-22 19 3 9 7 -5 -4 -19 14 8 -9 -11 6 -5 29 -7 
1 14 -2 4 -3 -2 -5 -3 -21 3 -7 -11 5 -3 4 32 
27 -2 19 -23 -3 17 -3 -28 -26 7 -1 -9 18 -19 5 15 
-11 -5 -2 1 1 0 2 2 7 5 -3 -13 4 -21 1 -2 
-4 -9 -5 0 9 -7 -9 7 -10 -6 -1 6 7 4 1 12 
-2 9 -7 11 0 -4 6 0 8 -1 -3 0 0 1 14 -8 
-6 7 -5 7 -7 -2 -6 -2 -3 -8 5 -9 -2 -12 10 -4 
4 -7 6 4 7 10 5 -11 -3 -14 3 1 -3 -2 15 9 
6 -1 4 1 5 5 0 10 -17 -13 -6 0 0 -1 -8 6 
9 -43 5 -2 14 -4 -8 4 8 -12 15 3 8 21 -2 9 
18 6 -6 -3 20 15 5 12 10 -4 -24 14 8 25 -14 -6 
21 -3 15 13 -6 -5 -19 -7 2 7 -5 -23 -3 43 9 -16 
11 0 -8 -3 -4 -3 -3 -4 -4 7 5 -19 -28 -3 -8 -15 
12 8 23 6 -4 -12 2 -2 14 -10 -24 8 -32 -19 -9 16 
-2 -70 -4 -35 22 -4 -31 -15 23 -4 -29 -8 -15 3 5 11 
-2 11 5 -3 1 5 6 2 0 -3 3 -4 -2 3 7 5 
10 1 -2 -2 6 -1 -3 -4 2 2 -3 0 10 -4 0 -3 
-1 2 -2 5 2 1 7 6 4 5 -3 0 -5 -4 11 -5 
3 5 -1 2 -2 -3 -1 6 5 -4 -6 0 1 -5 3 -4 
-16 -1 12 1 -5 0 0 6 -3 -7 8 6 -10 8 1 -2 
2 -2 5 4 -2 2 9 -2 5 -6 3 8 -2 4 -10 4 
0 5 -9 4 7 7 4 -20 -2 -2 10 0 6 13 8 19 
-5 14 0 -7 -3 1 -1 -6 4 -22 -10 15 -19 -13 35 4 
-8 -14 -14 23 11 16 10 -2 -4 9 12 -1 2 25 -5 20 
13 6 19 3 21 4 27 -12 17 -38 -11 -4 2 5 -9 17 
-9 8 -12 15 13 -8 16 -6 -3 20 -4 -2 5 24 5 14 
14 12 3 4 -3 -3 -11 -12 6 -3 -17 18 24 -10 -15 10 
-4 2 -1 0 3 1 2 2 -3 -4 -2 -5 0 -3 0 2 
2 -3 -3 0 3 0 -4 4 -1 -3 -3 3 2 0 2 -1 
-5 5 -5 1 1 -2 6 6 3 5 0 2 1 -1 7 -4 
-1 -1 -1 4 -7 -6 -2 4 4 -5 2 -8 -6 -4 4 -1 
-1 -3 4 -1 3 7 1 -3 -2 -7 -2 3 -5 2 6 2 
-5 1 2 2 0 0 0 -1 1 -5 0 3 -3 -2 -7 7 
4 5 3 3 1 -4 7 -3 -8 -3 7 -3 -4 -6 0 1 
2 -3 -1 0 6 1 -9 7 4 -8 -10 2 9 -2 5 -6 
-2 1 0 1 -3 -1 6 5 6 7 3 1 2 -2 10 -5 
5 9 3 8 -2 -7 2 5 5 -4 -5 -5 -1 -2 0 3 
-6 -6 9 -4 2 2 1 1 -2 -8 -3 4 -4 3 6 5 
7 -2 -1 -2 -3 5 -1 -3 -9 -2 0 5 -3 3 -3 3 
1 3 -2 5 -2 0 7 -1 -4 -2 1 -1 0 -7 -1 -1 
3 -3 -6 2 5 -6 -3 3 -2 -5 -8 0 11 1 -1 -7 
-5 2 -9 0 6 -4 7 14 7 6 2 2 -3 1 8 -2 
-1 -1 -8 6 2 -8 -3 4 2 -6 7 -2 -3 -5 0 -3 
-6 -1 12 -3 0 9 0 -1 0 -6 0 7 -9 0 12 -2 
-13 3 0 4 -4 -4 4 0 -2 -7 3 -3 -2 6 -6 9 
1 -2 1 1 5 3 2 4 -5 -1 4 -6 3 -5 5 6 
-2 -6 -2 1 3 -4 -2 6 -3 -11 -2 -2 4 -1 2 0 
-7 4 -2 5 2 -1 3 5 1 4 3 0 -3 -2 3 -7 
3 4 1 6 -3 -5 7 5 5 -8 -3 -7 -5 -7 2 -5 
-7 -8 5 -5 0 5 0 -3 2 -2 1 6 -10 5 5 -3 
-3 4 0 -2 0 0 3 -3 3 -5 -2 2 -1 -1 -4 8 
-2 5 6 2 3 6 1 0 -3 -3 6 0 0 -4 3 7 
5 -2 -1 1 0 3 0 -1 0 -1 -3 -5 9 1 -1 -7 
-3 2 -8 4 -5 -1 9 10 4 6 0 2 2 1 4 -4 
6 1 3 1 1 -8 -1 7 4 -4 0 -3 -3 -5 4 -2 
-8 -1 9 0 -2 8 -3 1 -1 -3 1 2 -5 4 2 0 
-2 3 9 -1 0 5 5 2 9 -5 3 5 -1 -3 -10 9 
-9 5 -9 3 13 20 -6 1 -2 24 -23 14 33 -5 25 -27 
-19 -10 8 12 1 -6 -3 17 -21 11 21 -13 52 28 -20 -5 
12 28 -12 -21 -30 -17 20 37 28 -7 -37 7 6 -23 14 -27 
-14 6 -16 -4 -7 -9 -9 -9 -25 29 25 4 -6 6 42 13 
10 -6 -22 1 26 -14 -3 3 4 -5 18 16 22 -6 18 -8 
-16 29 -8 -3 5 26 17 33 -22 -25 33 -3 -3 -5 -3 21 

