-359 -430 -311 128 -540 262 -511 -285 162 320 -20 -256 -170 -241 126 299 
-103 -35 31 -77 -20 -11 19 81 -21 55 0 79 33 -47 -81 -87 
88 -99 -52 61 82 -54 89 -46 -26 80 -47 -65 -10 22 85 -29 
-105 20 -55 -80 -100 -28 -7 -7 -45 78 117 44 -64 28 33 28 
-59 101 -63 95 17 -105 -35 -49 -13 -14 -80 -39 72 72 -8 34 
-25 36 34 -47 124 47 -38 76 0 0 0 0 0 0 0 0 
0 0 0 0 0 0 0 0 0 0 0 0 0 0 0 0 
0 0 0 0 0 0 0 0 0 0 0 0 0 0 0 0 
0 0 0 0 0 0 0 0 0 0 0 0 0 0 0 0 
0 0 0 0 0 0 0 0 0 0 0 0 0 0 0 0 
0 0 0 0 0 0 0 0 0 0 0 0 0 0 0 0 
129 40 -97 -109 54 56 -113 45 -97 74 -3 95 -51 -208 -22 -92 
72 3 -20 65 12 2 -134 -63 130 -19 -138 -8 -97 61 177 -108 
91 144 -13 -249 -191 -12 44 23 57 -50 33 -6 93 -70 124 35 
120 -56 -88 126 34 126 -12 -55 -99 -44 -24 36 115 84 51 21 
-13 53 -155 -108 106 57 -161 -39 -138 94 77 -30 69 22 -24 -34 
145 253 108 137 43 -28 11 115 0 0 0 0 0 0 0 0 
0 0 0 0 0 0 0 0 0 0 0 0 0 0 0 0 
0 0 0 0 0 0 0 0 0 0 0 0 0 0 0 0 
0 0 0 0 0 0 0 0 0 0 0 0 0 0 0 0 
0 0 0 0 0 0 0 0 0 0 0 0 0 0 0 0 
0 0 0 0 0 0 0 0 0 0 0 0 0 0 0 0 
0 0 0 0 0 0 0 0 0 0 0 0 0 0 0 0 
197 -10 -57 241 33 30 -191 -129 -88 -236 238 94 -154 -61 -87 99 
30 118 -67 -134 73 -175 -39 -64 76 -11 42 -151 115 -38 -7 -42 
-130 -150 85 -41 62 230 -74 -1 -137 -199 66 -228 72 -346 -108 98 
9 66 135 135 -255 71 -55 -48 -148 -18 -81 344 14 -120 -52 -45 
170 -61 35 -226 -207 35 108 -191 -86 -174 188 111 117 12 182 204 
44 221 102 260 121 -23 -20 63 -46 -175 51 -56 68 -156 77 18 
119 15 -128 158 -48 -24 124 63 -47 -30 22 115 -40 99 136 -164 
-76 -17 28 -11 65 -184 -29 8 -80 117 78 -66 78 -45 -130 -185 
-149 202 3 -88 64 -220 -48 72 35 -7 180 -231 -77 -267 214 16 
13 51 -178 64 -30 93 2 -110 164 7 -97 159 233 140 32 122 
-88 -48 67 -93 -285 -98 -56 52 -84 38 -17 91 -113 1 33 -116 
112 123 130 220 143 113 103 -29 105 287 -233 53 80 68 -165 214 
0 0 0 0 0 0 0 0 0 0 0 0 0 0 0 0 
0 0 0 0 0 0 0 0 0 0 0 0 0 0 0 0 
0 0 0 0 0 0 0 0 0 0 0 0 0 0 0 0 
0 0 0 0 0 0 0 0 0 0 0 0 0 0 0 0 
0 0 0 0 0 0 0 0 0 0 0 0 0 0 0 0 
0 0 0 0 0 0 0 0 0 0 0 0 0 0 0 0 
38 -12 -30 79 -37 69 -6 34 53 93 66 -5 -1 -159 -67 -21 
-66 -16 -63 60 27 44 -40 123 -72 82 -45 21 81 -118 92 56 
182 -13 -46 50 -95 -93 -81 27 6 7 -65 -34 -1 4 -60 111 
-159 -73 -6 -19 -95 -110 -93 -37 -17 -29 -103 151 -68 -85 -122 137 
9 -87 29 50 -58 19 -71 78 -63 26 -44 22 10 -93 -25 23 
62 62 -59 126 -48 -27 -109 175 -7 11 64 -78 -15 0 10 -40 
-176 99 -3 44 30 103 137 -80 -113 -98 123 -127 -82 -67 169 -41 
53 61 62 118 98 -8 -46 -3 -17 -56 -13 78 -28 -22 12 64 
-8 77 106 88 17 -130 -87 26 -118 -75 60 -81 122 -35 -42 30 
109 16 136 -75 -30 -150 35 124 71 -168 -42 88 -17 30 115 47 
168 81 25 25 21 5 16 -12 44 0 24 -9 -89 -71 -49 -39 
46 -44 -25 -60 -67 75 35 -22 -50 15 53 22 24 110 -3 -85 
-19 109 42 -57 95 -68 74 117 110 73 -102 142 138 133 86 143 
-29 97 -39 -80 -93 -72 166 -31 117 42 44 65 -52 197 82 175 
-5 65 -95 113 35 -123 -76 -28 -58 97 -68 65 98 11 109 28 
60 2 1 -37 50 146 91 -7 -3 -12 -77 -108 -73 16 -58 -51 
56 17 71 -52 77 -19 241 -51 -66 42 67 -51 -159 37 -7 -79 
63 -7 -125 28 -103 22 -56 6 -12 7 -5 116 -44 43 -29 36 
-29 12 160 100 -23 -42 137 14 -59 16 -3 58 91 -49 4 108 
-157 -56 -11 -20 -28 128 62 -154 -117 12 81 3 47 82 79 -41 
-11 74 57 -12 -19 -20 -11 94 -10 -144 51 -76 0 -118 36 16 
38 53 107 -120 79 -95 14 -95 74 69 83 109 -65 -42 107 -76 
62 -19 -63 13 -87 -89 -32 78 110 151 70 62 -78 -14 153 46 
-1 -7 52 51 109 -121 186 -30 -4 -113 63 8 -43 -15 -26 27 
-64 44 68 -103 -104 -15 109 197 10 -23 86 -196 142 -42 -61 -42 
-105 117 -64 -143 -36 -47 -32 -126 108 20 -43 -96 -25 18 42 47 
181 223 63 95 -76 -76 -108 -22 115 35 0 -137 66 94 45 -39 
22 -107 -146 -53 -25 -124 105 54 62 81 -3 94 157 -9 -55 72 
-146 -29 61 -32 90 -33 96 44 150 -166 -32 15 68 57 -43 -52 
-61 -65 59 140 -9 5 57 -5 70 59 6 -15 52 13 -8 80 
0 0 0 0 0 0 0 0 0 0 0 0 0 0 0 0 
0 0 0 0 0 0 0 0 0 0 0 0 0 0 0 0 
0 0 0 0 0 0 0 0 0 0 0 0 0 0 0 0 
0 0 0 0 0 0 0 0 0 0 0 0 0 0 0 0 
0 0 0 0 0 0 0 0 0 0 0 0 0 0 0 0 
0 0 0 0 0 0 0 0 0 0 0 0 0 0 0 0 
0 0 0 0 0 0 0 0 0 0 0 0 0 0 0 0 
0 0 0 0 0 0 0 0 0 0 0 0 0 0 0 0 
0 0 0 0 0 0 0 0 0 0 0 0 0 0 0 0 
0 0 0 0 0 0 0 0 0 0 0 0 0 0 0 0 
0 0 0 0 0 0 0 0 0 0 0 0 0 0 0 0 
0 0 0 0 0 0 0 0 0 0 0 0 0 0 0 0 
0 0 0 0 0 0 0 0 0 0 0 0 0 0 0 0 
0 0 0 0 0 0 0 0 0 0 0 0 0 0 0 0 
0 0 0 0 0 0 0 0 0 0 0 0 0 0 0 0 
54 -80 104 -228 -33 23 2 92 266 62 -8 -104 162 -107 155 -79 
97 41 -55 67 105 -29 119 44 59 -138 -67 90 -73 102 29 9 
13 147 -68 -20 3 62 -72 -26 -39 -70 104 -48 -52 72 11 -10 
136 -96 61 -54 -76 99 18 1 -187 16 44 13 -26 -182 111 1 
-120 44 19 -90 95 57 44 -69 -41 -45 -45 -127 -37 24 116 -155 
73 85 -11 133 -36 -26 -40 -52 -13 150 -116 -13 -31 123 -95 168 
-11 -95 -71 -122 75 29 138 24 -6 15 -15 29 141 153 10 67 
75 -68 173 29 107 -112 -38 -12 -34 123 -141 166 48 96 48 99 
97 58 -86 -61 -2 1 25 -149 61 12 -43 -14 -31 97 -75 -9 
107 -8 -57 78 -32 112 126 -30 39 5 -101 25 38 -17 -100 6 
-68 -36 -69 93 34 113 -145 -53 54 10 -58 50 -61 22 33 134 
-38 46 79 -76 0 12 -24 3 75 83 115 87 61 49 60 -8 
-73 134 72 -63 15 -69 24 224 -24 26 62 -19 -15 18 -131 137 
-13 151 -22 40 89 85 -47 20 211 47 -55 -25 87 -52 12 96 
69 -75 16 -83 10 -51 11 0 47 -140 65 3 -162 -17 64 20 
18 48 -75 -143 -6 28 60 -48 119 -77 26 5 65 52 37 -86 
-8 -101 -73 123 89 -39 -1 187 72 -97 97 125 54 -100 74 73 
58 -28 18 -30 -16 -46 36 33 -37 88 -16 1 5 -33 -22 13 
-3 48 -73 88 -54 -1 -147 35 -52 65 39 47 48 72 149 29 
-121 46 82 -21 -58 37 34 34 -122 103 -14 14 20 -53 33 -48 
76 36 11 81 54 -109 -105 19 31 -92 -104 8 -19 35 -35 -32 
2 32 -100 24 104 -60 77 100 195 -12 -49 135 141 18 -175 71 
-81 -85 45 10 101 83 -77 -6 24 61 22 84 -16 63 69 18 
-92 -9 27 90 -94 28 -54 -36 3 70 -131 -51 83 -117 -124 56 
3 87 68 17 44 16 92 -105 -56 -29 -132 -43 -7 9 -133 16 
25 39 20 63 37 116 -27 -23 -98 -34 173 -14 -144 69 111 -24 
-70 -31 189 -10 -41 150 -95 63 67 182 -108 99 27 75 194 19 
-42 58 -18 55 -26 37 177 -71 83 -18 -62 68 -71 -120 -201 74 
150 -25 -43 47 143 17 32 -50 -68 -102 -55 -8 -71 -20 -27 142 
-17 -9 -46 36 -14 -87 112 -73 -40 89 -72 -203 -23 -90 -45 -84 
0 0 0 0 0 0 0 0 0 0 0 0 0 0 0 0 
0 0 0 0 0 0 0 0 0 0 0 0 0 0 0 0 
0 0 0 0 0 0 0 0 0 0 0 0 0 0 0 0 
0 0 0 0 0 0 0 0 0 0 0 0 0 0 0 0 
0 0 0 0 0 0 0 0 0 0 0 0 0 0 0 0 
0 0 0 0 0 0 0 0 0 0 0 0 0 0 0 0 
0 0 0 0 0 0 0 0 0 0 0 0 0 0 0 0 
0 0 0 0 0 0 0 0 0 0 0 0 0 0 0 0 
0 0 0 0 0 0 0 0 0 0 0 0 0 0 0 0 
0 0 0 0 0 0 0 0 0 0 0 0 0 0 0 0 
0 0 0 0 0 0 0 0 0 0 0 0 0 0 0 0 
0 0 0 0 0 0 0 0 0 0 0 0 0 0 0 0 
0 0 0 0 0 0 0 0 0 0 0 0 0 0 0 0 
0 0 0 0 0 0 0 0 0 0 0 0 0 0 0 0 
0 0 0 0 0 0 0 0 0 0 0 0 0 0 0 0 
-40 40 193 -191 -105 90 89 128 38 4 61 18 43 65 -68 -205 
-100 231 -394 -159 -93 215 -148 139 -124 -65 -62 47 123 204 83 -110 
-89 -95 162 -193 147 -223 85 -116 74 -214 -126 -13 -175 146 63 -122 
205 -187 -188 -77 87 -135 -170 -62 -104 -28 82 65 41 11 148 -118 
-40 183 -141 -19 20 122 -115 -194 -273 -254 -146 -190 158 -76 -80 -2 
-148 63 -45 72 -26 -186 121 34 -105 -151 144 -134 25 -12 -163 -83 
137 76 115 -228 -62 -92 -64 -72 -46 43 -110 223 62 -115 -46 9 
-17 -92 115 -34 182 166 -125 109 0 0 0 0 0 0 0 0 
-85 168 50 43 -30 47 -30 88 63 96 -401 146 -199 -157 6 152 
280 -50 -25 69 -128 213 -108 197 85 298 16 -55 182 124 176 144 
-26 -25 -110 179 101 192 -332 117 19 -209 237 -279 62 200 170 -204 
271 -251 -13 -26 -162 -55 -63 298 130 197 204 15 63 -198 -140 -178 
-182 47 -76 158 -29 302 -49 63 -106 -136 -145 -105 75 101 -182 -42 
-42 -53 164 191 -255 -213 -100 -20 -36 214 -170 -19 37 -103 -184 -107 
-118 69 158 310 -28 118 -109 127 206 69 128 84 184 -120 43 -157 
-17 -367 41 -88 27 26 140 95 0 0 0 0 0 0 0 0 
-173 99 133 163 -140 -198 -93 -163 144 21 202 -25 165 -91 -5 86 
-267 -31 -200 14 27 154 -247 124 -185 -131 45 -276 -178 -154 81 84 
-181 122 143 -98 206 -309 -32 -104 -135 -75 -127 -27 22 14 -76 90 
-180 142 -44 23 180 -2 -90 90 -180 -105 161 203 -170 166 -125 62 
233 119 156 -174 -150 171 -151 146 -67 -229 68 -95 -109 -154 67 269 
94 -22 -135 154 300 -25 149 124 22 93 -137 -110 117 -170 -107 108 
182 -48 0 -300 -80 -47 203 -79 113 258 112 -83 59 10 -143 128 
10 118 58 -45 92 147 -32 -199 0 0 0 0 0 0 0 0 
9 188 14 40 36 11 -93 -92 19 62 71 8 -3 131 -65 -15 
6 41 87 -59 103 72 -73 -9 41 29 20 60 2 -92 14 0 
77 -123 63 -97 103 -90 28 24 -60 -115 -84 51 7 42 4 -11 
-88 -10 -68 -93 -83 3 13 48 80 -129 109 -39 -4 20 96 52 
20 -39 118 -5 -25 21 28 -5 -5 56 97 -11 -39 -116 30 119 
-124 75 -44 118 -65 -70 -44 135 -123 42 -30 4 80 19 -4 19 
-87 63 -8 21 -23 -40 -2 12 7 -35 -141 117 123 36 -144 -41 
90 -3 14 93 -118 -48 -121 -9 -54 74 11 61 12 -24 89 80 
-16 -88 -126 99 1 128 -34 -29 -9 -22 -27 -6 -30 27 29 78 
151 -79 -165 -79 -136 -48 47 3 -168 -120 18 -7 -99 -50 93 149 
-14 55 -76 -67 -46 95 124 113 -86 -5 -116 -108 58 -93 -156 -69 
-75 -337 62 108 137 98 -46 158 -61 99 115 -194 269 40 -174 66 
-7 6 247 -185 -13 8 34 -167 12 10 -47 45 -52 24 -110 41 
183 65 -86 74 -18 42 87 160 123 -132 13 -68 27 101 124 17 
-41 169 22 217 22 -112 74 127 -107 99 58 50 -76 149 -75 19 
86 76 -73 107 211 203 -31 -74 57 98 -59 139 143 -179 129 0 
13 53 -84 144 52 -109 128 26 76 -63 128 79 -185 41 46 101 
59 -94 78 58 -109 -85 -36 223 57 76 46 65 64 16 -13 66 
1 88 -33 -53 71 -104 -61 -130 -142 91 -99 -160 -161 -29 18 -26 
-38 11 18 -127 46 -32 -92 -110 -5 -28 21 55 -23 40 103 -150 
2 68 -22 -107 2 -45 144 -56 -120 -157 -19 34 86 -163 -22 132 
-19 4 119 -12 -3 -18 -21 -70 -134 -54 132 -37 -46 137 110 -115 
-86 -2 137 22 -201 -70 -37 -3 -139 107 0 -11 -84 15 25 27 
-12 -41 -176 1 -105 -158 -51 -95 75 164 92 -146 19 -16 -142 123 
29 -124 -59 92 10 -187 65 130 95 130 -22 -10 -94 -118 196 -129 
-48 41 -89 75 21 111 -86 -79 -229 88 -150 -8 -63 200 -80 -79 
-83 47 -91 -12 -55 73 72 -72 -9 -13 52 3 73 -64 2 93 
-53 97 -49 -70 -52 53 1 13 -53 132 22 -71 49 38 -62 -50 
10 -25 63 73 -57 -21 88 -31 10 24 -58 14 45 6 -4 6 
144 -32 -62 -70 -15 -131 -137 -49 -48 130 113 23 46 -122 -86 -74 
25 -31 12 12 41 117 -8 -131 -101 -50 30 68 -22 66 3 51 
21 189 -33 -20 108 6 -106 170 -47 33 -30 -11 -64 129 -22 -63 
49 111 -29 69 32 2 39 142 -65 -49 -132 -127 33 -104 -52 14 
85 107 -55 67 -63 58 -31 18 -112 49 -124 -6 164 70 0 21 
119 -17 3 46 -108 -85 -116 -5 -126 38 71 4 -6 -91 -40 21 
88 25 23 67 8 57 -28 -26 -5 7 -135 33 -24 44 -42 -24 
-96 -45 -28 107 -45 -103 -49 -69 -26 -39 -6 87 10 9 -47 -3 
-24 32 1 -21 40 91 -107 -41 62 60 -24 19 -21 114 74 11 
59 100 -73 -36 52 -71 65 -28 -38 -29 -76 -88 15 -15 -175 59 
-73 23 14 -80 -17 61 -49 -144 -18 19 59 92 -63 -37 -25 -30 
77 63 55 -27 -49 82 -128 81 17 51 2 -67 77 -15 -9 -1 
27 -22 2 26 -22 3 93 -31 -81 2 -79 -79 -12 11 -143 -103 
75 -24 -75 40 62 82 -24 -25 -20 15 15 51 -48 -83 27 -48 
-26 -107 -5 -19 -29 33 -25 -17 -42 102 -117 -60 66 -63 -27 3 
-7 -29 -61 -144 -112 151 -26 110 -33 79 44 19 41 -24 18 -100 
98 4 29 -17 -81 -15 12 -63 22 64 227 51 26 33 88 44 
-5 -86 -4 -156 75 29 18 -51 81 -8 -52 28 -127 -23 34 -63 
-44 -61 65 122 -65 -29 36 -15 16 -42 -99 -146 3 70 123 16 
137 -46 38 -77 84 -13 -26 -30 158 105 -6 61 45 -5 -17 47 
89 -204 -43 21 52 134 -59 20 46 68 -108 -5 18 94 -38 -120 
-78 -36 48 4 81 78 57 -103 -11 59 71 -45 16 30 56 35 
106 -87 -84 -67 80 -53 108 63 62 68 13 -85 -65 62 -88 -162 
-25 67 -80 -40 -40 -17 64 -75 100 -141 -28 -49 -88 0 -36 75 
-62 -42 -84 62 -23 -63 -11 90 -48 161 47 143 -30 104 54 55 
60 123 -6 -49 53 47 -19 22 124 120 44 -88 61 10 -114 16 
104 -81 -134 -22 -113 -105 34 9 156 27 67 73 16 -86 -1 55 
155 -29 74 -79 77 17 87 3 -65 61 -143 -50 66 59 71 -92 
75 29 -66 79 90 -26 53 114 128 213 107 -34 117 -7 52 113 
-118 51 41 87 66 -84 61 -30 8 15 -8 67 12 30 -35 -118 
13 -35 26 95 128 -39 -109 -6 94 110 137 -38 -71 -51 118 72 
-16 77 15 -70 67 7 38 185 136 0 27 123 46 148 70 -103 
78 65 -146 -63 15 45 -2 -81 -99 72 149 75 -7 44 13 4 
104 88 60 -26 18 3 19 -41 23 -19 -5 25 143 -29 -38 -32 
-87 -70 0 -65 -16 -3 15 17 23 -32 -67 20 46 -113 -17 -80 
26 22 55 -66 -137 82 54 -165 -11 45 -43 34 10 22 -45 28 
-28 -1 -7 -43 7 12 -62 63 -69 27 6 24 -120 75 40 -16 
-5 -86 85 35 -30 -24 17 -49 32 -89 11 9 86 -7 0 -6 
-19 -3 27 4 -41 -15 -51 -56 -17 28 -77 -18 3 26 -115 22 
55 73 -15 -47 37 45 66 -9 -54 11 -1 -105 44 47 -76 -41 
42 126 30 -65 -19 -123 -7 -52 31 87 40 73 -70 -14 34 1 
11 -39 23 29 -33 -51 -9 53 -22 1 -6 -28 50 17 40 -96 
7 -36 45 129 24 -27 71 -83 69 -36 -42 -11 -21 -5 -90 11 
-95 -2 -66 29 -128 21 6 64 35 -11 -38 64 -1 -37 -20 68 
-33 -17 -25 53 92 -53 138 -54 -107 64 -91 -69 -42 -23 33 9 
51 -83 42 9 24 -43 -62 89 53 -111 69 -10 -3 7 -49 28 
23 -98 -36 34 42 28 -84 -23 5 22 -3 -50 -110 -35 -94 -134 
7 3 -62 -64 -10 43 -62 65 68 40 -79 -24 -61 51 15 -2 
-58 39 -94 39 -40 -15 11 56 -33 18 -15 -86 -83 -36 8 -46 
-44 -27 -55 -43 31 75 0 68 31 -4 34 -55 95 -25 39 -36 
-57 84 96 58 118 -80 65 28 -69 83 44 51 -18 -195 6 61 
26 5 34 -65 -54 -4 15 -7 100 -105 86 82 18 14 -4 -53 
53 -19 18 41 -140 70 38 -159 117 112 37 128 -23 33 -115 -88 
-77 100 23 83 -28 -8 -12 -118 -5 85 -16 -45 -136 36 9 -4 
79 38 54 50 -175 119 -34 -30 48 12 2 -55 -3 -64 47 84 
145 45 47 28 11 91 -31 -17 88 -54 -40 -37 -65 65 -104 15 
-6 7 85 -11 137 125 47 -112 118 -12 44 163 63 -86 69 82 
25 -63 -19 -77 -43 -49 -65 -68 -1 -37 20 78 -12 -28 -27 1 
82 30 130 -9 -65 -56 -42 104 49 -50 -13 -32 56 -21 -32 -66 
-42 64 -5 97 31 62 -165 -57 -83 6 33 100 -26 -62 -84 25 
65 -50 5 54 78 27 47 -67 0 -86 -33 94 -36 35 19 54 
6 -71 -125 5 106 -6 5 -50 -27 135 -27 -89 -55 -182 5 -89 
-34 -116 62 -17 -126 -83 70 -64 -39 -15 21 -15 -19 51 51 49 
-87 64 72 5 87 -49 1 -48 -50 -61 4 -46 29 62 20 -32 
69 33 13 28 44 -36 -31 -40 81 -100 -84 -57 32 -63 -67 13 
-42 112 -6 50 -61 -58 31 19 44 -32 -96 -24 162 75 -146 -124 
-125 98 61 -7 99 -60 91 -89 105 1 -27 -81 -86 -43 25 -35 
-5 -19 112 112 -8 111 -18 44 70 -113 -51 51 -179 -150 -79 97 
-41 8 77 -33 109 16 69 27 -87 -21 -38 -24 -29 64 13 90 
107 132 123 119 -86 -117 -79 46 73 92 12 13 45 50 -72 -68 
-26 30 16 56 -4 -36 -16 4 31 98 -43 63 0 93 -31 -17 
19 32 -35 -83 66 -7 -41 -4 -9 8 -92 -20 -84 105 -37 -99 
-11 -57 6 -11 1 -106 -11 47 8 -37 17 -52 99 -14 28 -68 
-110 -1 67 -100 56 -69 -110 41 -70 -19 19 53 89 65 59 -21 
-79 56 -107 9 -54 24 78 19 -62 -150 -83 -134 36 -61 -105 -16 
27 21 -8 38 129 22 -48 45 63 144 52 32 28 50 -29 -23 
-73 -130 -147 -43 40 -79 70 -111 -21 -12 47 52 -3 -20 -39 -34 
-46 -32 4 -4 -29 -98 24 -7 20 -11 -22 -19 17 39 -18 11 
39 14 -19 40 7 -35 -29 -4 -84 9 -76 16 14 -16 53 39 
-15 -22 47 41 -64 83 -44 126 45 -38 125 18 47 78 -144 -40 
5 -2 -145 -48 19 -35 -66 -6 32 -94 62 -14 -84 -47 -32 -19 
61 -78 -56 22 -129 -37 31 -89 110 -44 -26 -8 -16 -133 -30 82 
-8 -92 -49 5 28 22 76 66 -22 86 -11 36 -5 -18 49 39 
-19 -4 55 41 -19 -44 2 -29 12 34 41 -63 -77 -1 30 31 
59 2 8 -26 94 -29 6 52 -103 69 -34 -62 -83 63 2 -39 
-117 -32 -7 -138 81 -57 -52 46 -30 51 -27 17 53 -20 21 -15 
118 -46 49 33 -66 -71 24 25 -53 45 57 22 51 57 -42 -85 
30 -47 -57 -10 52 48 104 -55 -50 53 -5 -27 -72 -27 69 13 
-19 107 -66 -65 -90 43 -78 -27 -54 109 -74 -71 -9 129 -183 2 
18 -12 -62 -24 151 34 -112 -17 -16 -12 53 51 -73 -12 -46 6 
59 -80 30 -83 -49 -36 -64 46 220 44 47 -31 47 -75 95 -146 
-57 111 -64 21 3 99 -26 8 47 75 53 -107 43 -29 1 -73 
-70 65 1 66 -103 -48 72 29 -4 -25 -32 104 -119 0 -81 -73 
-81 131 3 145 31 19 -111 39 65 10 -17 97 47 3 4 -3 
43 -155 -151 -16 106 -8 -20 -11 -89 -7 -128 90 0 -63 -98 -49 
-15 -109 51 58 32 -97 -72 -96 -39 55 72 129 65 125 -7 78 
-4 0 -84 192 57 31 -84 -54 -81 -97 -76 -31 -48 -94 7 -2 
51 61 146 -24 46 -26 -67 54 -63 -70 128 -5 -92 -21 -22 -73 
-40 26 -35 -132 -121 64 -69 -64 -34 -88 23 -108 -107 13 -18 11 
-89 34 71 84 24 61 2 -196 -31 33 -70 63 50 -168 -18 49 
18 -55 -81 -31 1 -41 141 -5 -58 -36 31 -34 -8 -42 -12 105 
79 -6 -69 95 1 111 -53 -80 -133 -11 16 -109 -28 43 92 -39 
-92 59 -23 7 120 -7 14 5 -63 97 -34 -31 96 7 -166 102 
-29 -57 25 -118 103 -35 -2 121 34 25 -33 42 -59 -19 56 -1 
82 10 68 -15 -120 105 34 -12 13 -53 70 41 -130 18 0 71 
18 105 52 53 73 120 40 68 -25 -4 -71 39 -39 -122 3 -49 
17 -3 47 -8 13 -2 -26 23 -87 -24 63 12 -21 65 -17 16 
19 -87 -66 10 -21 23 15 -2 21 -4 5 91 52 43 21 -14 
-28 25 -21 2 19 -19 14 39 21 -91 -47 8 -46 17 21 -32 
-37 -7 8 -18 0 30 11 2 -35 10 1 24 -2 32 -10 7 
3 -16 21 20 -14 28 -2 -41 18 19 22 89 -22 6 43 -23 
12 4 -45 20 3 23 -13 43 -3 11 20 40 39 7 18 54 
11 -64 34 -27 6 -21 14 -55 -13 1 49 57 13 -8 -42 -16 
17 -37 -16 40 -26 24 -45 17 50 -37 -18 43 20 -46 21 -38 
-1 7 64 -36 -14 -126 20 21 -50 -14 -43 42 11 -19 -39 -43 
-7 -38 -43 -30 -19 44 -28 -12 -10 -8 -9 -38 -7 6 22 -4 
-44 27 64 37 -13 11 59 100 -28 11 32 63 63 -43 79 -38 
-77 19 30 15 45 -68 16 7 14 -60 36 -22 72 37 80 -25 
-37 -1 47 53 -91 3 -65 -32 -26 3 16 -88 19 -86 -18 -10 
24 -71 -17 64 -66 1 10 -1 -29 2 36 2 -17 6 31 21 
2 14 34 18 -91 -25 27 22 25 -43 -34 -14 47 65 -97 -8 
84 104 11 43 21 35 -2 -43 -78 -101 12 55 21 16 26 21 
0 -45 81 -124 -24 34 53 -59 97 -47 -16 14 8 -68 -6 18 
34 119 -37 3 -42 -11 -22 46 -30 -52 -33 -28 23 -63 -13 -2 
30 17 -30 -101 11 44 52 -26 -44 20 0 -61 -14 -20 26 -101 
5 67 13 -25 26 2 8 23 -54 -13 -20 -8 -2 13 33 -44 
-21 8 29 74 9 -86 -32 -18 3 5 -32 51 14 47 -53 -41 
-9 17 30 -49 -20 47 28 12 -101 7 15 24 54 -6 -10 -6 
51 -92 -19 10 -31 -27 -27 23 -12 -36 -15 -17 55 91 -30 16 
48 -74 -15 -7 45 -51 22 -63 76 14 20 26 -10 92 -31 23 
13 1 16 9 31 47 52 13 -48 -23 21 2 -14 -24 12 -49 
-34 -46 23 -41 -8 -27 -11 -17 -32 57 5 -25 -18 2 -41 11 
32 -48 -6 -49 43 15 -36 47 47 41 25 -47 26 25 -17 -37 
30 -8 -13 13 4 -41 -11 -11 25 8 -30 11 0 -71 6 43 
-35 2 31 13 -17 42 27 26 -72 15 58 1 -15 -25 13 -41 
-5 -47 -7 -13 -84 72 8 -17 -6 21 -12 -26 4 59 -34 58 
-9 -53 -26 41 -66 16 -33 -1 12 -72 -18 -29 -24 -10 57 -82 
2 55 -4 -73 3 36 51 37 10 23 -56 -73 29 5 9 -50 
-18 13 -19 15 15 -135 -19 -106 58 35 -37 -10 25 20 -51 4 
81 4 62 7 33 -2 13 -35 39 48 81 48 20 -50 54 -32 
-11 -41 -43 -1 27 6 30 -42 -7 -28 22 18 35 -29 -36 -27 
22 38 32 -16 -5 -14 21 29 5 34 -33 23 -40 119 -4 116 
-27 73 19 4 -22 38 -17 52 27 -16 -45 12 -9 -18 21 -41 
-30 21 -44 -36 -4 16 -39 -7 43 11 -8 4 38 21 -68 -2 
14 33 -32 6 -52 7 45 -12 -12 -8 7 19 -55 6 12 13 
-6 -3 -13 -7 24 -4 7 -32 32 -18 2 16 16 14 -1 48 
12 2 -22 -20 8 78 19 19 26 37 14 -5 -11 29 21 -17 
69 -2 2 11 27 -5 2 -1 1 25 -4 13 73 -9 -32 -39 
-10 -34 -42 25 -17 5 -9 33 24 2 -2 -8 -59 -9 46 29 
-12 24 60 -16 30 -7 24 4 -46 54 34 16 -1 14 12 -12 
2 12 -22 35 5 29 27 6 -12 26 16 23 -39 32 -6 17 
-3 -2 -12 -25 34 -9 -46 26 -7 21 -36 4 -2 -35 16 34 
-17 -31 -9 -43 -9 7 -50 2 -18 32 8 -18 13 3 -40 -4 
-21 27 20 -13 32 77 2 -1 -27 -26 -5 11 -31 -36 2 37 
6 44 -21 15 6 2 20 37 -20 28 9 46 -7 -11 -2 -11 
50 63 19 30 -25 -14 35 13 2 11 -17 -26 -2 -40 -41 -9 
17 29 -3 17 -52 -1 9 -6 12 25 -2 -10 -32 -24 15 -6 
21 -15 -34 -15 -12 5 -21 -3 -5 -3 -3 -7 -15 3 13 -2 
-3 5 -75 -21 1 -22 10 4 -9 34 -4 15 19 60 -8 42 
-36 -24 16 35 -11 17 -37 4 5 35 -46 -13 -12 62 17 34 
4 3 -17 21 16 22 -16 -20 -11 2 14 4 -25 34 9 4 
-16 -9 2 4 -4 26 -5 3 30 -41 -27 35 56 19 -3 38 
-4 -4 -35 -8 -33 -15 -22 24 38 -19 45 9 -33 -29 38 17 
17 -18 -21 52 -60 -49 -59 41 2 26 6 0 7 -33 17 -17 
-14 21 -24 8 -6 31 10 6 -3 23 42 29 -10 -35 -10 17 
20 47 60 -3 2 -3 3 25 -33 -55 -20 -35 12 -35 -34 -9 
-9 -12 3 10 -4 31 33 12 26 15 -25 19 -17 -29 11 38 
-78 8 -72 13 -1 -26 -23 -11 -44 -28 -35 -45 -8 -5 -8 0 
-28 30 3 31 -6 -13 8 17 -7 -2 -22 46 28 -21 -7 -10 
44 37 -13 -35 -6 -2 17 14 3 26 -41 34 -28 -25 -8 -43 
18 14 -35 3 -9 34 -15 -20 8 -2 -38 0 5 -21 9 -25 
-5 15 5 37 23 -44 -13 -17 -1 20 -2 -10 -1 0 -15 16 
43 -16 -5 29 -6 -19 23 18 -8 -12 -37 -30 -18 -12 -13 5 
6 -18 -30 18 39 9 -18 -1 16 12 19 3 19 8 2 43 
-3 37 17 3 -55 -6 -20 -51 42 32 -17 -4 -12 -15 21 -20 
-19 1 -6 -29 -46 -16 -25 44 -25 26 -5 -56 -17 -31 -13 -5 
-14 -5 9 5 8 -23 18 20 -4 31 -43 -39 -15 6 11 4 
37 -10 -2 45 -10 7 13 -26 -19 9 15 -18 14 -43 -6 -15 
-23 -10 -40 -25 -34 9 38 -9 -85 3 12 5 46 24 -22 22 
10 57 0 -30 -8 -78 43 -12 -28 48 -6 37 0 -94 -27 6 
25 -5 -38 29 -40 -13 -37 -5 -20 -5 -53 -1 39 -32 17 -73 
41 0 4 24 22 -44 69 -43 2 -9 -27 -46 -15 -24 2 -51 
-67 15 -3 -14 -19 -42 -12 -60 17 -35 14 45 -66 -14 30 5 
-23 -39 29 -8 2 -28 8 -5 -13 -5 21 -80 -19 -47 -10 12 
-1 -55 -16 -47 53 7 23 28 49 -38 -44 46 31 14 -7 2 
-2 27 -15 -6 -44 6 -56 -20 15 15 23 -43 -19 -31 -41 -17 
16 12 -17 -8 32 12 28 20 98 -3 -48 18 39 -17 -7 12 
-3 -21 -26 -54 -8 -2 -21 -45 -15 -31 40 -7 16 -6 32 -11 
54 46 -20 2 4 -16 28 -18 5 3 -18 42 -8 21 -28 -30 
47 -23 -35 16 17 69 2 -13 59 19 -11 32 -19 -30 39 -4 
-21 -71 -3 16 33 -36 -34 6 28 -4 0 -18 19 30 -26 13 
-36 -9 -1 -85 70 16 -8 -23 -34 63 26 -34 -25 -12 58 28 
-1 -33 46 -46 57 -5 -37 11 -31 -20 -37 -14 -12 27 -11 -22 
50 5 16 20 6 8 -20 -4 9 2 82 4 37 2 54 -18 
-49 18 -21 8 -21 18 21 -10 -19 -14 33 20 -37 -43 39 -59 
-28 14 -44 -24 19 55 -24 2 5 -83 9 12 2 -42 25 -19 
-2 -54 17 32 -59 13 -8 11 -33 -2 -45 -4 44 16 -6 -7 
42 -28 -15 47 15 -13 -30 27 29 5 -6 -16 -28 -33 62 -33 
-49 -24 -9 -10 33 23 18 -9 -7 -12 19 25 1 -29 16 -23 
8 6 7 40 -1 -13 82 -27 -37 24 30 -31 -25 30 16 43 
-6 -30 -6 15 11 -12 -17 -8 20 -34 -44 2 28 5 -28 4 
-31 -21 17 8 14 -10 -22 -43 39 -14 18 10 -22 -40 -56 -29 
-22 -11 -2 -39 31 29 -43 1 -26 93 55 -14 40 23 -47 -3 
-38 0 58 18 24 -37 18 -3 -32 26 -39 50 12 17 -18 10 
-47 -9 25 31 -1 -48 32 -18 6 -9 -7 -57 -10 -3 28 36 
-1 -16 28 -48 -80 -13 -5 -81 -45 30 -2 4 -20 -37 -33 66 
-22 -16 -36 -10 -34 -11 -28 -7 10 4 3 -57 5 8 -4 9 
19 3 -30 -1 10 30 13 5 -52 -19 -13 3 21 23 40 45 
-42 36 22 -30 13 -4 -16 -22 -12 -16 28 35 -9 39 8 -17 
83 6 -2 9 -48 -28 -51 -52 -25 -29 -25 26 -10 -35 0 -2 
-3 -23 -19 77 11 -48 28 1 0 -73 -24 -10 40 15 -76 -7 
50 10 23 -65 19 15 -10 -12 44 3 15 -39 23 2 -48 34 
6 -9 4 -15 -14 -3 -29 38 1 21 0 -1 14 8 34 13 
-14 -4 -46 -46 -19 26 -14 4 27 1 -69 -33 -23 34 32 25 
-9 52 -27 -4 -11 -85 29 108 -59 -4 -102 61 -4 -46 -36 -5 
-1 43 -34 49 28 -23 -32 5 14 30 30 11 -15 -38 35 -7 
1 45 45 -27 -19 -5 -31 -63 9 -12 -4 5 -20 1 -30 44 
36 31 3 -25 44 -53 11 -14 -32 19 -8 -14 66 24 39 40 
13 -62 12 6 -2 77 57 23 14 0 81 60 -73 -17 29 -8 
18 34 -32 -8 -8 -15 -76 7 -12 -13 -32 7 33 8 -32 12 
19 22 -32 1 65 -53 -23 -2 17 -35 8 -58 -64 6 38 31 
-98 -9 -25 -35 45 -25 -12 -61 -9 32 29 -11 -42 -1 -1 -26 
35 12 24 -15 -115 25 33 8 -2 5 -6 -3 -36 35 12 29 
39 35 16 75 6 91 -14 6 -35 -21 -50 40 -45 44 25 -30 
35 -15 -49 -4 -25 38 -45 -47 -2 27 9 -19 -79 81 -67 -83 
27 -36 -27 30 -21 69 -23 1 4 -28 41 -19 -26 13 -20 25 
36 79 -2 40 30 -15 89 -103 -4 -6 23 124 22 -25 8 -22 
1 -45 31 -1 -22 -17 -21 -15 14 -84 -62 4 -57 27 -44 -49 
0 -2 13 67 -27 45 -42 35 65 18 -49 23 -45 -66 0 -64 
-40 -16 -30 -17 41 1 -17 15 35 28 -44 -24 66 -121 13 18 
-17 -28 -22 -31 -61 -4 -26 41 27 9 -6 23 11 -31 -3 36 
-19 30 -61 5 46 39 -35 -20 19 29 -11 -24 16 57 26 34 
19 -16 -39 21 4 -38 -19 56 -16 -42 11 50 -44 -42 -36 -14 
-65 8 -43 7 52 13 42 -17 10 -25 44 -5 -8 -3 -22 -22 
40 -33 -7 11 -29 81 43 77 5 -18 17 -26 -17 -50 -35 61 
-47 1 92 -16 -6 -72 -29 -31 16 28 2 29 -17 -3 -6 2 
-56 -23 18 6 -38 -18 62 -32 -32 -35 11 29 -19 -57 9 23 
-78 14 67 -28 -35 4 4 -40 -65 -47 8 -16 14 -4 16 37 
36 26 7 23 -26 -17 40 -2 36 24 -104 20 52 22 64 46 
61 -46 -29 -5 -11 -2 -7 9 -54 13 -38 -11 -46 -18 -41 -1 
86 -9 -19 -10 17 24 -11 37 -17 2 -27 -33 38 -47 54 -18 
46 -23 -9 -4 74 91 -45 37 -21 46 -26 -42 -4 -10 -17 -53 
-35 51 -28 -20 -15 7 -92 -44 28 32 58 -9 -20 -5 -17 5 
-11 -49 68 53 28 -85 0 -16 -55 -17 -13 22 34 28 25 31 
21 14 42 18 -27 -15 3 -47 20 114 -19 23 12 17 -25 26 
-10 -63 -10 85 -21 -49 -127 -32 -15 79 14 12 -14 10 27 -52 
7 24 -14 -57 23 37 -51 46 6 23 -62 33 -20 3 43 -15 
-54 32 51 19 -21 -56 -15 12 13 24 -40 7 3 41 -51 6 
109 -41 18 8 -47 -19 67 61 -51 22 -54 4 -34 -18 -35 -46 
28 29 15 -5 -43 18 19 -30 -59 14 16 -5 -16 -23 -13 -23 
-20 9 -16 32 24 37 -30 -2 39 6 -13 -28 21 22 -26 -12 
-35 -1 52 15 -20 39 -30 28 -39 -18 8 -53 7 17 12 -19 
-46 68 -16 39 -3 12 107 108 23 -23 -34 60 -21 64 43 53 
-16 -7 34 54 56 49 11 -12 45 22 40 -8 21 14 9 -16 
-59 28 15 11 -9 -31 -46 20 -8 -1 -63 -13 16 58 25 -20 
-5 10 -28 31 10 27 18 8 5 48 -2 30 -45 1 -49 -50 
65 -33 -45 -1 52 -41 51 38 24 -25 17 -2 21 27 39 66 
20 20 -7 35 -2 -7 35 31 -6 -31 18 8 -6 11 88 -18 
-2 -39 30 48 10 -14 -31 2 -85 -21 -23 52 41 -17 -21 -31 
6 -45 27 -2 -7 45 -3 63 14 11 -12 -35 -13 27 16 -6 
22 -22 1 37 -52 52 -20 -1 14 -65 19 -83 22 -34 -7 10 
10 3 110 5 -39 -9 15 23 -38 0 38 -2 27 1 -45 -47 
-29 31 -35 35 -29 0 19 16 24 -6 -31 -8 -45 -28 44 12 
18 38 -10 3 81 20 19 3 27 3 -6 1 -59 3 15 6 
2 -3 51 -14 -40 -26 52 33 -11 31 7 16 -24 42 53 53 
30 16 0 17 -42 26 -4 -18 -5 -127 -43 25 33 14 -33 -38 
-19 47 -24 16 44 -20 7 71 -20 9 19 5 81 28 28 23 
26 -43 14 15 8 -22 -18 22 43 10 36 18 -31 6 -27 50 
-14 15 -6 -28 -19 -8 25 21 53 -45 -16 53 24 13 -32 -33 
7 20 15 -22 30 7 22 -49 -51 -41 -36 -1 -10 36 20 91 
-56 14 -6 -34 -2 -37 2 38 80 2 -2 -2 -33 4 26 7 
48 -10 11 -31 14 -70 -65 -29 14 -25 -2 -62 19 74 114 -18 
-9 -4 80 -42 -63 22 -38 29 42 24 -47 -11 -34 49 -9 -4 
-8 2 -1 -5 -9 65 8 18 16 -14 -40 27 -4 -9 2 6 
32 15 44 13 -9 31 73 -26 39 12 24 0 -10 32 94 26 
49 -6 -12 -26 27 17 56 29 33 26 10 -21 19 -60 39 3 
-33 31 29 -12 23 -56 -30 -23 -12 -42 -4 -13 -84 -9 -64 56 
45 -18 43 45 36 28 -10 -62 37 2 20 62 18 13 -25 4 
98 46 6 -65 -42 -28 27 40 -32 -29 -11 31 -38 -75 -33 15 
-31 16 20 11 -5 -27 -20 -17 -95 26 -53 16 -5 -38 -13 -1 
-14 -27 -42 34 -13 -12 45 0 -6 8 117 -87 -14 10 -11 -16 
-7 8 -2 6 3 -21 -30 73 -2 -26 45 -10 22 -4 -6 -13 
15 60 -40 26 40 47 -32 -7 -6 59 53 4 8 -27 30 -22 
-59 13 -3 20 -11 16 30 12 -87 31 -53 -88 44 -30 46 -1 
-34 15 17 -37 25 29 7 32 40 -21 26 22 -15 18 -7 -5 
61 -36 28 16 -12 -10 -8 -5 23 11 -9 45 31 -33 4 37 
-3 -62 23 -3 -29 -30 -98 61 6 15 10 -10 -68 14 35 -78 
-39 -29 -1 4 -27 -46 -46 47 36 66 -7 -4 77 11 -84 -41 
26 -71 -61 28 -41 -22 62 57 -42 -23 -3 10 -25 32 -22 -16 
-19 -28 22 31 9 85 26 45 34 0 10 -81 -29 28 3 46 
25 14 46 3 44 15 -45 63 22 13 -38 4 39 5 32 -31 
-25 -59 -6 -15 1 0 -62 22 13 23 -13 64 1 5 -52 -72 
31 -17 -49 -50 66 12 30 30 -23 -73 102 -4 -46 -23 7 64 
-52 19 7 -16 -7 -18 -8 35 -56 -49 75 68 -8 61 -18 -46 
28 27 -2 20 -31 27 9 -26 -32 20 -24 47 22 3 35 -2 
9 -74 2 -28 31 15 61 -7 -40 1 13 -15 -30 -22 -3 11 
12 -52 3 -8 -14 49 7 -45 -16 21 12 -53 26 -56 -18 -39 
46 38 72 31 -88 -16 33 -31 -51 -47 29 -17 0 -22 -8 33 
6 72 -24 58 -85 13 1 84 64 -59 35 40 -49 -64 -93 35 
-4 44 15 68 82 -9 -6 36 8 66 5 -29 -46 -14 -25 -17 
18 -39 30 41 -63 -8 33 -8 -25 18 -22 12 -22 48 50 55 
-33 -30 17 -25 -34 -15 21 7 18 -34 -32 56 -4 8 -44 38 
19 22 -71 -29 13 -15 96 -57 -35 2 11 21 -8 24 -40 60 
-4 12 -51 -17 4 -97 -51 -19 -17 -5 7 -54 -40 54 -5 -3 
12 28 -17 -59 -33 -10 -65 3 21 -65 -25 35 15 46 0 2 
-58 -19 9 70 17 48 8 -67 -20 -37 -46 22 24 3 9 -5 
0 -4 14 -22 -18 -84 -69 80 54 4 26 23 -1 -78 63 -9 
-5 -52 14 -19 -41 -104 11 -31 83 60 43 -20 10 27 7 -19 
41 -79 -12 39 -16 22 36 62 -1 -28 -3 -6 14 50 -19 22 
-34 -14 22 29 34 32 -19 -40 4 -16 -87 46 74 -19 -2 -3 
10 -10 67 -38 -17 31 22 39 54 -11 56 53 32 -47 -12 -26 
-80 -34 -32 -26 -30 9 48 36 -10 9 -28 -39 52 -26 21 -29 
-16 36 -13 47 10 -124 -14 25 -22 27 12 -20 -72 -40 -63 77 
8 69 30 7 -36 83 -19 8 13 10 -49 9 -34 50 46 -43 
12 50 13 -27 -70 37 -46 29 -41 -29 -31 -10 -24 -49 26 32 
-53 -63 -32 90 -4 7 2 1 -14 0 -6 -45 5 -5 35 30 
21 -48 -99 71 -16 -30 27 4 36 -26 39 26 15 16 -23 68 
-4 77 -5 41 -20 -18 -15 81 26 32 66 44 -1 47 -14 77 
19 37 10 -32 13 4 1 33 114 -63 28 68 18 27 -27 -26 
-8 0 25 -74 -46 61 -44 42 -4 67 -19 -71 -23 -19 19 -3 
-13 25 -9 -30 3 6 8 60 19 68 -20 2 25 5 23 16 
16 -3 10 52 -28 90 -25 -4 12 33 0 71 39 -7 15 78 
-7 23 1 0 9 -3 0 52 19 -15 -65 -12 0 -14 -18 14 
-9 0 -9 0 0 0 18 -4 0 1 -19 10 2 22 0 1 
-21 -7 64 -35 2 -47 41 12 -18 0 -15 3 35 -1 6 0 
5 0 64 32 -1 0 0 7 46 1 -23 2 -60 8 33 7 
-23 0 -5 -7 2 6 -10 -14 1 0 -17 -1 -22 41 14 -2 
1 10 66 55 23 -20 8 -11 -4 -6 -9 0 -10 -50 -7 0 
2 4 10 1 0 2 -41 -4 -22 67 -1 23 12 -7 0 0 
-3 -52 -3 4 6 -4 2 -6 -2 0 -19 1 46 -16 0 9 
1 -17 -4 0 2 2 -9 7 -15 3 11 -4 4 -6 -18 2 
-9 3 12 -7 7 -1 -18 -27 0 0 5 -35 61 -12 -23 33 
-1 3 -18 34 -5 -70 -27 -3 5 -4 -6 -42 24 -6 -4 36 
-29 -19 2 -29 -7 15 -8 -24 1 19 30 4 -16 7 0 -2 
-26 -24 -21 18 6 -27 -8 -15 -56 0 -1 -5 -37 1 -4 0 
5 -10 7 -11 -23 -18 0 -11 -9 0 1 -16 4 -2 19 -16 
2 0 -16 16 0 -18 50 -16 45 -1 3 -14 -21 0 -35 -39 
16 54 -14 9 2 11 23 15 -55 -18 -6 -32 3 1 0 -41 
-32 96 1 13 4 0 48 -5 -4 -21 -1 39 -3 31 -12 -20 
-25 3 -4 24 0 -42 8 -4 77 2 17 -13 -8 0 6 25 
-8 0 -16 72 5 -5 -8 -10 1 -29 3 4 -81 42 2 -1 
2 12 16 -12 -23 26 -22 0 -2 -22 -7 21 13 2 -21 2 
-8 -1 -3 -33 -1 -5 4 10 23 29 -41 0 0 21 -42 -17 
-4 32 -9 47 -2 20 0 -34 11 -26 0 -22 1 -17 0 -16 
-6 0 1 -3 11 -2 -2 -4 -57 4 35 18 8 -10 19 8 
-3 27 -3 -1 -3 23 -3 -1 1 79 8 0 -65 60 27 23 
23 37 -3 3 -41 -1 -44 2 2 -4 -6 0 0 -36 -3 -20 
77 9 3 5 9 -7 51 15 3 2 -1 0 -4 -36 -24 39 
-6 1 38 -10 0 -10 1 7 36 -36 -4 -52 3 9 -17 8 
-8 -25 -94 1 47 -8 -41 -11 9 47 0 0 33 -5 14 0 
0 -3 0 7 -13 -15 -27 0 -41 44 4 -5 24 17 11 -4 
-20 -4 11 32 -9 7 7 20 22 9 65 32 41 -1 23 -11 
34 -2 -6 -11 36 4 6 15 3 0 -4 54 -42 29 -51 5 
25 -4 -23 -3 0 89 -30 -11 2 -2 -25 13 2 8 3 7 
-25 2 -8 -12 -9 -2 32 -4 0 28 -7 -21 2 -10 34 21 
-9 83 -26 0 18 6 8 3 11 0 5 -49 3 14 -4 26 
-34 -1 3 0 -13 3 0 0 26 -8 -28 28 53 0 11 -11 
-43 -6 -33 -24 -30 -43 -4 16 30 -56 3 0 -3 72 -3 16 
5 13 -1 0 21 0 0 -24 -6 -10 40 -15 0 -2 9 -8 
4 0 20 0 0 0 2 -1 0 0 -8 1 2 13 1 1 
14 1 -21 32 4 34 28 -4 -59 0 6 3 -12 1 -6 0 
-1 0 11 -7 0 0 0 -15 -10 2 -11 -1 19 22 11 1 
28 0 -22 20 3 -4 29 -25 16 0 -9 0 -2 -38 -7 -4 
-11 -23 -29 -31 -22 9 2 -6 15 -3 16 0 12 25 -11 0 
0 -1 -29 1 0 -1 -22 -2 3 -31 0 -17 -14 -3 -6 0 
-18 61 -6 -29 7 -17 -4 -7 2 0 3 -14 -16 -5 5 6 
0 10 3 1 -2 -1 8 -20 12 -1 11 3 -37 20 28 -15 
8 -1 -10 24 -4 -2 10 12 0 0 2 45 35 -4 16 -16 
7 7 12 -23 5 21 28 1 0 1 9 -9 -23 -1 -11 -21 
9 1 -4 27 -4 -3 15 10 -6 -45 -4 -2 50 16 0 24 
2 19 -22 -29 -47 4 6 -21 35 0 0 7 -1 0 0 0 
1 11 -31 -6 3 10 0 7 9 -1 1 2 9 0 -40 -11 
-5 0 2 -15 0 24 -10 22 11 1 -3 -9 11 -1 22 17 
-9 -30 21 2 -25 -9 -3 -12 23 34 21 8 -5 1 0 52 
33 -48 -1 1 25 0 -31 4 -3 -3 0 -1 1 24 -32 47 
-9 0 25 6 -1 8 3 49 -18 -1 -19 -4 -4 0 -7 -2 
15 0 8 -25 -40 2 -1 33 -4 -5 -2 -2 47 -7 17 -1 
-16 23 -12 31 -4 10 -6 0 6 20 2 -16 -17 2 17 0 
-2 3 -2 41 0 8 -27 3 -37 -1 9 8 1 4 -9 -17 
3 -26 40 -16 0 -15 0 3 2 7 0 32 0 4 0 5 
-19 2 -1 4 -9 -21 3 43 36 -10 -27 -10 6 11 15 5 
2 -21 2 3 1 -30 3 -1 0 -18 10 1 30 4 -34 14 
-5 1 -1 0 11 1 21 9 2 0 9 0 0 -19 5 19 
0 -26 -1 2 -7 -1 24 24 3 1 0 -2 2 2 20 5 
5 0 -33 15 0 1 -16 -4 -1 -3 1 21 -13 -12 -3 6 
9 -2 18 -1 -1 -2 -3 1 4 -43 0 0 -9 4 -13 0 
1 -1 0 11 -43 -5 1 0 36 -22 -11 2 -26 17 2 3 
28 -4 -6 -45 26 -5 21 -7 -47 4 -35 -8 -25 0 19 46 
21 -16 -5 -7 9 -49 -1 -19 -19 0 1 -30 47 -25 7 1 
26 2 -10 1 4 -8 0 1 0 1 26 6 41 4 0 -6 
17 -6 30 -12 9 1 18 -6 0 -1 2 26 2 -1 1 -5 
-4 -25 35 0 -10 -2 -15 1 -13 0 -19 1 0 -23 1 1 
16 1 -2 0 4 -5 -1 17 2 3 23 -13 17 0 -16 19 
-1 -9 22 36 36 35 2 -11 -20 8 -2 0 2 16 0 -15 
2 0 1 0 -27 -1 0 -32 -12 5 20 31 0 14 -12 1 
4 0 11 -1 0 0 -21 -1 0 2 0 4 -27 -12 -3 0 
20 2 28 4 -11 16 20 16 37 0 3 -15 -35 2 -13 0 
1 0 2 -38 -1 0 0 -11 -46 -3 13 -4 -13 -19 44 3 
-14 0 -4 8 -7 10 2 19 1 0 -3 0 4 -9 28 -2 
-7 -16 2 -10 -39 -14 6 21 -32 3 -17 0 -24 33 5 0 
-3 -3 18 1 1 -3 14 -7 -17 -14 11 -32 -9 12 -12 -1 
-25 -19 16 52 12 20 29 4 -6 0 -15 58 -11 8 22 13 
0 -8 -4 0 -3 1 26 -22 -4 6 6 -3 19 17 25 -13 
25 -2 -12 29 -6 1 17 -46 2 -1 -33 33 8 1 -21 1 
20 5 1 -5 -8 4 9 3 -1 -2 5 3 -61 2 0 11 
3 9 3 -39 11 -9 15 -31 17 -11 -12 -3 42 -1 0 -18 
20 -26 16 -27 34 7 -7 21 -3 1 3 5 9 2 13 1 
1 23 -37 -18 4 -3 0 11 -5 3 0 -37 -20 -4 -18 6 
-11 0 -4 -15 2 37 -4 -30 -62 2 21 -8 2 4 30 16 
7 28 20 22 31 46 -25 -18 -32 37 38 -20 -5 -3 0 38 
30 -16 1 -20 1 0 17 -3 0 -4 0 4 0 8 -3 8 
48 1 28 -25 -1 17 -13 28 -4 1 -9 4 -14 0 10 -16 
-15 1 -10 68 14 2 0 -4 4 -8 0 1 -21 8 -12 -2 
2 7 1 2 -2 -12 6 0 -2 13 -12 30 9 2 29 -2 
10 -2 2 14 1 24 30 -2 43 -3 1 0 7 -21 -36 23 
10 -3 34 -27 1 -9 -2 -37 -11 -12 0 24 1 4 0 -34 
4 7 12 3 -19 2 -4 -19 15 18 14 -2 -2 2 9 -18 
-2 22 1 -3 2 -5 17 3 2 -47 -11 -1 -27 -36 20 -31 
-16 -1 -3 1 53 1 16 11 -3 1 4 0 0 47 -11 -2 
-21 1 -3 4 -11 -2 -14 -37 32 1 0 -2 -3 30 21 7 
4 0 9 8 0 4 10 -19 -17 2 -1 11 -29 5 6 0 
2 8 15 -1 -4 -21 16 1 11 -2 0 0 3 2 26 0 
-4 1 0 16 -11 21 11 0 35 17 16 1 64 -19 -22 3 
-5 5 9 1 4 -2 18 1 36 12 4 -31 -50 -1 -13 53 
9 -6 37 55 -15 15 0 13 1 0 5 32 25 29 43 34 
9 -2 -20 0 -12 34 16 1 -1 3 -8 -36 2 -1 1 7 
3 2 16 -5 2 4 -29 -12 0 -9 -2 9 8 -2 3 -26 
9 12 32 0 -28 -4 10 -3 -6 0 23 13 -5 -26 -3 28 
31 -2 1 0 7 -8 -6 -22 3 -1 43 12 5 0 0 -45 
1 22 12 13 25 35 6 5 -27 -39 -2 0 0 -61 -6 4 
-5 -18 2 0 78 11 0 -128 58 36 147 12 1 -12 55 -21 
12 0 38 1 1 0 -15 3 0 -5 -32 -16 41 -80 -1 1 
15 -2 -36 17 -18 78 -7 18 -27 0 11 47 -52 2 -23 0 
18 0 -6 8 -1 0 0 24 -86 5 5 12 35 64 -65 -2 
7 0 -20 -18 14 7 3 -54 4 0 -35 2 -2 6 -36 24 
3 -22 -159 -38 -83 49 2 86 78 2 -3 0 15 -1 -76 0 
-3 2 -24 1 0 -2 52 3 -17 -129 -8 47 -7 15 5 0 
22 87 -6 1 28 -16 -15 -15 3 0 40 -23 -22 -8 11 -21 
0 -17 -6 13 7 6 62 23 17 -12 -13 24 -39 -41 16 -35 
18 -1 -11 0 2 3 -17 -10 0 2 -6 115 27 21 5 -34 
-26 -3 16 38 17 62 5 -2 7 -20 8 18 20 8 -26 0 
7 -64 5 50 4 -48 -29 69 -74 -138 53 -3 40 20 0 25 
72 60 19 9 3 30 19 -21 24 1 5 15 -25 0 0 -1 
7 14 -26 20 9 17 0 34 7 0 -2 -18 -8 2 -51 30 
-12 0 -25 6 0 -43 -25 -6 -9 3 3 -15 94 -2 28 43 
-7 -77 0 6 -36 16 63 -17 73 36 89 -7 -12 -32 0 27 
-12 -65 0 -20 -9 0 -137 0 1 4 0 -26 -8 -5 -91 71 
-10 -2 20 30 1 33 12 -1 34 1 19 23 3 0 -21 37 
17 0 -16 -54 -75 0 -8 2 -3 -28 -4 6 13 -93 32 2 
22 -7 5 124 34 4 -25 0 4 -18 6 -44 2 2 -7 -2 
-4 4 -2 -10 1 32 -6 15 -35 -44 46 -1 -2 -30 77 80 
11 -13 25 -20 1 9 -9 73 -20 73 0 -40 0 -4 0 23 
-28 -10 8 11 -63 -34 5 40 43 11 -110 -5 -22 3 5 4 
-3 -17 13 14 3 -58 1 -8 2 -31 18 4 38 -24 -36 2 
31 7 9 0 -11 -2 -30 -13 4 6 -7 0 0 -23 28 -9 
-26 -27 5 -8 -8 -10 -12 5 -124 -1 0 3 -1 -6 16 38 
4 1 -77 -42 -1 -8 16 32 -21 10 13 31 -15 -21 51 -17 
10 52 88 0 -4 20 25 1 -15 -24 0 0 -24 22 -23 0 
4 1 0 -13 4 9 6 0 -29 -71 65 3 -25 -42 4 -5 
25 -11 16 9 21 3 -11 13 -39 -5 -65 -22 15 0 -11 -11 
53 -71 -46 -31 4 -14 -4 4 -13 0 -7 -35 25 -22 -72 -24 
49 5 56 -2 14 -14 22 -8 -3 3 39 5 19 2 0 -24 
42 -3 -18 51 14 4 12 -13 0 12 9 26 -3 4 2 17 
-1 -53 27 0 1 10 -86 14 -12 0 8 50 7 -25 3 -26 
-22 6 0 0 18 8 -3 -4 -33 11 -25 15 2 1 -55 2 
-40 6 -20 -38 27 83 8 -35 -79 113 -1 0 -5 28 8 -37 
3 5 1 0 -43 -2 0 15 -14 -8 22 -57 0 -6 -11 5 
1 0 -9 0 0 0 18 0 0 -1 -1 1 -2 2 -2 0 
0 -9 8 -11 7 7 -10 15 -20 0 -2 -17 32 0 -21 0 
11 0 -7 48 0 0 0 7 3 -6 22 -2 33 6 24 -5 
15 0 -13 25 4 1 -24 14 -4 0 13 -2 14 -42 -32 -1 
5 -39 5 -12 -4 2 -7 -5 -31 2 -14 0 3 -16 23 0 
0 2 -31 0 0 1 -28 6 -6 -18 0 0 33 19 1 0 
-20 35 3 -6 -8 -2 3 5 2 0 0 14 -4 -3 -8 -2 
0 15 2 0 -2 -2 0 26 12 -2 8 1 16 0 -7 1 
-25 -1 -3 19 -17 -3 -22 34 0 -1 -19 -17 2 -7 -11 -15 
0 -7 -8 -3 -2 16 3 0 -3 -6 -27 5 -22 1 5 27 
15 -1 4 -11 -4 -5 6 -43 1 10 -44 0 -34 -20 0 17 
-35 -7 9 -14 4 -8 -2 -15 -18 0 1 -19 -19 -1 -6 1 
4 -41 9 5 -14 -6 0 12 1 1 1 53 10 2 0 -10 
2 0 3 -14 -1 -8 -10 17 20 -1 -9 12 15 1 -3 -2 
-5 4 -28 16 -23 -7 19 -32 11 -26 -3 43 1 2 0 -15 
-14 0 1 8 -6 0 -3 -1 4 -22 1 7 0 8 29 6 
-23 -1 -14 -30 1 -11 21 -33 -40 0 -22 5 2 0 11 -46 
32 0 -10 35 25 -1 1 -4 -6 46 1 2 26 -2 18 -1 
11 9 14 -16 23 10 6 0 2 -11 9 -14 -13 1 16 1 
-5 2 -1 -32 -1 -22 -1 -5 -32 -16 37 -1 -2 13 13 -10 
-2 -7 18 -6 0 -24 1 -18 4 -31 0 3 -1 -6 0 20 
-12 -2 0 1 -2 17 0 5 3 -16 7 -4 3 4 11 20 
2 -21 -1 1 0 -18 -18 0 2 -41 11 -1 28 -45 -4 6 
-49 -45 3 1 -20 2 -24 -3 -3 3 -10 0 0 9 -6 -8 
-7 -30 -1 2 -10 -3 -46 -7 39 1 0 -2 2 3 -21 8 
-1 1 -6 32 0 -1 -38 -13 1 25 3 28 14 -2 -19 -5 
-6 6 -13 0 -49 0 -23 -4 2 -1 0 0 29 -5 -5 0 
0 -1 0 -2 25 -8 2 0 -14 11 -20 1 -29 4 -6 -6 
-25 -3 -5 -22 -15 8 -5 -7 -5 -8 -34 -32 0 1 10 -11 
-9 -4 19 -28 1 -7 1 1 14 0 2 -28 -26 6 56 24 
13 0 -17 -2 4 10 -20 1 1 0 10 4 49 5 5 3 
13 4 -13 23 -11 2 33 -5 0 1 -6 -45 -1 -4 22 -3 
1 -12 -37 0 -8 4 -1 -2 -13 0 -4 -7 4 -7 0 7 
-13 5 0 0 1 -2 2 8 -26 -2 21 -11 -12 0 8 47 
-22 -3 -27 -38 -24 -3 -2 0 -9 4 -1 0 -1 -24 -1 7 
18 -42 -6 0 -92 -20 0 19 -79 17 101 -91 0 -17 19 -8 
-4 0 -31 -2 0 0 -46 -8 0 16 38 10 -53 54 -21 5 
13 0 -89 1 7 91 131 44 -111 0 14 76 -57 9 -69 1 
-14 0 -71 -79 4 0 0 -8 -48 13 86 1 -48 -15 100 -27 
88 0 -45 35 -5 11 -43 -44 8 0 -36 2 -8 -166 -38 23 
-7 -35 -38 -18 15 0 -7 -6 82 0 -22 0 0 -31 -28 0 
2 5 4 -3 -3 -1 68 -30 -23 -5 -2 -116 48 39 -1 1 
-56 158 15 -7 57 24 13 -15 17 0 40 96 -17 8 43 62 
-2 12 8 9 -3 4 24 48 30 2 38 -1 17 -11 12 0 
-13 -3 -36 -30 14 -10 9 22 -2 2 -46 29 39 14 147 14 
12 8 39 -63 -5 -11 9 2 9 19 -26 -14 -60 -3 -31 -120 
17 54 -28 63 -57 -115 -10 6 -8 21 -54 -21 -10 -13 0 197 
-89 82 114 -61 81 -27 -13 79 17 3 2 -8 -17 4 9 -1 
3 34 -13 98 -4 -21 0 116 19 0 5 -23 102 2 31 -47 
12 0 35 29 1 36 -38 76 -32 10 -10 -10 129 -11 -8 18 
-12 14 51 39 -50 -5 -6 -51 -50 40 3 33 13 -43 3 -33 
2 -58 0 13 -18 0 -4 -15 -7 9 0 0 20 50 72 30 
-69 -22 -22 -72 0 4 -39 26 14 -5 -111 48 22 2 -7 -73 
132 3 45 106 40 9 6 -5 -17 -33 -4 -15 96 35 29 2 
163 50 4 -5 79 -12 101 0 -5 -40 26 -37 -62 -3 11 0 
5 -6 -7 29 1 0 -34 -22 38 -35 56 -11 12 -138 94 28 
-43 -35 114 -2 2 -131 8 53 5 -3 0 -27 -2 -1 0 43 
-29 12 8 2 -9 -13 -7 -41 69 -110 11 19 -17 12 36 -100 
11 -24 -6 -4 11 -58 9 11 2 -73 -33 1 78 -108 76 -27 
-149 -38 -7 8 23 -4 7 -7 -3 -4 13 1 0 3 -9 -14 
-47 -65 -7 16 -27 17 -48 -35 -19 0 1 -10 19 78 -17 -22 
8 5 -35 93 2 12 29 -9 -3 87 10 3 -52 4 22 5 
-13 -44 -21 -5 -133 54 28 14 -2 -83 1 0 19 26 -27 0 
-1 -3 0 17 -92 -23 79 0 42 -17 0 5 -102 -36 -40 -14 
4 -9 -44 -43 24 9 -10 -4 -54 -86 -117 -135 -119 -1 32 69 
-19 -50 -50 -85 1 -57 -42 38 -87 0 -7 -19 17 47 83 -2 
94 5 10 -6 7 47 -8 -18 1 15 71 9 71 4 11 16 
46 -5 -32 -43 19 5 76 -28 0 -13 47 -35 11 -3 -82 -40 
-9 -118 29 0 17 4 -58 -26 -34 -4 45 -21 1 -38 -12 112 
-40 2 -21 0 21 12 2 27 38 27 31 12 23 -2 55 55 
-9 -2 -25 -29 37 98 -4 18 -26 32 -11 0 1 -70 12 49 
3 8 -3 -7 10 -4 2 6 -9 -5 0 -11 1 -9 9 4 
8 -6 3 2 4 8 -5 -5 3 2 4 -9 11 6 5 -5 
2 5 -8 9 -14 5 3 15 5 -3 -1 -2 2 -5 11 -10 
3 2 6 5 -1 3 -1 8 -4 3 0 2 -2 1 2 -2 
-16 -2 1 -3 1 -3 -6 7 -18 -13 -1 6 -6 8 8 2 
10 -2 6 4 -1 14 0 1 0 -5 -4 0 5 -5 -7 9 
-2 3 2 0 4 3 1 0 -4 -4 4 -4 0 0 2 3 
-3 -2 -6 1 1 3 -1 3 -4 -1 -7 -3 4 2 2 3 
-1 5 -3 2 3 8 7 7 6 9 -2 -2 2 -3 2 -9 
-4 -1 2 0 -9 -8 0 4 7 -6 2 -2 -4 -2 -2 -5 
-6 -1 9 0 6 9 2 -1 1 -5 2 3 -6 1 4 1 
-8 2 8 3 -1 1 -1 2 4 -7 -1 4 -1 -2 -4 3 
-1 -15 -25 -10 12 -3 1 7 1 20 8 0 14 -8 4 -17 
0 -17 -4 5 5 8 8 8 0 2 9 -6 17 28 -7 -6 
9 4 -13 -5 -29 19 -5 16 29 -15 -45 -1 -1 -2 10 -28 
9 -20 8 -10 1 -5 21 -12 -19 18 7 -2 -1 13 -9 -1 
5 6 -17 1 -9 10 -24 8 6 -6 10 -1 1 15 15 -12 
-6 6 0 -11 -3 10 3 -1 0 -24 -5 -4 -14 -15 15 7 
-3 3 -4 -6 8 -2 7 2 -1 -8 -2 -8 -1 -4 4 9 
-2 -2 -7 0 5 4 -6 3 0 -6 -5 -1 -2 -6 3 8 
-3 5 -2 2 0 12 9 1 0 5 2 -7 -1 -4 5 -9 
-1 2 4 3 -11 -3 5 6 2 0 -2 -2 -6 -7 2 0 
0 -3 3 2 5 5 -4 3 -3 -6 3 -3 -5 9 5 6 
6 -1 7 5 5 3 5 4 -4 -7 2 15 -4 -5 -9 2 
-3 -1 0 0 3 0 5 2 -2 -2 0 -4 1 -1 0 2 
-2 -2 -3 -1 2 2 -2 3 -4 -6 -2 1 5 2 0 -1 
-1 2 -2 2 1 1 2 5 3 4 0 2 0 -1 5 -3 
0 3 0 4 -5 -5 2 4 5 -4 1 -3 -4 -4 3 -3 
-1 -4 3 -2 2 5 1 -2 -1 -4 2 1 -5 2 3 1 
-3 2 3 -1 1 -1 3 1 -4 -4 2 4 -1 -2 -4 5 
-4 9 6 -1 -4 11 4 -5 -6 9 2 4 1 0 6 -10 
-1 1 -4 3 0 -4 0 -2 -5 -4 -1 -2 20 -2 -12 -17 
-13 1 -11 -10 -2 -13 9 20 7 13 1 8 -6 -13 4 -8 
8 3 -14 10 12 -15 -2 14 9 -1 7 -12 2 -6 6 -11 
-1 -2 -2 -4 -4 2 -6 -3 0 -8 3 16 -12 7 12 1 
-11 14 -3 -7 3 4 9 -8 0 -3 9 1 2 1 -17 14 
-8 0 -3 10 1 3 2 -1 7 -8 4 -10 1 -10 8 4 
-5 -4 1 -4 3 -8 -3 0 -8 4 -7 4 3 -2 -1 -6 
1 -1 -9 12 -2 -5 -1 8 0 3 -4 -1 -3 9 12 -10 
-1 6 -2 7 1 -5 6 6 1 -8 4 1 -12 -11 7 -10 
-9 -4 11 5 1 13 3 -8 0 -6 3 3 -12 -2 12 -3 
-6 -8 6 -1 -2 -1 -1 -1 4 -2 -4 4 -2 5 -8 10 
12 8 15 -10 7 18 0 2 3 -3 4 -8 4 1 12 14 
0 10 5 3 3 -7 5 -3 -4 -5 1 -13 7 -5 0 4 
-9 3 -2 0 -5 -7 5 2 -6 9 4 -2 -5 8 4 -13 
-3 14 5 3 -8 -9 -5 5 9 -2 4 -7 3 -4 14 -1 
-11 2 5 -3 -7 6 4 13 -19 -2 2 -8 -8 10 9 4 
12 12 18 -1 -6 9 12 -1 -7 -6 4 5 10 2 -9 6 
-10 3 -3 -16 10 -1 3 21 -8 16 22 -7 19 -3 -4 -12 
1 -12 15 2 15 7 -17 -7 23 -2 5 11 -13 36 13 5 
-7 21 -12 13 -28 26 -7 -7 24 6 -18 -3 -9 -8 -1 -14 
-5 -14 4 1 10 7 13 -22 -6 17 -1 -20 23 20 17 6 
-12 6 -9 19 -15 10 -13 21 -4 3 -11 10 -5 12 17 8 
22 -9 13 -13 -24 21 -5 -28 -27 4 -9 -12 -3 -24 8 12 
10 0 2 -13 12 5 5 -3 -2 -4 6 -17 9 -9 9 8 
4 0 10 3 -1 9 -12 -5 7 -10 -5 2 -5 -3 21 10 
-5 7 -8 4 -7 7 6 3 -1 3 -12 -9 0 5 8 -8 
0 11 10 12 6 4 1 -4 -3 -6 -7 0 3 7 -4 -2 
-4 1 -5 2 0 -2 -10 13 -13 -10 5 -3 -4 10 2 10 
26 1 7 9 -3 10 -2 5 -12 -4 -8 11 9 -5 -2 6 
1 2 6 3 6 0 1 2 -2 -5 5 -6 3 0 -1 4 
-2 -4 -6 1 5 0 -5 4 -4 -6 -5 2 3 -2 5 0 
-7 6 -3 4 3 0 6 9 2 6 -7 3 4 -3 10 -3 
0 -4 -1 0 -8 -7 -2 2 3 -4 5 -6 -7 -3 -1 1 
-2 -3 9 -5 2 6 -2 0 -1 -6 1 0 -7 -2 6 1 
-9 3 3 -1 -3 -1 1 -3 -1 -7 0 2 2 -1 -3 7 
-1 3 1 6 4 -4 4 -1 -9 -7 2 -2 0 3 2 5 
2 1 -3 0 6 2 -5 0 2 -1 -12 0 3 -1 6 -8 
-4 -1 -3 6 0 11 4 3 1 7 -2 2 1 5 6 -2 
3 8 4 0 -5 -1 10 9 3 -5 -4 1 -7 -9 -8 -1 
-9 -1 1 -3 5 9 -1 -1 2 0 -5 7 -6 8 -1 3 
-8 0 7 5 4 1 5 1 9 -3 1 11 -6 -4 -12 7 
-15 -9 -16 6 3 11 12 5 -11 26 21 7 -3 3 3 0 
-3 15 2 -21 2 12 2 2 41 -38 -8 14 -10 32 5 -16 
-6 8 -7 -3 -25 16 -7 -5 38 -6 -18 -4 15 7 -8 -5 
3 -23 -3 -18 10 -4 27 -17 25 -14 -2 -14 11 10 0 2 
-16 15 -24 15 -4 17 4 -11 4 18 -28 20 -10 32 17 0 
7 -12 14 -21 16 10 -16 -37 13 -9 -27 -15 -4 -43 20 4 
2 1 0 -3 8 5 5 5 1 -5 1 -8 4 -3 4 10 
10 3 -4 2 7 1 -5 3 3 2 2 -6 3 3 7 5 
1 3 -3 2 1 8 6 9 -1 0 0 0 1 3 3 -5 
-4 2 4 3 -11 -5 0 7 5 -5 1 -6 -6 -8 5 0 
-6 -5 4 -2 4 4 2 3 -7 -5 1 4 -5 3 1 3 
0 -2 12 2 -2 2 5 -2 9 -9 1 6 1 -4 -7 7 
-3 -10 4 -8 8 8 -10 14 -12 -1 12 2 3 15 16 24 
-12 10 -7 11 -14 6 3 -5 24 1 14 -18 -8 -19 4 17 
-18 -25 -9 3 4 32 12 -1 1 -3 17 -2 7 0 -10 14 
-12 2 21 -3 -6 9 -9 2 23 4 7 17 7 -6 -6 -14 
-8 26 -6 -12 20 -1 6 14 -17 21 -14 9 7 28 -10 -5 
7 29 9 -3 -4 13 9 -13 30 -4 16 9 -2 -9 -19 4 
11 8 0 -9 12 9 2 -6 -7 -5 2 -10 5 6 13 9 
8 10 8 5 -12 -7 -1 -5 9 -5 3 -11 -4 -10 19 8 
-19 -1 -5 13 -12 11 17 1 -2 11 4 0 6 17 6 7 
9 5 10 10 11 -3 3 0 11 -6 -11 -5 1 5 3 0 
-9 0 -9 8 1 -4 9 9 -16 -5 -6 -15 1 5 6 12 
23 3 8 6 1 15 7 3 -5 4 3 0 24 -12 -8 22 
6 21 6 0 4 8 2 1 -11 -9 17 -12 3 -1 9 2 
7 -2 7 -2 0 -2 0 3 -4 -8 -5 -8 19 2 0 -4 
-10 3 1 2 -12 -10 6 1 -2 7 -2 3 -10 2 18 0 
14 19 -8 27 10 -7 -7 -1 -1 2 -13 -2 8 -1 6 -2 
-6 -9 15 -9 -7 -5 -5 9 -12 -15 3 8 -7 -4 4 1 
3 -9 7 -2 -3 5 3 3 -12 -5 -11 -6 4 7 5 2 
2 -2 3 4 8 5 -1 5 0 -5 4 -5 0 -6 3 7 
5 -1 -4 0 3 0 -1 -5 2 -3 -4 -3 4 -5 3 -6 
-5 2 -11 3 -3 -2 10 10 5 1 0 4 4 -1 6 -1 
-2 1 4 7 0 -8 1 3 8 -4 2 -3 -3 -3 6 -6 
-7 1 -2 -3 6 7 1 -2 -4 2 3 3 -4 10 8 -2 
-3 4 3 4 1 0 8 -1 9 -2 4 3 -1 -3 -6 9 
-7 9 -9 3 1 13 10 2 -7 -2 5 -4 -6 8 0 -1 
-4 -3 1 1 11 0 4 -6 -3 9 -9 -1 11 -7 -3 -11 
3 -11 1 9 -4 2 8 9 11 0 5 1 -2 4 18 -6 
11 -7 0 3 5 -5 13 7 3 -4 -7 -2 -8 -9 -7 -15 
-15 -3 9 -2 -9 5 -1 4 10 -16 8 7 -7 9 6 4 
-9 -5 2 -2 -1 -9 2 -5 13 -6 -2 2 -4 7 -9 8 
1 -1 2 1 5 0 6 0 1 -4 -1 -8 0 -6 2 -2 
0 -5 -3 1 6 -1 -5 1 -6 -5 -5 2 7 -1 -2 3 
-3 8 -3 5 3 2 4 5 3 8 2 4 1 -1 9 -5 
0 -2 1 7 -3 -8 1 2 0 -4 5 -7 -4 -2 4 -5 
-6 -6 5 -1 7 6 3 -5 1 -3 2 6 -8 4 10 2 
-5 0 0 0 2 2 5 -1 -1 -5 0 1 -7 -4 -8 4 
2 3 1 0 3 -3 7 5 -6 -3 1 0 -2 -1 2 3 
0 -1 -7 1 5 5 -5 0 0 -3 -10 1 5 -3 -1 -6 
-4 1 -7 7 -2 3 6 5 2 6 -1 -2 3 -1 0 -1 
0 4 2 5 -1 -4 5 4 2 -8 -4 -4 -5 -6 -4 0 
-5 -5 -1 0 0 6 1 -4 0 -1 -1 5 -3 4 3 1 
2 -3 5 1 4 0 5 -2 1 -4 2 9 -6 -4 -9 7 
-5 4 -4 3 1 -5 7 1 3 -4 6 -5 2 -5 0 1 
0 1 -3 3 0 -1 -1 2 2 -3 -6 2 5 -1 5 4 
-9 4 -13 7 -2 7 12 8 0 10 1 6 0 -1 1 0 
-1 1 2 8 2 -2 1 7 7 -9 -2 -7 -8 -7 1 0 
-6 -2 -2 0 8 8 1 -3 0 2 0 9 -1 11 3 7 
2 7 0 7 0 3 1 0 0 -5 6 10 4 -8 -7 4 
2 3 3 5 9 5 5 0 -3 -6 1 -2 2 -2 0 5 
1 -2 -2 -2 6 2 -6 3 1 -2 -5 1 4 -4 4 -6 
-5 -1 -1 5 3 3 8 7 8 4 -3 -2 -2 0 7 -4 
-1 1 4 3 -4 -3 5 5 6 -2 3 -3 -6 -3 4 -4 
-3 1 10 -3 3 4 4 -4 3 -7 3 6 -7 6 2 3 
-4 -5 7 1 -1 0 2 -3 11 -5 -3 6 1 3 -6 7 
26 7 50 13 15 2 4 -8 -21 -22 7 7 5 13 2 13 
7 13 5 -10 -4 5 -1 15 23 -4 -3 -17 -1 0 9 -14 
-15 -5 4 -12 -2 -9 -9 -6 -12 -2 3 -5 9 0 6 0 
9 30 2 15 -1 -5 -4 8 7 -2 -9 -11 -6 0 -1 -4 
8 -10 -2 11 13 3 17 0 -7 15 -17 2 -15 -10 -13 -3 
7 -6 -7 -12 14 11 8 -9 1 16 2 6 11 9 -4 9 
10 3 7 -5 12 0 0 2 0 -6 5 -8 8 -4 2 6 
11 -5 -2 -1 9 -5 -3 8 6 -6 -3 -8 5 14 11 -5 
-9 -4 0 12 -4 1 -2 11 10 -2 -3 -4 0 13 5 -11 
8 -3 6 5 -4 -4 3 1 1 1 -3 -9 -1 -4 7 -7 
-5 -3 7 -6 -5 4 -1 6 -4 -2 -1 -5 -12 3 7 2 
2 -7 13 -16 0 1 -2 -14 7 -6 -3 -1 1 -9 0 11 
8 7 -1 1 5 4 8 -2 -11 -6 5 1 2 8 7 5 
11 -4 4 -5 8 10 3 -3 6 5 -9 -6 13 0 -3 -16 
-1 -2 -3 -1 -11 7 11 6 2 2 -7 -2 1 5 7 -8 
7 -3 2 3 6 -6 4 14 0 3 -4 -2 -2 -2 -4 -7 
-12 4 9 -6 -2 3 0 3 -3 -8 2 8 -9 11 1 0 
-4 3 4 -7 1 4 7 -5 15 -6 5 7 -1 0 -9 3 
-1 -1 0 1 3 -1 3 4 -2 -5 3 -5 0 -1 0 0 
-3 -3 -3 0 3 1 -2 4 -3 -3 -3 1 4 -2 -2 0 
-7 1 -3 1 4 -1 2 8 4 5 -3 3 0 2 3 -3 
-2 1 0 3 -4 -3 2 4 3 -7 4 -4 -3 -3 5 -1 
-4 -2 5 -5 3 5 1 -5 0 -4 1 5 -5 0 5 0 
0 -3 1 3 -1 1 5 -1 -3 -5 0 4 -3 -3 -5 5 
-2 9 5 -2 3 4 9 -2 -8 -3 13 -9 -4 -9 2 -1 
7 -9 2 -3 1 -3 3 0 -4 7 -4 -3 16 -4 -5 -3 
-5 -3 1 6 -5 -3 9 12 5 0 0 1 -8 0 24 -2 
9 3 -6 5 6 -3 -4 9 4 -1 -1 0 -4 -3 1 -7 
-16 4 11 -2 -5 -1 -4 5 -6 -12 6 8 -11 5 9 0 
2 -6 8 -1 -4 4 4 7 1 -6 1 0 -1 8 -4 9 
-4 -35 -16 -1 -12 11 26 2 15 -9 5 7 5 -4 -12 12 
-9 5 -20 -15 19 10 -21 -1 -3 -17 -20 15 -21 17 20 24 
7 13 -11 26 -11 19 -6 -23 16 12 15 -10 2 17 -15 16 
-6 -21 13 -26 -19 -13 10 -22 14 -17 -5 -15 1 7 -6 -10 
-4 11 -3 15 17 5 6 -16 4 25 0 -10 -6 13 13 10 
-7 -17 15 -20 15 -10 -1 -21 16 2 -9 15 -8 -46 -13 -8 
0 -2 3 3 6 2 3 4 1 0 -2 -4 -2 -2 -2 -1 
0 -5 -4 -2 1 0 -3 3 -6 -4 -6 -1 7 0 -2 0 
-5 3 -1 -1 0 0 4 4 3 5 3 1 -3 -3 5 -1 
3 -1 3 6 -6 -6 4 0 3 -5 1 -8 -3 -5 3 0 
0 -8 4 -4 5 5 -1 -1 -3 -2 2 -1 -6 3 3 1 
0 2 4 -2 1 0 0 1 0 -3 0 6 1 -2 -6 8 
-1 2 4 3 7 3 1 2 -7 -9 4 -1 -3 -2 2 5 
0 2 -3 1 5 2 -5 1 4 -4 -8 -4 2 1 6 -2 
-4 -4 -1 9 -2 7 5 3 1 4 -3 -5 -2 1 3 -2 
-1 7 3 3 -1 -3 6 2 7 -3 -2 -1 -5 -7 -3 0 
-6 -6 8 0 5 6 1 2 -6 0 1 0 -4 6 -1 4 
4 0 7 -3 4 2 5 -2 6 -6 -4 11 -5 -4 -4 5 
3 0 -1 4 11 3 6 -2 0 -11 1 -4 0 5 2 12 
-2 -2 -3 3 5 4 -4 3 -2 0 -10 0 4 -2 1 -6 
0 -5 -4 6 1 11 9 6 6 9 -1 -4 4 11 3 -1 
4 10 2 6 -7 -4 3 4 4 -7 -1 -3 -7 -11 -7 3 
-4 1 4 0 8 7 2 -6 -4 -2 -4 -1 -1 8 6 4 
-2 -8 7 -1 -1 -4 4 5 10 -6 -1 8 -5 -2 -6 3 
-1 1 3 4 4 1 5 6 -5 -4 -2 -6 2 -6 8 2 
2 -2 -5 -1 6 3 -1 3 -1 -5 -2 -2 6 3 2 2 
-1 -1 0 3 -2 4 5 6 2 6 -1 2 -1 5 5 -9 
3 4 3 5 -2 -4 -4 2 2 -3 5 -6 -8 -8 2 0 
-3 -5 6 -2 -1 9 4 -1 -1 -3 -1 -2 -6 7 9 -1 
-3 -1 3 3 0 0 4 1 -1 -7 1 4 -5 -5 -5 5 
-3 -4 -3 4 3 -3 4 4 -6 -10 2 -6 0 -13 3 1 
-9 -2 -5 0 11 -5 -5 9 0 -13 -12 12 2 -4 3 3 
-1 7 2 2 1 -1 2 -4 6 9 5 2 5 4 10 -8 
-7 8 3 3 -7 -6 5 6 4 -8 3 -13 -2 -7 -1 4 
1 -4 9 -2 10 7 -4 -12 8 -2 -6 5 -9 -1 7 11 
7 -8 5 -3 0 2 -1 0 -13 -2 -9 4 -5 -5 -5 -3 
-5 -3 3 1 2 0 2 4 -2 -3 2 -6 -1 -3 2 2 
1 -4 -5 2 3 0 -2 2 -5 -5 -4 2 6 2 -1 3 
-6 1 -3 -1 0 0 5 9 5 4 -2 2 -3 2 5 -3 
-4 0 3 6 -3 -5 3 5 7 -5 3 -4 -4 -7 1 -1 
-4 -1 3 -6 3 5 2 -4 -4 -5 -1 5 -6 -1 4 0 
-3 -2 2 -1 1 -2 4 2 -2 -4 0 0 -2 -3 -8 6 
-1 3 0 0 2 -2 3 0 -1 -3 -1 -4 0 -1 0 0 
0 -2 -3 0 3 0 -2 3 -4 -4 -2 1 5 1 0 0 
-4 4 -3 0 4 0 3 5 4 6 -1 2 -1 1 4 -2 
-1 0 2 6 -5 -5 2 2 3 -4 1 -4 -1 -5 1 -3 
-3 -3 4 -3 2 4 2 -3 -1 -3 1 3 -6 3 2 0 
-3 -1 0 0 1 0 1 -1 -2 -2 2 5 -2 -1 -6 5 

