156 464 434 -215 -123 984 -460 627 -156 304 -25 115 -123 107 550 -665 
-46 -52 -161 -45 -6 -31 -56 11 -149 46 79 -64 57 -52 -103 -14 
118 38 -131 -43 -109 -173 -90 111 22 -34 77 40 -43 43 72 -85 
-80 -10 -14 21 47 73 -119 36 38 -50 57 -93 76 69 5 -42 
-113 -27 51 64 -49 -129 -21 68 40 13 50 96 -94 -53 -16 -68 
51 11 -30 -84 -86 79 -98 15 0 0 0 0 0 0 0 0 
0 0 0 0 0 0 0 0 0 0 0 0 0 0 0 0 
0 0 0 0 0 0 0 0 0 0 0 0 0 0 0 0 
0 0 0 0 0 0 0 0 0 0 0 0 0 0 0 0 
0 0 0 0 0 0 0 0 0 0 0 0 0 0 0 0 
0 0 0 0 0 0 0 0 0 0 0 0 0 0 0 0 
-73 87 83 -74 -43 48 -82 -135 63 -49 -31 25 12 -130 -26 -42 
-160 1 -4 -106 -48 -82 4 -5 -51 -133 -69 20 -88 95 40 -34 
43 -3 -8 -6 -77 -40 52 -49 -10 -88 -86 -45 -68 -138 81 -78 
20 110 -61 -88 15 -70 -105 -14 -30 -11 11 88 51 -60 132 48 
-3 -20 40 -47 57 -8 -146 -105 -113 69 -47 -35 -59 -24 48 40 
-38 36 5 28 -32 72 -42 -31 0 0 0 0 0 0 0 0 
0 0 0 0 0 0 0 0 0 0 0 0 0 0 0 0 
0 0 0 0 0 0 0 0 0 0 0 0 0 0 0 0 
0 0 0 0 0 0 0 0 0 0 0 0 0 0 0 0 
0 0 0 0 0 0 0 0 0 0 0 0 0 0 0 0 
0 0 0 0 0 0 0 0 0 0 0 0 0 0 0 0 
0 0 0 0 0 0 0 0 0 0 0 0 0 0 0 0 
-49 -281 -68 105 -163 219 -73 -68 158 96 -216 -76 128 -78 -194 -8 
-154 -174 -81 -100 -59 0 98 -85 -26 -138 -146 103 304 71 130 43 
-104 -34 5 9 -94 196 -24 101 -155 -126 -168 -169 -133 61 -174 -10 
11 234 140 -173 -59 199 140 129 42 98 -49 126 74 -295 -77 76 
122 -265 -286 -104 -59 18 -189 -27 -127 -234 37 167 -91 149 124 -32 
141 -16 -144 -261 33 99 126 13 263 4 91 34 -20 -59 -43 -5 
134 48 -90 -261 10 -45 73 -109 203 228 -11 52 4 -191 -226 -90 
-330 270 18 2 109 -163 283 -287 -188 1 -30 -107 101 211 193 -26 
105 -168 -176 -23 -335 -42 -252 -123 58 108 -71 86 -15 76 85 72 
74 -232 -10 39 74 -80 -139 127 124 -154 162 -305 -66 93 -191 231 
70 76 -61 -7 161 -4 -40 199 -62 -233 -72 -2 -258 5 -275 153 
68 -209 174 225 -179 -272 68 43 99 96 83 -289 233 -41 36 -75 
0 0 0 0 0 0 0 0 0 0 0 0 0 0 0 0 
0 0 0 0 0 0 0 0 0 0 0 0 0 0 0 0 
0 0 0 0 0 0 0 0 0 0 0 0 0 0 0 0 
0 0 0 0 0 0 0 0 0 0 0 0 0 0 0 0 
0 0 0 0 0 0 0 0 0 0 0 0 0 0 0 0 
0 0 0 0 0 0 0 0 0 0 0 0 0 0 0 0 
18 -52 -76 -31 24 12 -9 164 9 80 20 24 18 49 -31 82 
-119 -76 -38 62 -34 37 74 -67 72 -3 -44 -68 -127 -8 -96 91 
90 -113 -106 7 -3 34 4 100 6 106 25 35 -98 33 93 -32 
34 -24 -19 37 -61 -92 -72 117 -43 2 24 -90 -2 19 77 34 
-42 -1 -80 -39 112 48 64 -50 31 -56 -55 11 -18 -14 -30 -16 
-69 -14 82 41 111 -54 -79 -37 -30 -4 31 91 -64 -28 -25 14 
64 31 -161 -43 -56 -21 26 175 58 -2 75 -89 -138 118 163 0 
-56 -72 57 1 -53 -4 146 -157 -103 -175 -47 -21 56 8 63 -143 
-16 -11 -35 42 -57 -60 32 -57 140 -5 -64 47 -81 7 46 74 
11 36 84 -80 -7 3 -63 -88 -19 -19 -67 98 -57 -21 22 84 
-6 -48 143 91 3 68 35 84 -148 59 61 2 27 -145 -64 -153 
40 20 42 -43 28 8 69 -6 -80 39 82 3 -69 8 -53 39 
73 -39 41 45 -100 -23 -74 46 94 29 26 28 35 -72 16 18 
-169 -102 100 -27 90 -54 21 -20 130 -146 44 -94 -25 -60 2 -136 
25 -122 -115 102 -48 -24 -21 3 130 -77 60 -111 -63 -8 -13 -17 
6 39 -27 -90 14 -50 31 -37 69 61 -1 -5 56 17 -38 -112 
-32 56 -40 -81 1 4 56 -40 -50 52 1 -1 -105 -95 -15 76 
-115 31 -10 -72 11 36 -15 57 93 -64 6 -33 41 5 20 30 
-72 -45 82 29 106 115 -51 -72 32 -56 -3 -36 -36 27 -2 46 
9 -57 136 66 -92 -57 48 155 -15 176 -38 -82 -150 -88 -17 24 
28 -11 -38 8 68 48 25 -36 41 82 -76 -30 -8 36 -67 -43 
-7 115 -7 32 101 2 -13 -115 -9 -4 -26 56 121 37 -97 13 
33 11 -28 66 114 -40 67 166 138 33 84 131 59 13 -7 26 
29 2 -14 45 -65 -20 41 -66 65 40 137 1 136 -66 4 -70 
4 -23 26 -86 -8 185 10 -25 16 14 -111 72 41 -64 81 -108 
-82 107 -23 43 45 -13 -93 8 65 35 -62 -90 -5 -67 80 9 
21 28 -31 -6 75 -23 -98 39 157 -54 27 1 68 86 -57 95 
11 -83 -99 -18 69 -117 27 -38 -14 -38 -46 -51 31 130 -34 34 
85 36 -41 -23 52 -73 45 46 -18 -18 120 107 83 7 74 42 
78 -53 51 -56 -36 37 -52 -53 99 -167 15 -15 -98 -29 84 124 
0 0 0 0 0 0 0 0 0 0 0 0 0 0 0 0 
0 0 0 0 0 0 0 0 0 0 0 0 0 0 0 0 
0 0 0 0 0 0 0 0 0 0 0 0 0 0 0 0 
0 0 0 0 0 0 0 0 0 0 0 0 0 0 0 0 
0 0 0 0 0 0 0 0 0 0 0 0 0 0 0 0 
0 0 0 0 0 0 0 0 0 0 0 0 0 0 0 0 
0 0 0 0 0 0 0 0 0 0 0 0 0 0 0 0 
0 0 0 0 0 0 0 0 0 0 0 0 0 0 0 0 
0 0 0 0 0 0 0 0 0 0 0 0 0 0 0 0 
0 0 0 0 0 0 0 0 0 0 0 0 0 0 0 0 
0 0 0 0 0 0 0 0 0 0 0 0 0 0 0 0 
0 0 0 0 0 0 0 0 0 0 0 0 0 0 0 0 
0 0 0 0 0 0 0 0 0 0 0 0 0 0 0 0 
0 0 0 0 0 0 0 0 0 0 0 0 0 0 0 0 
0 0 0 0 0 0 0 0 0 0 0 0 0 0 0 0 
32 3 -117 -88 -77 -39 43 44 95 -46 3 -45 9 33 206 35 
85 22 -44 -33 -151 -88 -31 75 -132 -124 -26 135 117 71 97 -96 
61 -43 -78 38 -87 77 -10 -34 -98 25 -41 118 208 -130 -50 66 
-170 -53 19 -73 17 -46 135 -69 81 156 -33 -25 -118 -66 17 -37 
-37 133 82 -81 112 -24 56 -58 53 -8 -107 22 107 5 -78 75 
18 134 -107 50 68 -71 2 -62 -240 -78 -48 114 15 77 51 -182 
84 128 -141 -48 -51 -156 -30 -153 89 143 -108 178 137 72 -254 51 
-161 -51 -88 118 -44 2 6 -29 -40 -190 -72 86 6 42 -101 26 
-28 6 78 134 -1 -70 -9 -42 -56 34 12 88 123 -40 -144 -134 
-78 65 -170 -70 11 -31 1 40 -72 39 -16 9 -147 -107 -62 -56 
44 134 -71 43 116 119 7 40 -9 -7 85 168 13 -13 -41 126 
-63 41 -73 -196 11 -3 -130 -91 -32 111 9 100 180 3 111 -150 
-77 126 -82 145 82 -106 153 -104 -70 -33 -55 39 87 34 -74 112 
-35 44 -39 -156 -76 185 38 101 111 76 58 9 -3 -141 -53 -47 
-75 91 12 -78 97 -101 -53 68 19 2 19 -162 -4 116 114 -96 
75 57 28 13 46 -100 -9 -69 74 -34 31 109 59 -63 -94 19 
73 14 28 -87 1 16 33 108 -17 -15 -80 -3 -103 3 22 -52 
-87 -129 48 56 1 67 -95 52 -85 19 -5 59 -5 -19 -124 12 
44 128 -19 110 -59 -170 -4 2 -42 78 78 -132 39 -22 104 -32 
-36 -21 7 -93 66 -45 -13 -35 -41 112 -78 57 97 8 -111 -7 
68 -48 43 20 -41 55 124 -28 29 -4 -110 -42 46 6 -84 -3 
21 61 -34 -2 -34 98 -64 66 88 85 -94 -8 63 -22 144 37 
96 -19 19 -27 -38 -179 -58 99 12 146 -3 70 8 -166 -40 -51 
35 -106 52 50 -59 -18 20 -114 -63 1 48 30 -64 -51 30 71 
12 -81 -51 35 140 129 -109 -84 -92 53 -162 45 -52 52 -17 -46 
-30 -38 87 38 -6 -15 -59 -57 -17 -2 -39 -44 -67 17 66 -21 
-80 32 87 31 -10 -49 63 -121 -19 193 -23 -30 -64 -44 27 -40 
-21 -19 26 -35 -134 9 -63 55 -85 -12 1 -26 -13 26 25 44 
-68 -49 14 -84 25 -27 39 -1 50 -193 -47 -29 89 -105 150 -60 
-24 -14 -95 -19 -92 19 86 116 86 29 47 39 -13 -118 35 -55 
0 0 0 0 0 0 0 0 0 0 0 0 0 0 0 0 
0 0 0 0 0 0 0 0 0 0 0 0 0 0 0 0 
0 0 0 0 0 0 0 0 0 0 0 0 0 0 0 0 
0 0 0 0 0 0 0 0 0 0 0 0 0 0 0 0 
0 0 0 0 0 0 0 0 0 0 0 0 0 0 0 0 
0 0 0 0 0 0 0 0 0 0 0 0 0 0 0 0 
0 0 0 0 0 0 0 0 0 0 0 0 0 0 0 0 
0 0 0 0 0 0 0 0 0 0 0 0 0 0 0 0 
0 0 0 0 0 0 0 0 0 0 0 0 0 0 0 0 
0 0 0 0 0 0 0 0 0 0 0 0 0 0 0 0 
0 0 0 0 0 0 0 0 0 0 0 0 0 0 0 0 
0 0 0 0 0 0 0 0 0 0 0 0 0 0 0 0 
0 0 0 0 0 0 0 0 0 0 0 0 0 0 0 0 
0 0 0 0 0 0 0 0 0 0 0 0 0 0 0 0 
0 0 0 0 0 0 0 0 0 0 0 0 0 0 0 0 
16 -98 -33 -297 -99 -244 165 178 242 -129 265 -51 162 -337 35 -117 
-85 83 -64 -87 -196 229 156 91 25 -34 211 60 -47 -245 -100 -4 
0 86 142 6 112 -40 -132 150 -130 -80 142 -79 52 73 63 102 
-281 -129 124 17 -255 127 56 -94 -74 -131 118 -162 -219 80 31 19 
-100 -134 -218 143 -123 -11 -143 -58 34 60 16 -21 119 -49 -50 15 
-13 -160 -33 -88 -121 -151 -89 -37 54 -147 -261 -21 71 166 -34 60 
159 -94 203 233 -229 -4 -195 -20 151 -152 109 -47 56 -167 -26 372 
19 -14 27 -143 17 22 41 -96 0 0 0 0 0 0 0 0 
-109 187 91 123 -166 26 6 -212 -230 100 -70 85 -103 220 -229 312 
-343 320 -127 56 -54 -161 29 59 -7 85 -315 57 -42 261 271 26 
-107 -185 93 -71 -84 -48 69 -63 -215 47 -164 39 254 -195 -7 101 
187 264 32 -125 213 2 -155 -77 -17 217 64 -8 27 -81 -173 -27 
-210 -146 -77 138 -49 -21 183 -95 -201 20 -308 13 -144 134 126 87 
205 207 -89 187 -33 301 -225 -115 -108 -224 124 202 64 -173 -5 284 
1 239 -103 141 115 72 270 78 -54 -156 44 154 138 -358 -486 1 
0 -27 26 150 -162 255 -15 52 0 0 0 0 0 0 0 0 
198 -247 179 182 150 247 309 117 -156 79 262 -89 72 101 92 -17 
-151 43 19 -157 -55 30 254 -116 43 199 -157 -197 26 -146 336 -38 
221 107 -291 -65 -100 90 51 222 218 54 305 249 -225 -76 13 3 
-42 -56 77 73 -38 183 151 -181 -85 219 43 268 -122 -35 -52 -184 
-79 161 130 -42 247 194 121 -85 -182 -248 -21 -85 -238 48 -16 -111 
64 -294 -19 -50 -166 -5 54 83 -132 -88 14 -221 -178 52 -376 87 
-37 -124 91 41 178 -263 -18 348 -39 -2 275 -230 2 -139 -20 120 
145 -59 119 -106 88 35 102 127 0 0 0 0 0 0 0 0 
149 115 68 -172 48 17 -87 25 -46 -64 44 -110 1 -14 -15 -77 
86 163 133 81 72 -110 -25 -63 126 41 -4 12 4 47 -48 -101 
86 163 20 -9 148 45 -72 179 -8 -32 -22 122 94 -92 -58 -70 
91 -88 -82 -130 -146 141 -37 -75 173 -42 139 -78 218 70 -143 -25 
-218 -121 -50 15 -87 184 95 -75 73 -30 -117 -116 -80 -139 -25 19 
41 150 30 -91 90 47 -117 84 -26 -49 230 96 -120 -67 31 31 
-35 22 -43 -99 164 64 -45 -19 39 -14 -210 100 -14 41 -114 46 
56 11 11 28 5 19 71 -70 -123 135 56 -61 -143 123 114 -23 
-76 0 9 84 44 73 70 -138 -147 104 -28 -79 30 -93 -32 -4 
165 47 35 -60 121 87 -117 58 -6 -2 -99 61 176 -27 -96 42 
-2 112 -168 57 158 145 104 -75 45 -28 9 -94 -65 -135 -44 104 
190 -81 -144 -65 -121 -121 -204 4 -106 44 -77 6 37 49 115 -106 
-92 -134 -96 50 -52 133 98 -31 118 134 -26 -26 135 -2 -51 126 
244 -121 -63 -62 129 148 -64 83 38 -157 -73 84 4 -186 179 90 
49 135 90 65 -62 17 7 86 88 -44 42 53 48 54 -130 25 
81 -134 207 131 106 89 35 117 -24 39 52 248 171 135 140 -127 
-136 86 18 -80 3 -148 -11 -37 21 108 -17 -160 105 2 -88 151 
79 287 135 115 70 36 63 -158 94 -98 -97 -30 77 -94 -75 39 
-18 -36 115 -106 -187 120 -78 -229 11 68 18 -54 102 16 115 49 
-76 16 -63 -25 64 -200 131 38 -14 -3 -43 -4 52 214 187 10 
-20 62 94 -52 96 189 -18 28 -108 71 85 -241 156 -35 100 -7 
-64 40 -166 -46 1 -19 -34 32 87 64 -99 129 -24 160 -91 -76 
8 84 -98 -129 -101 -42 42 200 -78 82 77 -82 26 278 -122 60 
-162 -207 -53 17 65 56 100 126 28 -91 27 -82 -282 -46 41 9 
-76 42 -69 32 56 -112 -145 -178 -41 -31 80 49 -66 64 49 118 
9 -91 -215 -138 48 -143 -8 116 35 13 -4 -69 228 14 209 74 
33 -97 61 -89 -79 29 40 126 20 -77 64 24 37 111 -12 78 
173 175 132 43 145 75 -49 -88 -187 -67 -94 166 -25 117 79 -126 
3 114 -76 -20 16 18 -21 -221 44 64 -50 -19 -115 -46 -77 71 
-39 199 23 -121 -86 19 -112 120 49 57 -20 28 -100 -25 -82 -18 
-94 -186 -85 -66 -59 -80 -18 94 5 -29 45 -17 -72 -81 63 -148 
210 -116 119 13 -144 -18 181 -60 -42 177 108 -5 53 -160 -2 55 
112 162 73 -119 -78 -12 1 108 -96 81 75 -20 62 24 -68 -33 
-110 116 14 -13 39 72 -48 42 184 8 -111 34 -11 -140 96 -35 
-13 -129 -103 143 120 -5 117 39 -134 103 -43 -76 -47 54 46 47 
135 14 -56 77 109 138 26 -70 -143 6 101 84 89 -23 163 -87 
12 121 -108 -92 138 -50 -70 -73 -180 44 -46 -36 100 -46 -105 73 
-108 176 1 -83 2 178 -149 -2 -27 115 69 17 104 126 -30 -173 
-7 48 34 117 69 150 -48 30 86 -128 22 -57 -1 59 -61 47 
-90 -43 56 121 -25 -35 -18 -60 42 46 -27 169 135 -50 58 170 
-46 77 -72 8 -7 188 -94 -53 62 -10 -20 173 -147 -76 67 98 
68 -36 -40 14 -34 -5 191 24 -65 -75 92 33 81 22 66 34 
-74 74 96 65 23 -20 -177 27 -116 157 -60 -31 -23 184 8 106 
-29 126 -44 168 40 -79 -100 -58 146 -65 -51 -36 -32 -84 35 68 
-129 -51 -135 64 54 -5 63 -171 -16 -6 119 -7 80 9 106 80 
32 42 21 142 28 89 51 92 -103 -51 62 146 -38 94 42 -104 
-76 65 48 65 58 140 -121 -47 -1 -91 -209 19 28 46 8 -56 
2 39 -143 141 85 167 98 -5 53 -63 -1 -17 -5 -41 45 55 
152 -143 -106 21 -58 -58 -1 -8 119 17 132 2 59 -21 7 186 
-1 -113 -30 87 42 19 19 21 -18 45 76 -110 58 -25 2 -119 
7 107 76 54 26 -44 70 -76 -23 0 -16 -25 -12 10 135 -30 
-15 -117 108 -55 -55 16 132 105 182 94 138 -79 -75 -50 58 3 
-90 2 -27 26 64 5 119 -59 121 -65 100 -80 50 -59 -10 44 
-117 -161 41 -9 12 -73 -74 37 9 7 54 -3 -100 54 26 -89 
44 162 -145 42 -32 103 60 92 130 71 -79 -86 32 14 4 74 
62 18 -32 84 -12 -126 97 90 13 64 157 35 -54 -25 67 -46 
25 2 -15 -76 -194 -1 49 42 105 4 13 -76 -14 -40 80 10 
-79 38 -14 15 -60 41 75 -110 108 92 -95 57 37 -145 13 -44 
-105 19 183 17 61 -193 28 -23 59 57 78 -75 34 69 -46 37 
86 36 -70 -37 126 -15 41 108 -3 136 55 71 -114 36 54 -9 
-65 125 99 102 39 30 7 33 46 64 -8 50 69 83 128 45 
-94 138 144 47 25 -34 43 107 -86 -42 183 -7 26 10 34 68 
95 -66 -15 -45 114 -30 119 -26 -54 25 -137 103 -10 -25 -83 -58 
9 110 -70 -36 -19 36 20 92 100 55 -95 -88 96 -87 -21 -3 
26 132 -26 -7 -51 -10 56 67 -2 -16 44 -46 -20 -2 -62 131 
-6 -47 -11 -86 -3 8 -132 58 -40 -14 138 -49 -24 -7 69 68 
-21 -14 84 0 -43 35 35 1 -8 61 28 -89 34 -76 45 -103 
29 18 -16 -133 80 9 38 17 28 20 27 -29 -112 67 -91 -79 
19 64 -22 -11 49 -16 14 99 -25 -34 -73 -57 5 -120 12 -81 
38 118 -120 92 -18 35 -20 -83 -93 89 -31 6 -29 -21 41 -21 
91 -102 40 42 -103 -98 -75 123 18 98 -83 78 46 48 -11 -65 
31 -155 126 33 75 -66 -11 23 -13 -33 41 -21 16 -13 -81 36 
-112 10 -42 -6 -129 18 124 31 59 4 -15 -99 25 -61 -53 32 
136 41 71 -39 83 86 83 -42 -64 132 -68 7 -33 62 40 2 
-58 2 -177 69 19 -156 -39 76 13 2 -25 -40 -142 0 -156 62 
5 49 -21 -19 -9 58 -158 40 59 -23 63 -84 -181 -1 102 11 
59 6 24 -51 30 2 -60 -70 38 5 18 -55 -32 73 -58 40 
80 69 65 -33 11 -48 73 89 -40 23 -5 42 -86 72 -29 -83 
30 -96 39 -87 -42 -22 -7 -15 -110 -37 12 33 107 61 -76 5 
-105 -8 78 -100 -6 -21 81 106 -3 -52 -3 96 -28 -82 -52 -65 
-95 -145 -15 -35 -81 -14 17 101 -44 -34 48 145 20 -28 -74 -31 
104 3 0 26 81 -19 27 50 -120 -158 -8 16 -108 117 115 7 
111 48 -12 102 27 -58 12 247 72 -61 -134 -11 -31 98 105 104 
-66 -35 -55 -43 19 44 74 19 -127 -54 -88 40 -68 169 -6 22 
91 -116 -47 -51 -10 38 75 166 35 -47 16 -56 -142 115 7 22 
-9 -20 -7 33 -28 46 64 27 -92 -46 5 -85 41 -40 64 -80 
-50 -35 -14 10 -13 49 28 24 -68 11 -39 7 -67 -20 -13 -86 
-25 -78 60 -3 -155 -30 -20 50 21 -71 -63 -82 -15 -88 -30 66 
-11 65 114 20 33 6 -8 150 109 26 57 21 101 -162 -92 -30 
-23 -62 12 -187 -16 17 58 64 76 40 60 -65 14 4 -56 -1 
29 36 -26 -47 19 59 -45 -44 26 5 174 -28 30 110 -64 -65 
7 -24 2 -74 -41 104 9 33 174 -26 109 -38 -38 -90 129 -59 
58 -20 -83 -58 -14 -152 92 153 -33 21 -13 91 -102 57 127 15 
21 94 -33 71 -17 -57 -62 93 -103 -72 19 38 -37 119 93 122 
-59 29 36 13 -18 -1 -31 41 1 -57 97 -115 -59 -15 -5 21 
12 66 48 -101 3 -36 -45 46 26 120 -70 41 43 80 48 35 
-6 68 82 128 -92 56 -31 -38 60 91 108 -90 48 49 -16 -44 
-71 69 4 86 -111 45 21 -38 27 -89 60 119 -88 37 -11 -97 
-40 -87 67 109 -46 -28 -58 -57 -112 49 -68 0 31 -85 -46 -66 
-27 64 -95 -91 -22 89 52 -43 -3 12 -88 54 127 -62 13 -69 
113 -31 -34 102 -60 108 -12 -23 222 43 9 -62 -18 -33 -95 53 
18 124 -50 -6 34 35 -20 -34 -53 35 -22 -97 16 18 65 -96 
20 63 -59 45 71 95 -12 138 -59 154 8 -25 -16 18 -33 -24 
127 33 -41 -47 13 102 -30 -7 123 90 140 10 -85 -16 -119 -133 
-136 27 -71 41 -56 -154 -21 79 -50 -55 -117 -25 23 -111 65 -21 
157 14 -14 43 44 -26 77 78 -28 11 -36 -88 118 59 133 -41 
92 75 0 -69 48 83 -86 64 206 69 -16 -43 62 88 -33 -2 
-17 -19 6 69 -72 85 -29 59 -72 37 -12 16 -29 -34 6 110 
-225 -38 -66 81 7 14 36 113 -53 27 42 -51 18 17 24 -32 
46 -26 87 106 85 54 40 -75 61 -43 51 -38 -65 58 103 -182 
4 -20 -138 -17 117 115 80 141 -57 81 14 -67 67 39 17 63 
-89 129 -32 -60 -56 1 -43 -73 -10 -89 77 -56 -72 -9 45 40 
-32 220 44 72 -74 -29 -98 29 98 65 9 -66 -84 55 20 -14 
-89 -39 25 -66 40 113 43 -68 -30 45 148 -13 59 23 89 -132 
142 -33 41 -32 87 0 69 -132 -40 58 -16 -17 7 -98 -23 73 
28 -56 -7 -38 142 29 8 -50 8 -100 -163 55 -101 -39 -69 97 
165 -108 -18 -59 -201 79 -73 -33 -123 16 -5 52 -42 -46 59 -44 
50 24 35 57 62 6 -70 41 5 109 -29 106 -24 -28 49 -49 
-51 93 47 -112 19 -65 69 5 -151 119 -41 73 -18 59 -23 -45 
11 -38 5 110 -117 10 -54 0 -13 44 21 -188 2 -52 97 -55 
41 -74 93 41 -42 -11 -102 22 -98 72 38 4 -65 38 -43 21 
15 0 16 60 -30 -85 -14 68 12 8 112 -9 57 62 -1 -15 
-4 19 -52 17 -69 35 -30 122 -124 -60 -13 54 10 29 12 0 
-48 132 16 62 60 -80 78 98 18 68 -73 -12 -55 -105 105 -57 
67 -34 -130 6 0 51 -106 89 79 102 110 53 -156 26 -76 81 
128 163 13 98 -23 23 -43 -38 -79 -8 -3 99 -106 72 -23 -12 
4 53 -86 21 91 20 115 39 -92 52 10 -4 29 0 -113 -10 
98 -64 4 118 -28 -2 -109 40 78 -123 -2 -28 -53 31 107 -120 
-23 40 98 -32 -61 110 80 -19 -182 10 -33 -126 61 -13 95 5 
70 69 -44 27 42 0 80 -134 107 -22 -81 37 122 -59 31 -1 
12 3 -7 -51 8 7 -37 -125 -48 140 -117 67 127 -12 3 -30 
-19 112 86 80 114 12 145 62 61 92 27 57 40 -105 -16 -54 
47 52 81 122 49 -5 -51 -27 -10 16 11 -77 -128 -30 -58 -25 
9 21 61 -35 8 88 -82 -8 -36 34 3 -204 -74 53 136 55 
116 -19 48 -29 -73 100 -80 -52 -96 -11 -98 78 -63 51 16 -67 
38 -26 -7 -89 -34 59 55 -71 6 56 16 -50 107 -18 80 30 
54 -63 4 -51 -29 -11 56 -23 -83 2 8 -62 -17 18 12 -10 
-46 -60 -125 -50 -80 90 -125 -26 44 -9 -33 -54 48 -17 -4 -33 
49 -58 3 45 -73 34 69 23 -61 12 -23 81 -45 -3 -38 0 
-16 66 -81 31 18 -16 7 9 8 18 -19 -21 -17 -20 106 -121 
-31 -25 75 -9 -66 -58 6 10 30 -73 18 66 25 39 -11 -1 
-75 -80 -4 4 -13 120 4 -74 4 10 -124 30 15 -20 -12 -13 
-19 58 21 11 13 29 45 -35 -60 -27 -99 23 -18 -89 20 102 
-66 27 -26 -9 138 -56 11 -13 58 53 71 88 -1 1 -10 -34 
-29 -44 -45 -31 -32 -13 25 -121 45 -51 -19 -13 92 50 -39 -67 
-17 36 17 -37 68 -48 -23 -137 20 3 44 15 78 -32 -6 -31 
72 -8 33 -28 29 175 -49 31 59 97 -47 125 -34 -56 -31 -74 
-25 -36 -73 -42 -33 -77 1 1 42 7 -66 -21 -40 -5 8 -36 
37 -30 31 27 156 -41 -23 -8 -16 -13 -23 8 -16 17 -21 -18 
16 20 50 -26 -10 4 -56 -40 -10 -34 44 -39 -64 -18 -102 -17 
30 2 18 -10 -97 10 55 32 79 100 20 53 68 88 -25 -26 
-9 -22 29 124 16 -9 -43 41 -16 9 4 -28 4 -1 79 44 
-64 -81 39 41 23 -2 71 24 40 4 2 22 -15 -69 -12 -47 
6 -41 9 1 -19 14 -71 47 -60 17 -30 -74 -4 65 -27 -77 
7 24 8 26 -106 -69 -17 -24 79 -10 -92 -22 -75 78 -20 61 
-75 -1 31 37 -76 37 -2 -36 -19 85 9 80 116 -1 91 19 
39 47 64 -32 46 18 -31 -16 -88 -98 10 15 -8 33 -52 -45 
65 50 -25 4 77 -44 -25 -54 -5 -35 8 -44 -18 6 28 37 
-75 12 -49 66 -8 -49 22 -3 -5 57 -17 -11 -24 -2 22 -30 
-17 29 -32 0 11 -64 -104 -11 -101 44 40 -32 -73 -17 -52 -50 
-98 -69 13 -22 22 17 -39 20 16 43 -10 61 -27 18 -96 -50 
8 -94 -8 -2 -69 -72 -33 12 127 -66 -79 -6 59 3 -44 -2 
-63 -62 -17 -40 -69 -40 -10 -1 29 -24 -37 68 118 -21 64 74 
18 4 -20 106 65 -47 134 83 90 -46 -46 -75 -13 90 -8 73 
-20 31 -39 -92 112 86 8 18 7 22 2 2 3 -14 -51 -42 
-43 73 1 -16 29 -6 -65 -11 -127 -19 59 -48 -63 -20 6 40 
135 -13 44 7 9 34 9 70 20 -43 -82 -44 35 -27 20 29 
8 63 10 36 -21 12 -26 3 40 38 -115 -39 -12 -8 -59 -26 
24 36 -109 43 92 -40 -38 -16 98 -55 -42 -65 -40 -2 -125 -9 
-39 -50 -49 -22 -21 18 27 55 8 89 63 6 -55 -9 23 0 
-58 48 24 -15 12 55 66 -40 40 -51 -42 9 -6 46 -30 20 
-21 -65 -75 -56 59 56 14 -95 -9 -25 -60 -64 40 -43 -46 30 
29 8 26 -11 11 63 -28 -39 -1 21 37 -91 -34 43 22 -46 
-34 29 -54 -16 -53 -57 -20 22 36 -54 89 -27 -19 33 19 23 
-19 2 65 25 24 -5 8 -38 11 60 37 -22 28 -68 3 -13 
26 71 -83 28 -64 -22 -10 -31 -5 -30 -103 14 55 -29 15 -25 
-38 36 -25 -37 36 -39 29 -15 -24 20 94 -25 -25 -11 24 -42 
61 28 -15 -36 -41 17 -18 88 -87 7 12 33 99 -25 -43 56 
50 131 62 68 24 -47 18 -38 -39 10 17 18 -44 -65 59 7 
-145 -26 -31 -2 28 -3 -4 66 -15 -6 -14 -33 48 -29 33 23 
10 66 61 -41 30 -61 -7 98 -21 10 45 8 -16 41 27 -21 
-26 -24 46 39 -5 -76 22 26 -8 -27 22 -47 25 11 -28 -5 
25 34 -55 -104 -88 -33 -38 -39 83 -18 9 64 -92 -61 29 -33 
-6 25 24 -2 22 36 -25 70 82 21 0 69 -33 107 -51 69 
-12 124 -7 -46 55 22 -35 -31 31 -85 -3 -39 -33 -20 -26 0 
25 51 25 46 26 130 -39 -11 -38 -10 13 35 -76 97 -35 12 
23 -73 47 58 -75 8 5 -14 -16 -102 45 14 -44 52 15 -35 
-48 20 -40 126 94 -31 -45 32 8 -1 21 1 -2 44 36 4 
-11 -20 -44 -34 -8 -6 -101 -8 42 -12 -41 30 -34 8 -41 17 
25 -55 27 -42 -98 -30 24 -32 -61 -55 -43 40 8 15 -36 -30 
-50 4 6 62 59 -1 1 -26 3 -26 10 7 -52 -18 -47 6 
-33 -58 30 -120 26 20 -11 1 77 1 79 7 -41 74 64 57 
51 -58 -20 22 -74 -27 -29 20 -5 14 -50 -57 -29 -104 34 -20 
-85 -53 37 31 10 -12 -27 -27 -22 15 -8 5 13 -50 -2 -54 
-19 -45 62 -61 27 -40 9 41 -24 -41 3 -46 -8 53 -13 -20 
-41 24 14 -34 -16 45 -9 -2 63 49 -60 3 -19 60 12 39 
-15 19 -52 3 17 2 -33 -21 52 -10 -42 24 7 14 10 1 
49 -71 21 61 -31 -7 -3 -12 39 -16 16 -5 -21 1 -65 60 
-13 -29 42 36 58 -30 64 -91 -10 -37 42 33 65 97 13 -42 
17 -20 -32 46 -14 58 23 34 -60 24 -3 17 3 -63 -7 67 
21 -33 41 -20 37 -67 -46 -14 -33 7 -13 31 -14 -6 -4 -31 
-26 -46 44 1 60 15 44 34 -68 -14 7 -78 -22 -13 -28 -75 
19 25 50 -5 19 -13 -16 -35 13 -33 -13 -2 68 24 -1 -35 
18 -4 28 24 13 -15 8 -6 -60 22 -71 -19 18 11 0 -18 
2 19 -2 -68 -40 -66 -17 14 -66 -12 -71 34 -12 29 24 17 
-59 41 -20 19 23 -3 -3 35 -25 37 -62 -106 -39 -2 55 -84 
-41 -37 24 10 23 -43 36 31 -24 -20 38 39 -33 -67 -50 15 
-10 9 39 -6 29 17 -37 -62 6 25 -1 -3 -39 7 9 12 
-3 22 18 40 16 -34 -7 -16 -37 -12 2 12 26 -27 -8 31 
27 -24 9 -13 1 0 6 37 8 6 28 25 30 -7 22 -33 
47 19 -8 25 -13 -5 -18 22 -61 -23 -1 -11 -16 40 -3 31 
16 -5 -7 35 32 68 -12 -7 -14 7 -14 17 2 -16 67 -32 
60 -6 13 20 -34 -24 -15 -6 -1 16 -22 -3 32 19 10 8 
8 19 1 -8 -15 44 9 -40 30 -11 -5 22 33 -1 13 -28 
38 50 22 -28 -4 -6 -25 13 35 10 46 7 -37 12 -50 21 
13 48 26 -9 -16 29 -35 24 -13 4 3 28 32 -36 14 19 
-17 -55 28 61 26 16 8 -1 -11 2 8 -13 -10 -5 1 -21 
19 -8 23 -32 42 -23 -19 6 -5 -24 24 83 6 -33 23 -24 
30 32 -57 5 -19 -21 8 -14 42 -43 -25 -28 30 53 28 -43 
32 -47 37 12 -7 0 -5 43 46 -76 -12 -46 -28 -23 11 28 
53 -4 14 -81 -1 5 -2 23 -28 -36 13 -18 5 8 20 -7 
-1 -29 26 -59 47 26 7 -14 -40 29 11 12 -21 -25 39 59 
15 24 -29 14 -43 12 4 44 -14 -30 34 -16 2 -37 37 60 
10 25 44 -33 -1 14 23 -3 -30 -18 10 -3 -30 -37 8 69 
22 21 -46 3 9 11 35 -27 -5 4 -42 14 9 11 9 -21 
41 -11 -8 22 -51 14 -1 -9 -43 -27 46 23 4 -15 19 29 
32 -2 -26 6 6 17 3 -11 -30 14 21 29 15 9 20 -23 
48 -20 32 -28 15 -14 12 -33 -8 14 19 7 13 22 57 -5 
43 34 6 -7 -13 -5 30 -9 13 10 35 32 9 -48 -15 20 
36 -19 14 -42 -59 41 -30 46 -22 -19 32 15 33 16 -8 -1 
49 -40 3 23 22 0 -14 -26 13 1 -29 17 18 12 16 26 
27 1 56 -22 4 11 3 41 13 -12 4 28 -13 -16 5 -16 
44 65 5 -18 -25 39 18 14 -18 29 -9 1 24 5 25 15 
-10 45 12 11 -28 -13 27 -42 30 13 3 18 2 40 10 -10 
-21 -5 23 21 -26 -1 10 -23 -50 8 6 27 2 15 24 19 
24 -27 20 14 35 -37 10 8 -34 0 28 -46 -33 7 2 -5 
-2 -9 -34 -11 -32 -12 24 23 22 -11 18 -19 30 -24 10 9 
25 41 -12 -39 16 13 32 -38 19 -16 0 23 8 1 -29 -43 
-16 12 13 33 60 49 22 0 5 -29 -18 1 -29 10 7 14 
23 14 35 45 6 -19 14 -25 -56 -23 21 33 34 11 -19 56 
4 -15 -14 -24 33 -36 52 28 -22 8 -33 -21 19 -4 10 28 
-8 17 -4 -21 19 13 -35 8 24 0 4 -27 -1 19 14 -42 
-43 27 1 55 3 71 3 -47 36 -2 -22 13 4 3 20 21 
5 -28 7 32 -25 5 -34 -34 38 48 40 -33 -24 -1 -45 -15 
-3 31 8 -3 11 29 -36 -16 -39 22 -1 -62 -30 71 31 18 
70 22 36 7 24 -41 -20 -3 10 17 43 -16 48 -4 15 -48 
43 9 -18 10 -11 27 -46 34 -18 -9 -25 -26 -58 -12 1 -45 
-15 -47 20 20 -8 -49 41 9 -10 -15 -5 6 44 -27 2 12 
-20 -36 -24 -62 -24 -15 -2 -8 20 -16 -12 13 -61 43 85 -31 
-23 50 -9 -72 -24 -25 29 -8 -19 2 -6 10 -27 27 -21 0 
36 -18 11 -24 1 -3 -33 -26 -46 -36 -8 -18 -55 30 -16 -7 
5 -29 -12 -18 -42 34 -70 3 -28 -1 7 -20 -11 -17 -6 -11 
0 42 -21 44 -16 -50 52 -16 -5 -30 -6 -4 -22 -24 -24 12 
-2 -48 4 8 25 -34 -19 42 27 -47 -10 48 -56 -12 21 3 
-2 1 -72 -40 -19 -57 18 21 20 -69 -27 -22 -2 2 24 -1 
-11 -5 -2 -11 17 10 16 35 -24 -44 -26 1 -34 6 -14 20 
-15 -4 -21 -25 -30 6 -8 22 -3 -102 -34 23 41 40 -33 -16 
-37 19 -6 -57 -1 24 -5 2 -17 46 -9 24 13 22 1 46 
-38 -67 19 0 -27 13 -4 -31 -23 -18 -63 -7 -6 -12 26 41 
44 51 7 -10 69 -7 -2 28 -18 -18 16 -19 -14 -41 -11 -30 
18 42 -54 -39 26 -14 -25 -29 58 10 -57 17 26 11 -50 -46 
1 26 25 20 -61 -61 47 -13 17 -11 33 -18 51 -42 45 30 
7 0 -12 -17 32 2 -47 44 -50 49 20 -40 -7 13 -16 -8 
84 32 53 -61 15 2 -8 -47 -32 -8 29 -57 6 36 -36 85 
4 -9 18 -18 3 12 3 -34 7 -11 -13 22 16 -49 -9 -14 
-29 2 10 -25 -39 3 44 -12 -21 5 -57 -7 -21 9 -12 12 
-33 -14 -68 -9 41 -11 -24 -39 -30 35 -22 -7 31 -10 14 -34 
15 -7 8 -5 32 -8 -16 5 5 -71 1 -25 18 -24 13 -37 
1 -20 -21 -22 4 9 -29 -38 26 32 3 -9 -8 -4 31 -18 
18 17 -18 -16 6 19 -9 -15 -10 23 -23 -29 -1 31 39 -2 
-51 -32 0 3 6 10 9 23 6 -39 -7 23 -9 18 -10 -44 
10 8 9 -26 -12 28 -18 -42 -55 -86 10 24 -1 32 34 -35 
-55 -4 -51 -15 -41 -5 -3 13 -48 -29 25 -45 5 -55 -31 -28 
-19 1 49 -54 12 24 -2 -24 39 -4 -32 -18 43 -11 10 -31 
-45 4 6 -7 1 2 -21 21 -32 -24 15 -22 -33 -4 16 -56 
-1 -27 2 -34 -18 40 38 25 -52 28 44 5 13 12 -4 23 
-7 -34 19 -13 -22 -71 33 -20 -47 -3 2 33 33 -3 -2 -39 
34 33 32 -11 12 -20 17 -23 -3 3 -31 -27 42 -13 -14 -35 
-24 -19 -10 -26 19 22 -2 37 4 21 -30 23 -56 7 36 -35 
64 -28 30 -74 10 -22 -43 -123 -2 10 44 9 -6 8 94 -61 
-3 -84 -56 18 -53 -1 14 -79 16 -11 -20 42 -59 -58 -21 6 
-22 -1 -57 -92 -10 56 -2 -16 -85 40 73 -51 17 -21 -14 -1 
-88 -11 -7 -77 20 35 -78 27 -16 20 -3 33 -3 45 -32 8 
-19 -85 -23 65 51 51 23 -33 -57 -23 45 43 -19 -79 -21 -86 
23 -41 4 -9 1 27 18 4 -11 -126 51 -30 4 -29 28 -10 
-15 -3 -4 14 -66 14 -60 -26 55 89 -15 11 16 23 -19 -3 
-18 -38 -7 -80 -6 -42 -40 -71 49 108 -40 40 60 39 -80 -72 
17 -13 -56 7 28 -5 67 -48 98 -9 -24 -82 -98 -8 50 -1 
2 -101 19 40 -12 -25 19 7 9 -11 21 -23 43 -23 -85 19 
-50 -19 46 -49 5 -55 76 27 -90 24 5 35 28 -69 59 -28 
69 24 -41 -69 8 -4 45 8 -25 21 22 45 -4 -26 -4 20 
-39 30 -36 25 -8 10 -50 -54 -19 44 -52 -15 -35 -38 -23 -11 
28 -23 -5 -47 64 27 -15 -4 -85 -47 31 -16 66 -73 -59 -8 
-22 40 -86 59 -35 -75 -32 -88 -27 -23 -98 -10 72 -45 -52 -129 
-2 82 5 56 -23 9 13 -16 -3 16 54 43 -10 4 -21 20 
13 27 -9 -61 21 8 -17 -134 41 -10 57 -20 11 0 36 -6 
-53 31 73 -49 -71 -62 64 6 -37 -8 85 40 29 -144 -9 1 
0 -43 -37 17 -24 -1 58 -99 -124 46 -50 -47 -4 -24 4 12 
-24 29 19 42 -123 -36 -25 -25 34 -8 -141 13 -81 14 54 -48 
27 9 63 86 -47 -86 -64 28 46 -30 -48 7 -23 127 -17 -11 
26 -14 -15 45 -48 47 11 -25 -64 -35 -73 -13 93 3 -7 -33 
-58 -76 -25 -27 -53 10 -45 -14 -24 -40 -20 27 15 18 -74 -4 
44 -41 -71 54 -80 -38 36 21 67 -81 33 31 46 61 11 27 
-3 4 -103 -19 -11 29 -71 44 -13 -42 37 55 -14 2 -37 45 
-9 -11 65 13 9 -32 -34 -37 1 14 38 -21 11 54 51 54 
75 -23 -11 34 -60 -104 10 -133 -17 -4 1 14 6 75 -42 -67 
-80 46 53 -17 -12 -37 21 64 -31 -18 -6 -12 13 -16 89 19 
-42 -41 53 103 -59 -21 113 -68 -108 82 -93 -57 34 -2 -15 -10 
42 72 14 -79 21 37 -19 -16 31 36 -43 -63 30 56 -38 8 
11 -45 -86 30 -31 -15 -3 45 -25 -69 -21 67 49 18 -40 -60 
57 15 73 48 -3 -13 18 82 -9 -41 -50 -85 -11 23 -44 107 
2 -62 -12 -8 -50 -58 -23 38 -36 -24 -24 -15 4 75 -9 80 
48 -58 -80 -3 -70 -18 40 0 -26 4 64 1 -19 55 8 18 
-96 -37 14 2 17 24 -116 -95 0 -44 -22 51 35 -7 28 15 
-62 11 41 17 -9 -62 33 83 10 -34 -31 4 22 -55 3 17 
3 -52 4 -9 -2 41 19 34 -72 4 -12 2 -49 -3 -3 7 
57 -2 -26 -35 -14 -15 2 6 13 -77 56 -16 -34 5 -31 6 
14 33 -11 1 66 29 -54 2 21 -34 29 -11 -56 7 10 -11 
-14 -20 -34 -22 35 -25 91 17 28 -5 3 27 46 -35 14 -70 
28 -34 -14 -22 -31 -70 49 -12 24 -37 8 -7 4 -19 85 0 
-32 50 25 2 -25 1 38 -12 0 -22 -6 -59 -9 12 24 -39 
-10 -48 -9 -58 -41 65 -32 -7 22 -4 -58 8 -25 -17 17 11 
-25 -1 -51 -33 28 26 -11 -25 -1 -19 -46 -23 3 -41 -14 24 
5 -30 12 26 -24 -5 7 -35 12 -5 -2 -28 -12 -14 -5 -39 
5 16 -40 -59 -26 7 -28 25 -17 -22 -12 -30 3 26 -10 -23 
-45 -4 -1 13 4 -30 7 -41 16 -8 -25 14 22 -61 -7 -10 
-38 6 -17 -9 26 30 -20 11 -23 28 -16 -29 -9 -6 13 13 
-9 40 -15 10 22 -11 -14 -41 -6 16 -6 4 -48 14 36 -42 
-20 -30 -9 67 6 4 16 -24 -15 -15 -28 -45 -12 -28 -12 6 
7 43 -12 9 6 33 21 -7 40 1 -37 -10 -48 -26 -63 -26 
17 -17 11 22 -4 12 1 -25 -16 19 15 18 -75 9 15 -17 
-7 7 -29 22 -18 -11 -30 32 20 20 -6 -8 16 38 -28 -72 
15 -7 27 -19 -40 22 38 25 39 -3 7 -24 38 33 -13 -10 
-60 16 -15 -26 4 -17 13 -20 -22 28 -2 -25 -40 -8 6 -44 
-8 29 27 -24 -9 -10 -26 -8 -56 -43 1 12 -15 6 -23 -15 
38 -37 -11 -2 -28 -26 -5 20 13 -19 5 -1 -35 10 -48 50 
-42 -39 44 25 -42 -11 -19 7 -43 12 -46 16 -9 -72 -49 -45 
-17 -44 6 -31 10 -42 -13 -14 -32 -17 -17 -5 -11 12 -7 -5 
49 5 35 -10 7 0 -30 -17 -26 -3 -51 -9 -38 -24 13 12 
-22 13 -25 -13 14 34 -25 -35 28 -4 8 18 -14 7 -4 -75 
-23 -48 -10 -13 -15 15 -15 24 -9 -9 -31 3 -30 -43 -63 -9 
52 -37 -15 8 -42 20 8 2 19 4 -23 -65 24 -12 -5 -39 
-4 -10 13 -14 51 -13 12 -15 9 -4 -19 4 86 -9 53 -45 
14 -16 -42 29 22 42 6 -19 -3 46 13 -41 8 17 2 -9 
9 -29 40 1 24 28 -24 -20 -11 9 13 -20 -3 -5 3 -10 
-25 -23 -29 29 -13 10 1 0 -3 -79 12 -31 -44 -1 15 -30 
20 -40 -21 8 -26 -35 -20 -28 -1 4 -40 21 -32 -5 4 11 
-14 -5 -30 -8 2 -10 -19 -34 -1 38 -18 -56 -3 9 31 -10 
49 -7 -28 -5 2 -4 -35 -43 -5 -1 34 -9 4 8 -16 -75 
-2 9 -21 25 6 6 33 -33 -34 36 -33 -55 -19 -8 -15 -4 
8 14 -16 -44 -4 4 38 -12 -2 -21 11 4 -4 -5 -24 1 
3 12 0 0 18 -2 0 -17 -33 -4 -12 41 0 23 -11 -8 
-5 0 -21 0 0 0 3 -1 0 0 -7 13 -6 -11 -1 -2 
24 4 -29 3 6 -16 -6 -5 -1 0 16 -55 18 0 -15 0 
10 0 -12 25 0 0 0 22 17 -13 17 0 9 2 15 -6 
-36 0 12 57 -6 -4 -47 -4 6 0 8 1 9 11 46 -16 
4 -7 37 -1 7 -19 2 -49 -22 2 -8 0 10 -39 35 0 
-3 0 39 -2 0 -2 25 0 -5 5 5 -30 -26 -11 17 0 
0 9 -3 44 -25 -20 18 13 -2 0 -32 20 6 10 -11 -15 
0 -6 -2 -6 -1 -1 -47 -13 20 0 -24 -1 -9 -35 -30 11 
-16 -2 20 15 -8 4 -15 59 0 1 -22 -28 -28 -10 -44 -38 
8 -11 -17 13 -5 1 -19 -1 -5 -5 -1 -1 -19 -2 12 30 
5 -4 6 -24 1 43 -3 -55 -19 23 -29 -2 -31 -3 0 -31 
37 35 4 -7 58 -23 -2 -11 -16 0 -2 -11 -28 -2 -1 0 
-4 -34 22 -33 19 -34 0 -24 -1 0 -2 65 -23 0 -4 -38 
5 0 -25 2 1 -11 -18 -33 -31 0 12 -7 -51 -1 -10 -6 
7 29 -7 -12 -17 8 -20 32 -46 -15 -8 -23 3 7 0 -40 
-32 -11 0 6 -18 0 29 7 2 -2 0 -37 2 -2 6 32 
-4 3 -9 6 0 39 -8 -26 -39 0 -21 -19 4 0 24 -24 
8 1 -23 -19 10 -3 0 10 -1 -15 2 -1 -66 32 4 0 
-51 15 -4 -15 1 8 32 0 -2 -20 -1 -1 -7 -4 -29 -2 
-2 1 -3 -27 0 -24 -9 -5 53 15 32 -6 -6 13 -3 -55 
-5 -19 -46 2 0 -3 1 -54 4 -39 0 -6 -1 -5 0 12 
-24 -5 0 -3 39 9 -1 8 -56 17 34 -2 11 3 -15 0 
-6 1 -6 -2 0 10 -5 -2 3 -31 0 1 13 30 10 -1 
12 -31 -3 0 -7 -1 -11 -6 3 4 -15 0 0 -8 4 -15 
26 28 -3 0 10 3 3 14 13 2 0 1 0 23 -8 -29 
-5 0 -15 -6 0 2 -18 -31 0 48 -1 14 44 -10 -30 -2 
4 -17 1 0 16 -4 15 -8 27 -8 0 0 -11 -4 8 0 
0 1 0 -12 32 -8 12 0 -36 -14 -13 1 15 47 -5 -5 
-22 -6 -2 -15 -16 -7 -12 8 16 9 35 12 36 0 -4 -7 
-15 8 22 11 -24 -46 9 -31 15 0 7 -15 -32 -31 20 35 
-19 0 -44 -1 -1 8 0 0 -1 0 -7 -11 26 -10 2 -1 
1 4 -18 -14 -7 2 -28 -7 0 -4 -6 -44 1 -2 -11 0 
3 -3 -28 0 -22 -9 37 0 -12 0 -1 -9 1 -24 2 30 
-18 4 1 0 -2 -5 4 -35 -3 -6 46 7 -14 0 -2 -12 
-29 -16 -46 -27 -22 -31 -8 -6 1 -8 0 0 -1 -31 -3 5 
9 -86 7 0 6 -16 0 -91 -58 24 -75 -20 -3 82 -17 -30 
-3 0 -24 -4 0 -2 -28 -5 0 3 -17 -18 -6 -74 -5 7 
-13 -9 -125 24 8 25 -57 -5 -18 1 9 -39 -19 -2 -32 0 
-10 0 -18 -47 1 0 0 -21 50 -13 72 5 81 -9 4 -32 
-11 1 39 -16 -23 58 -10 65 -17 0 -16 -10 23 -84 -52 -47 
-20 -50 19 -68 36 -12 3 -40 -56 -8 -2 0 9 1 20 0 
2 -7 16 1 -3 4 -137 29 69 -13 -15 -24 -30 -7 -14 3 
-13 -38 -29 -32 -63 -37 50 6 -1 0 -32 -122 19 -6 1 -57 
3 0 7 -23 -6 3 49 19 -4 -3 31 14 45 28 6 -39 
16 -2 -35 -44 14 -11 26 47 -1 -1 26 68 -64 -35 -78 -146 
15 7 16 18 -8 79 13 -5 -30 10 -21 42 -1 -6 -33 -2 
79 13 -10 35 23 27 -16 -63 -60 -19 -38 -4 -34 12 0 -75 
-14 99 16 -50 -160 15 1 -20 18 1 -1 23 -14 -4 -18 -1 
-24 -5 -23 -55 -49 -6 0 36 0 3 -2 105 -80 -8 0 -24 
-5 0 21 -41 1 29 -57 -45 -35 -4 -2 62 -7 -5 -48 59 
15 -53 -10 66 11 17 -95 3 88 3 -87 -48 -2 -29 0 -17 
-12 -95 -3 -16 0 0 -3 -2 23 -11 4 -103 -19 -49 -15 72 
56 -4 -27 -5 6 -33 -45 20 -142 0 -43 29 -20 1 25 -97 
62 1 18 -96 -20 -8 -6 8 -24 15 -6 -4 65 -8 -24 0 
-108 -40 -6 -17 -3 -69 -10 0 2 -1 -15 -21 0 -5 38 -4 
3 -1 -9 -2 -1 -31 -56 -6 -50 4 16 -2 -8 13 -5 -5 
15 -49 16 -20 -2 -120 11 -16 -27 21 0 11 -5 -13 0 -44 
18 -3 12 -9 -7 19 -3 61 -41 0 -10 -52 9 9 -33 -4 
-5 -30 -11 -12 -3 -30 41 -8 4 -143 68 6 46 -33 -45 38 
-91 -93 -13 2 87 -4 -8 -6 4 5 10 -2 0 -17 -3 22 
33 -75 0 4 -5 -12 -94 8 33 -10 -2 -3 2 49 -23 -13 
-12 -1 -29 75 3 8 -5 -70 -34 39 -16 92 60 1 -29 17 
20 51 137 -2 -55 -51 46 -7 59 -98 -1 0 -52 -3 -47 0 
-23 -1 0 -5 -36 2 -2 0 17 -117 -75 -5 -34 -2 -40 -11 
-3 -10 -9 -50 -41 -39 16 6 37 9 13 105 -97 -3 -31 29 
-49 24 91 40 -38 -39 -17 5 16 0 -12 -36 -44 -77 42 -39 
-47 2 -33 -2 -11 -150 25 -23 -2 -3 -93 -13 43 -1 6 7 
3 4 23 59 -10 6 -24 -8 0 -27 -17 -30 -12 -11 -38 -70 
7 -107 -19 0 -82 -20 18 -8 2 0 -41 36 7 -27 -14 -75 
30 -9 4 0 -17 10 -6 -139 -24 7 79 -38 -14 -2 -17 19 
-3 -44 -14 -4 -25 41 -9 17 -55 82 5 0 1 -37 4 -6 
0 26 0 0 -23 -2 0 7 -23 -28 -20 32 0 -2 -15 4 
0 0 -7 0 0 0 0 2 0 1 16 7 -28 27 0 0 
8 1 19 29 -4 0 12 21 -4 0 -8 -17 -8 0 31 0 
5 0 -14 -31 0 0 0 -16 7 0 32 1 -32 -34 28 3 
8 0 -3 -23 -1 -8 31 9 -2 0 -13 1 7 -18 30 -1 
-1 1 46 15 14 -7 1 9 -18 1 3 0 -15 9 8 0 
0 -1 -3 1 0 0 -13 0 15 27 -2 -28 4 -7 -29 0 
-1 -33 2 10 -1 27 18 7 -1 0 -14 23 4 0 3 2 
0 -1 -1 0 -1 0 22 23 -10 2 3 0 12 15 30 -1 
19 2 11 -7 -5 -2 16 -18 0 0 -18 -4 4 -7 6 37 
0 7 4 4 1 19 3 0 -1 10 17 13 -22 1 -2 -38 
6 34 -2 -12 2 8 -4 -22 47 39 -4 1 35 17 0 -13 
-20 -37 22 12 11 -25 -1 -9 37 0 0 7 15 2 3 0 
0 14 -12 -3 6 14 0 -6 -1 0 0 -28 10 0 2 12 
0 0 11 7 0 38 10 6 -31 0 6 -9 14 1 11 6 
6 15 37 4 -5 2 2 0 -42 21 -16 23 4 -11 0 36 
14 14 0 0 -6 0 26 -1 2 7 0 31 1 2 -4 -22 
12 -3 5 5 0 13 -26 17 -6 0 8 11 -4 0 -3 -8 
23 0 13 21 25 0 4 -20 -4 -22 0 -1 11 33 -7 0 
30 -5 2 -40 0 -9 26 0 -1 22 13 19 2 1 10 0 
0 -1 0 3 0 30 -17 -3 50 7 -23 6 2 -18 -5 -1 
-4 13 6 8 1 -8 0 7 -7 17 0 25 0 6 0 8 
3 1 -3 0 0 -5 -3 -24 -6 -5 22 2 4 -2 0 -22 
0 0 -1 -1 1 35 4 1 0 -7 -11 0 -19 -15 20 6 
-11 -12 1 0 55 0 24 5 2 -1 3 0 0 29 -6 5 
8 -28 -2 0 3 3 -20 8 18 -1 0 -1 1 2 19 -9 
3 0 4 8 0 3 19 2 7 -4 2 -29 -25 -4 -22 5 
3 -26 13 0 2 -6 20 6 -3 1 0 0 16 2 4 0 
-1 -1 0 10 3 -3 -7 0 49 33 8 1 7 -30 -18 1 
13 11 -3 23 5 -2 14 -6 29 -2 10 -15 -26 0 -5 -1 
-25 15 31 10 -5 27 2 5 16 0 -1 6 39 13 25 -2 
-34 -2 8 1 -3 3 24 1 0 -1 -14 -3 -31 -5 -2 8 
-2 3 20 -42 4 1 -6 26 0 7 4 33 1 -1 -11 -8 
-1 2 29 0 25 -1 17 -4 4 0 38 -17 -2 19 -2 -18 
24 0 0 0 -3 1 -2 -12 14 1 7 -7 -4 0 6 -26 
18 2 26 25 18 13 1 -6 0 -16 0 0 2 -28 -1 12 
-3 -8 0 0 17 1 0 29 1 3 -41 -1 0 -3 -3 -2 
0 0 10 1 0 0 7 0 0 1 -2 4 10 -3 1 0 
-19 -1 -11 21 -2 18 -16 -12 -10 0 -7 -1 0 -1 6 0 
-4 0 -21 -12 0 0 0 17 8 3 -11 -1 -15 -6 -28 3 
10 0 3 -24 1 10 51 -12 -1 0 -5 -1 5 -3 -19 3 
2 23 25 14 5 -4 -2 3 30 0 5 0 -3 29 -6 0 
1 0 14 0 0 2 -4 2 -4 16 -1 0 -4 -2 -12 0 
7 -5 -5 -22 1 -3 -21 0 2 0 16 -33 5 5 -7 -1 
0 9 2 0 3 0 6 15 -1 4 5 1 22 16 24 7 
25 1 16 -19 1 -2 20 0 0 0 8 -18 0 -3 36 23 
-9 9 6 12 6 15 11 0 1 1 19 6 19 2 4 -19 
-5 34 -1 13 0 -6 -12 11 -18 15 13 0 27 6 0 21 
-24 12 11 14 -7 -13 -2 20 34 0 -1 9 29 0 4 0 
-2 39 22 29 -21 15 0 6 1 0 1 3 21 0 20 17 
-3 0 16 10 0 16 -6 21 36 0 -6 -14 -4 0 -3 -14 
-2 -15 30 -16 -7 -13 -1 -3 9 20 -11 5 2 -24 0 17 
23 18 0 5 -10 0 11 1 0 17 0 9 0 -5 8 -28 
-7 -1 17 10 1 -2 -10 26 25 -1 9 13 7 0 -9 13 
8 0 14 -39 3 1 -3 -12 1 -5 -1 0 15 -2 -2 0 
8 1 -2 -18 8 -4 24 0 0 22 10 -12 3 0 16 0 
4 0 2 26 0 14 -17 2 2 10 11 2 -3 -12 31 22 
2 7 -4 9 0 -6 1 20 -2 40 0 32 0 4 0 11 
7 2 -4 -1 6 -2 0 -12 -7 -7 -3 -1 7 -4 -7 3 
2 -15 -2 2 -2 11 -2 1 -1 21 -4 0 -14 20 5 6 
-9 -7 -1 0 23 -1 31 3 1 0 7 0 0 -9 3 16 
-7 -1 0 0 10 0 -25 5 -11 0 0 0 1 3 16 2 
3 0 17 12 0 -1 18 14 4 3 1 -22 -22 -1 -9 4 
1 5 -23 0 10 -2 16 2 -23 1 0 0 4 -2 -11 0 
-1 0 0 6 -3 -1 -1 0 30 13 27 0 -31 -20 -18 -1 
30 -2 -5 6 -4 1 9 -7 14 -4 3 38 7 0 -6 -1 
-18 2 -17 -14 12 24 -3 24 18 0 1 0 24 18 3 -23 
-33 0 19 0 2 -27 25 -1 0 0 -7 19 -14 0 -1 0 
-1 -1 17 -2 4 0 14 20 0 4 7 27 1 1 -7 -11 
-2 21 27 0 28 -2 26 -2 3 0 3 5 0 35 -1 -27 
20 0 -1 0 0 1 0 7 12 1 -54 -10 -15 0 2 -1 
18 -3 17 19 36 33 2 -6 32 31 0 0 1 11 1 4 
-6 14 0 0 55 2 0 14 39 13 -35 51 0 -16 6 -11 
-8 0 8 0 0 0 -8 3 0 0 -1 -3 -30 -33 -1 0 
25 3 15 -23 1 -41 13 -18 7 0 4 -17 -1 1 36 0 
-6 0 5 -21 -1 0 0 35 -23 6 -19 1 -39 -25 -25 2 
-31 0 22 3 -4 29 -18 11 2 0 -11 1 -3 41 63 -1 
5 22 51 46 -4 -12 1 -14 0 1 8 0 9 -6 -9 0 
0 1 63 -1 0 -1 -2 11 -1 7 3 -1 -40 -19 21 0 
15 -7 -4 8 -3 -5 23 8 -2 0 -12 -5 17 -1 -2 14 
0 -9 -4 -4 0 -1 -26 9 -1 2 -10 5 9 -9 -28 14 
-15 1 -4 -6 -1 2 -30 34 1 1 2 1 4 -6 -19 1 
-4 -6 2 39 -3 -25 -21 0 2 -1 -10 7 -3 -2 2 22 
-14 -39 3 7 -3 13 -21 -20 -39 -27 39 0 -36 -14 0 -15 
39 -3 4 -3 -15 -7 -1 -10 -32 0 0 2 -16 0 0 0 
-2 -10 -13 -38 -48 8 0 -34 -3 2 0 3 -5 0 4 -18 
-2 0 -8 1 0 -21 10 -79 3 0 14 -9 -12 -1 -17 3 
2 21 -39 -8 25 9 -11 34 -16 -9 9 -5 3 -2 0 -26 
-13 5 -1 4 12 0 31 3 2 0 0 -37 -5 -17 -56 -37 
32 0 -21 46 -1 18 -9 -32 42 1 46 0 -1 0 14 24 
-14 0 5 2 -32 -2 -5 -4 3 -55 1 0 -85 9 1 1 
-51 14 -1 -3 -23 23 -9 0 2 -30 -12 9 3 -1 -44 -1 
2 0 -2 -28 0 6 -3 0 61 31 -2 -11 -3 2 -28 -12 
0 0 -3 8 -1 21 -1 23 10 11 0 -26 -1 6 0 -62 
-8 -7 4 -5 3 -9 2 -7 -25 14 2 6 28 0 -5 -11 
-4 20 -4 0 -1 41 0 -2 1 -4 -3 0 -43 51 11 4 
56 28 1 0 -12 -1 -19 -6 3 3 -4 0 0 -15 16 -29 
14 26 1 2 20 -2 50 14 -51 1 0 2 -3 60 3 22 
-3 0 5 -3 0 -2 24 3 31 -14 -4 -24 -29 -4 -10 22 
-6 -33 -7 1 43 -13 28 -4 13 -8 0 0 -41 -9 2 0 
0 -1 0 1 8 -10 8 0 -11 -10 1 -1 27 15 -18 2 
-16 -9 2 24 -15 1 -12 -5 18 23 71 68 23 0 30 -39 
7 -6 -2 29 -11 1 3 20 42 0 3 27 8 14 -33 7 
-4 -1 -27 0 -3 11 8 -8 0 -2 -32 -7 -27 -3 -3 -2 
-10 4 2 -27 6 0 -36 -17 0 -9 -11 9 2 2 -42 12 
3 45 -42 0 -24 -5 15 1 6 0 -3 -12 -1 -1 -1 17 
-29 0 1 0 -2 -1 2 -59 23 0 6 6 8 0 -2 -67 
-15 -2 -36 5 -12 -17 -4 5 -24 -16 1 0 -2 2 -6 5 
-5 12 -2 0 68 7 0 -15 2 -8 -49 1 0 -24 10 -12 
-4 0 -9 0 0 0 -3 -1 0 -1 -8 0 -18 48 3 0 
17 2 5 5 16 36 13 -24 -54 0 1 -27 41 -1 31 0 
-7 0 50 18 -1 0 0 -8 56 -1 -44 3 -16 41 9 3 
-27 0 -17 45 6 1 -20 -10 4 0 -8 -1 -24 33 24 -9 
-6 27 1 -9 15 6 -5 -29 -12 1 23 0 5 -16 32 0 
1 -2 -9 -1 0 1 -27 -1 -14 1 3 -5 -7 -2 24 0 
5 -33 -5 -28 12 -16 8 4 2 0 6 -20 -20 -4 -25 -16 
0 15 3 1 1 -1 -9 -13 9 12 5 8 -50 -29 -15 -11 
-14 -1 7 14 -7 -2 2 -1 0 0 6 -45 31 -1 5 -4 
2 -15 -21 8 5 -16 -15 0 4 2 -4 -35 25 -3 5 22 
19 -33 5 -5 2 9 -4 27 19 -42 44 1 -14 -13 0 13 
82 -16 -12 -4 -9 -75 4 -49 -36 -1 -2 0 -24 -2 -2 0 
2 -12 6 -45 2 -13 0 -44 -2 1 1 13 4 -1 -4 20 
2 0 -28 -5 -1 -19 22 -21 -1 0 1 -6 12 -3 10 4 
-8 -5 -21 19 1 -15 10 25 -2 -33 3 -29 -3 -2 0 -47 
-21 17 -1 -9 31 0 -27 2 -1 -12 0 22 -5 -18 -34 27 
-23 3 -28 53 0 -1 0 -15 -3 1 -7 -6 -3 0 5 21 
-11 -1 -9 -1 -62 -1 -3 13 1 0 -2 3 -13 15 -21 0 
-21 -1 8 6 -8 -6 -12 0 2 -29 6 23 -5 0 -14 1 
-9 2 -1 -38 -1 -24 -79 9 -17 -27 0 -8 -3 10 -10 -16 
10 9 -8 31 -1 50 -1 -11 5 -20 0 -7 0 -6 0 29 
-27 -6 2 -2 6 -36 4 30 -8 48 -20 5 5 -4 22 -35 
0 8 0 3 -1 1 -24 -3 -3 -9 56 0 13 29 -24 5 
40 39 2 0 -31 -3 -31 -2 2 7 -4 0 0 -11 8 -47 
51 12 8 -3 6 2 33 26 -16 3 0 1 0 12 -14 17 
-3 0 -21 -16 0 -2 8 9 30 -38 1 -4 15 -17 -23 10 
5 -59 -12 1 34 1 39 -5 1 20 0 0 -9 6 -11 0 
-3 0 0 -26 7 -13 -24 0 -18 -44 -13 -1 8 31 21 -1 
-8 9 19 -2 -7 8 -10 13 -19 1 11 59 35 0 -2 -32 
-22 -36 -23 -11 -10 -52 -1 -9 -13 0 -4 -21 -46 10 -16 28 
48 1 -10 -1 5 -9 -23 -1 -2 -2 -20 29 9 4 -1 -10 
8 -3 -44 -15 -11 1 -75 0 0 3 -10 -38 -2 -2 7 15 
-6 34 -26 0 -6 -4 5 8 -19 0 -25 9 5 12 2 -2 
-35 6 2 0 -4 -1 3 -27 -25 -4 -18 -6 18 0 25 -32 
-10 10 -39 -19 -21 -44 -3 2 -27 25 3 0 -2 59 1 -21
-4 1 1 -1 2 1 -1 -1 -2 -2 3 -1 -5 1 9 6 
3 -3 2 1 9 -7 -5 5 -2 -10 -7 -6 6 2 5 -4 
-8 4 -4 2 -1 -3 1 3 7 10 0 1 4 4 5 -3 
7 2 5 8 3 -8 2 6 5 -3 0 -6 -1 -8 -1 -6 
-6 -7 10 -1 -2 7 4 -4 2 -5 -3 5 -10 3 2 4 
-5 -2 2 -1 -7 0 1 -5 -2 -4 -5 0 4 -4 -9 5 
4 -2 1 -4 7 2 2 -1 0 -6 -1 -6 -3 -2 2 6 
4 1 -2 3 5 -2 -1 1 -5 -5 -1 1 7 -2 3 0 
-6 -2 -6 5 -4 4 7 5 2 6 -2 1 1 4 2 -5 
-1 3 3 2 -2 -4 5 6 3 -7 -1 -4 -5 -4 2 -1 
-4 -3 3 -2 1 9 0 -5 -6 -4 4 -3 -8 3 1 1 
0 0 5 -5 0 -1 3 -5 -3 -4 1 5 -3 -2 -5 7 
-5 -10 -6 -11 6 -15 10 6 -2 2 -8 -8 7 -7 2 9 
-3 -6 -5 -2 3 2 -14 1 -4 2 -2 6 5 8 10 8 
0 19 -3 -1 -1 13 10 -4 1 -4 -15 -8 7 -11 2 -11 
-10 0 3 2 -6 -5 4 1 -4 3 -5 -7 2 -8 8 8 
4 -6 -1 -3 12 6 -2 3 -11 3 -3 8 3 10 7 9 
9 -11 6 3 -2 1 7 6 -2 -9 6 15 -6 -11 -8 -2 
-4 0 4 1 4 -4 5 2 -4 -4 -1 -3 -1 -3 3 3 
-3 -2 -4 0 3 3 -6 5 -3 -3 -5 0 1 -2 1 -2 
-7 2 -3 1 -1 3 5 7 4 6 0 3 -2 2 5 -9 
1 1 4 8 -3 -6 -1 5 5 -3 1 -4 -1 -2 0 -4 
-1 -6 4 -3 4 3 -1 -1 0 -6 1 2 -6 2 6 1 
-7 2 3 0 -1 2 2 -1 1 -7 -1 7 -5 2 -2 7 
8 8 5 -2 5 2 5 4 -9 -5 6 -5 2 0 8 11 
2 -1 -3 -5 2 4 -2 -3 -1 0 -2 -1 4 -5 9 -7 
0 -2 -5 4 -4 12 12 5 8 -1 -3 0 5 1 5 -7 
4 1 2 3 3 -6 -2 7 6 0 -7 -7 3 -5 -4 -4 
-10 4 -1 -4 3 4 -3 7 -9 0 9 6 -6 7 -2 -2 
7 2 12 -1 2 9 10 -7 11 -1 7 9 -2 -6 -7 1 
-3 -15 -10 8 10 -2 -1 3 -8 6 1 -1 9 2 6 7 
3 -15 3 10 7 3 -3 15 -7 2 -6 0 11 13 -1 -4 
11 -5 -12 2 -19 17 1 21 9 -8 -29 -17 -2 15 10 -20 
-8 4 2 -7 -9 -1 -2 -4 -1 1 4 2 -21 -10 -6 10 
1 1 3 1 13 1 -7 -2 -1 -6 -1 13 4 11 5 2 
-14 -3 4 -8 6 6 -9 3 6 -11 -7 9 -6 -2 8 14 
3 -3 8 -2 2 0 10 9 -1 -11 -4 -3 3 -3 4 -1 
10 -7 -4 -6 12 2 -8 -1 -5 -1 -5 5 -1 -2 1 8 
3 14 -1 7 0 -3 1 -4 1 3 -5 -5 -1 -9 6 -13 
-8 9 1 6 -14 -12 1 -1 5 1 0 -7 4 -10 10 -5 
-4 -7 5 -6 4 5 -4 4 -2 -2 7 9 -7 -2 10 6 
-1 -10 3 4 -1 5 6 2 -1 -5 -2 12 -13 1 -8 2 
-15 -4 -14 7 6 -8 3 -1 9 1 -1 3 2 -3 -2 -5 
-8 -6 -18 0 -3 -1 -15 4 -8 -3 -6 6 -7 -3 5 6 
6 5 -7 7 10 10 9 1 8 12 -9 -1 7 0 0 -5 
3 -7 1 -6 -11 -2 8 -4 12 -13 -6 -1 -9 -11 3 -4 
2 -3 5 -1 13 12 2 -3 5 3 2 -4 -8 15 13 -2 
-8 4 -6 8 9 -7 2 -2 -4 -11 5 16 -14 -12 -15 3 
-3 7 -4 2 2 6 -3 -1 -7 2 12 -13 2 2 5 2 
-4 2 3 4 8 -5 3 -2 -4 5 -4 -5 10 4 -7 -15 
-2 -9 -3 7 4 -3 1 10 3 6 0 4 -8 15 11 -9 
9 3 -3 9 9 -9 6 7 6 -7 5 -1 -8 -1 -1 -5 
-15 -1 15 -6 -5 11 -3 -4 4 -14 -2 1 -9 4 8 5 
-10 -2 11 2 -3 1 -3 3 11 -4 -8 -3 10 6 -10 9 
3 -3 -8 -13 9 -1 11 12 0 6 -10 1 3 3 -4 -4 
7 -16 -4 5 11 8 -9 5 -5 0 -3 -7 0 12 4 2 
10 7 -11 9 -4 13 4 18 16 -11 -17 -8 6 -8 7 -17 
-1 -13 7 -11 -9 -3 5 -2 -1 0 5 -10 -5 3 2 -4 
0 -3 -9 -5 7 4 -11 7 -5 -9 3 8 -5 14 10 -9 
-8 -4 4 -7 5 2 3 -2 14 -21 7 1 -6 -9 0 5 
-1 4 2 3 3 0 6 6 -6 -5 -2 0 -1 -1 6 4 
-4 -4 -5 0 7 0 -4 3 -2 -7 -8 0 6 -2 3 -5 
-8 2 -3 5 3 -2 7 7 9 6 2 -1 -4 3 6 -5 
-1 6 0 7 -7 -3 5 0 2 -1 1 -7 -5 -2 -4 -2 
-2 -3 8 -1 3 6 0 -3 -1 -2 3 4 -5 8 4 0 
-5 -6 2 3 1 3 3 -1 -1 -4 0 5 -2 2 -3 8 
1 -2 8 -4 8 1 0 -3 0 -7 -1 -2 0 1 9 5 
-3 -2 -1 5 9 -1 -2 0 1 -4 -4 5 2 -7 5 1 
-6 8 -2 8 -1 -1 10 7 2 13 5 0 -2 3 2 -10 
-1 1 7 8 -6 -8 7 0 9 -11 -2 -7 -6 -8 3 -3 
-2 1 1 -6 5 4 -4 2 -6 0 -2 1 -12 8 10 8 
3 3 4 2 -2 1 1 1 -3 -3 0 5 2 1 -9 2 
4 7 -2 -4 2 -9 10 6 -5 -7 10 -1 -1 3 4 5 
1 -4 0 -3 6 5 -7 -1 2 0 -11 5 6 -1 8 -4 
2 5 1 2 -1 13 9 1 9 5 -5 -7 2 -4 6 -5 
5 -4 6 5 1 -4 2 7 -2 -6 -5 -8 0 2 -6 -2 
-6 1 7 -4 -2 6 -3 1 -7 -4 -1 10 -3 7 0 -1 
6 -5 1 -4 -3 8 3 1 1 -5 -2 4 -1 -1 -2 10 
-12 30 19 6 -10 -21 10 0 -19 -2 8 15 -11 -16 8 -26 
0 -17 -6 -21 0 16 14 1 11 -11 10 0 18 -10 -4 -19 
-8 -9 13 -19 5 -7 -3 15 13 -3 17 -7 3 -36 -2 3 
-7 -4 -32 6 -1 5 -12 26 18 -7 -1 -14 15 -2 6 11 
10 -10 -11 -15 -8 -2 -1 5 0 17 1 33 -12 -10 8 -4 
0 19 4 -11 15 4 10 -12 -21 4 23 2 0 10 -7 3 
-2 -2 3 2 8 -1 2 3 0 0 4 -6 4 -1 3 -1 
-1 -2 -5 -2 4 1 -4 2 -2 -5 -4 3 4 -4 -1 3 
-6 5 -4 4 1 3 3 7 4 8 1 3 -1 -1 7 -7 
0 -3 0 2 -3 -7 -2 6 5 -4 5 -5 -2 -3 4 -4 
-1 -5 7 -3 1 6 -2 -2 -4 -5 3 6 -6 3 6 3 
-8 1 1 4 -2 0 3 2 2 -5 0 0 -5 -3 -3 5 
-3 0 0 4 5 2 0 6 -3 -1 3 0 2 0 3 4 
0 -3 -3 0 4 -1 -4 3 -4 -9 -1 -1 7 1 0 2 
-2 2 -7 5 2 -3 6 5 6 5 0 4 -1 0 6 -5 
0 -3 2 5 -5 -5 4 6 5 -7 2 -6 -3 -4 2 -4 
-3 -3 5 -1 1 7 2 -4 0 -4 3 6 -5 5 5 1 
-2 -3 3 1 -2 3 3 1 0 -6 2 5 -5 1 -6 6 
-2 2 0 2 2 -1 1 1 -2 -2 0 -3 1 -2 2 2 
-1 0 -3 1 3 1 -2 3 -3 -2 -4 0 2 0 1 0 
-3 2 -4 1 3 -1 3 4 4 5 -3 2 -1 -3 3 -3 
1 2 3 3 -5 -5 0 3 3 -6 1 -6 -4 -3 1 -3 
-1 -4 2 -3 2 3 3 0 -2 -3 1 2 -5 2 3 0 
-3 -1 1 1 1 1 2 -1 -2 -2 0 3 -5 0 -5 6 
1 4 0 1 1 -1 0 3 2 -3 1 -4 0 -4 3 3 
2 -3 -3 -4 5 -3 -2 -2 0 -6 -6 -1 5 -2 -3 1 
-1 4 -5 2 -2 -1 2 6 5 5 2 0 -3 -3 6 -3 
2 -2 1 3 -5 -6 -2 5 5 -5 0 -4 -6 -6 5 -1 
-5 -2 5 -3 5 9 0 -3 -1 -4 3 5 -7 5 7 2 
-4 2 1 -1 2 3 1 3 -2 -3 2 3 -2 0 -6 6 
4 5 3 -1 7 -1 1 -4 -3 -5 2 -6 0 -4 3 8 
3 0 -5 8 0 5 1 -1 5 -5 -9 1 5 -4 1 -9 
-9 3 -5 0 0 7 14 5 1 11 -2 3 -5 -2 0 -1 
-4 0 2 6 1 -2 0 8 11 -10 -4 -7 -3 -3 -6 2 
-4 1 5 0 1 2 -6 3 -2 1 -3 7 -2 10 4 1 
-2 6 1 3 2 2 5 4 1 -4 9 10 -4 -2 -10 1 
-10 -4 0 11 -5 -3 -2 8 5 -3 -5 -3 3 -11 5 -3 
-3 -9 -7 5 8 -10 -8 1 -8 -14 -5 1 11 7 0 3 
0 13 -7 8 7 -8 4 1 0 5 6 6 6 5 1 -2 
-1 1 -10 11 -2 -12 -4 0 3 -7 4 -11 -7 -14 16 -1 
5 -9 10 -2 4 4 2 -6 1 -6 1 2 -11 4 18 9 
-11 0 6 4 1 3 8 6 -15 -7 -2 2 4 1 -9 13 
6 7 7 4 1 8 3 3 -5 0 4 -4 5 -3 8 -1 
5 -7 -3 3 6 -5 -4 -3 -3 -4 2 -9 14 8 -3 -9 
-3 5 -8 3 1 -2 1 14 6 9 -4 3 -4 -3 11 -11 
6 -2 1 6 1 -10 -3 8 -2 0 7 -7 -2 1 10 -7 
-7 -2 10 -1 -6 3 -1 1 -3 -4 4 4 -4 -2 10 6 
-10 -2 2 -7 -1 -2 4 -3 -4 -10 3 -5 -3 5 -11 11 
5 -1 11 -14 12 -1 4 11 0 -19 1 -3 4 0 2 16 
12 4 -3 -1 15 15 -8 2 1 0 -1 -3 6 0 1 7 
5 1 3 5 2 2 3 -1 2 -4 -3 -5 0 1 11 -6 
-14 9 8 2 -14 -13 -6 9 3 3 -8 -2 -3 -17 -3 -1 
-4 -9 3 -2 -2 0 -1 7 -10 -4 11 2 -10 2 -6 6 
7 0 6 -2 3 8 9 7 11 -5 12 15 -10 5 -9 -2 
4 -19 -7 -35 -22 11 -9 29 9 -1 12 -1 -5 -13 6 7 
28 1 10 13 15 5 0 -16 -7 10 14 2 -21 4 -20 27 
22 3 11 3 6 -30 -11 1 3 -4 21 14 -3 -15 21 -24 
-34 24 4 10 -39 -3 -30 -16 -13 6 1 -25 9 -22 22 -28 
-16 -14 41 6 -26 12 -2 7 -13 -20 14 -11 -18 -16 16 -5 
23 -21 26 4 -16 7 8 -1 -17 18 1 1 -2 5 23 -9 
-4 -3 2 2 5 -2 5 2 0 -4 1 -2 -2 -2 4 0 
-2 -2 -4 1 4 -1 -1 5 -5 -6 -4 3 8 -3 2 2 
-2 2 -4 0 0 -2 2 10 3 7 1 0 -2 -2 10 -5 
2 0 0 7 -5 -6 1 5 3 -6 4 -6 -4 -7 6 -2 
-3 0 8 -4 6 6 -2 -3 -3 -3 -2 5 -8 2 7 2 
-5 -2 2 -1 -3 2 2 1 1 -6 3 0 -1 -2 -7 6 
-3 3 3 1 4 1 0 0 -1 -5 0 -5 3 -2 3 1 
-2 -1 -4 -2 4 2 -5 3 -2 -6 -2 1 3 -1 -2 3 
-4 4 -2 -2 4 1 4 5 2 5 -4 2 0 -3 3 -3 
1 3 -1 5 -2 -4 4 3 2 -5 3 -6 -5 -4 2 -2 
-2 -4 6 -5 2 3 0 -1 -1 -3 2 2 -5 3 3 1 
-6 -1 0 -2 2 0 4 -3 -1 -4 0 4 -1 0 -4 4 
-2 1 1 1 1 -2 9 7 -4 -3 5 3 -3 2 3 1 
0 -7 -7 -4 8 11 -5 -7 1 1 -6 3 -3 -7 8 8 
-1 3 -5 2 4 14 8 6 1 7 -4 -5 2 -13 -4 -5 
0 -2 -1 -1 -11 -7 6 -2 8 -8 -3 1 -3 -8 -3 1 
-11 -4 -2 -3 11 -2 2 3 -1 -6 6 1 -1 10 6 -5 
1 7 7 3 0 4 3 -5 1 -5 5 17 -7 -4 -15 5 
10 3 6 -6 14 3 9 3 -2 -6 -7 5 5 2 -1 3 
11 -3 -3 -1 7 11 0 -6 6 -1 5 -6 6 -1 1 5 
2 0 -9 9 -7 15 11 6 1 -5 3 -3 10 -9 -4 -2 
-11 -1 0 7 -7 -6 0 9 10 4 -4 1 2 -8 4 -4 
-12 0 -1 -13 6 1 -5 6 -10 5 11 8 1 14 0 2 
4 7 9 3 3 11 14 -9 11 -3 13 14 3 -9 -11 3 
14 4 -1 5 10 1 11 -1 -13 -15 9 9 -5 11 2 -3 
12 -2 7 3 16 13 -9 5 18 -17 -12 -5 11 20 10 -19 
-14 4 3 0 -9 -5 -8 4 16 2 6 3 8 9 10 -7 
14 -7 6 1 6 -15 -2 12 3 5 -14 -24 1 9 -10 -5 
-10 -7 6 4 -6 -3 1 -3 3 -8 -9 8 -11 -4 -5 -4 
-2 -26 -1 -27 8 -5 1 -29 8 6 -19 2 -5 -10 0 8 
0 13 3 6 4 -7 5 1 -11 -5 8 -5 -5 -3 5 4 
-2 -5 0 -7 3 0 -4 4 3 -7 -12 7 4 2 3 -7 
-7 -1 -1 0 3 -5 4 0 10 6 4 3 -3 -3 4 -2 
10 2 -5 13 3 -5 6 6 6 -1 -4 -3 -3 -1 -6 -1 
-7 -8 2 -1 5 5 -2 -1 7 -7 2 13 -10 7 0 -1 
3 -4 1 -5 -4 -3 4 -4 -9 0 0 7 -3 0 -5 4 
-2 1 -1 3 1 0 4 4 -1 -6 0 -1 2 -3 1 1 
5 -3 -4 -1 7 -2 -5 3 -2 0 -2 -1 4 -2 -1 1 
0 8 -6 7 0 1 5 7 4 9 2 0 1 -2 3 -7 
1 -3 -3 6 -4 -9 2 1 6 -4 -1 -6 -4 -7 6 -1 
-4 -4 6 -2 3 5 3 -1 1 -3 1 6 -3 4 7 2 
-7 4 1 -3 3 -2 5 1 -3 -5 4 3 -8 -1 -6 1 
1 9 3 -2 3 1 2 4 -1 -5 8 3 -1 -2 0 0 
6 0 -2 -2 4 3 -3 -5 1 1 -8 -3 9 -6 1 -8 
-4 -1 -5 5 -5 4 6 4 3 4 -1 1 0 -4 3 -3 
-1 2 -1 8 -5 -7 -1 4 3 -4 -2 -4 -6 -2 2 -4 
-11 1 2 0 5 6 0 -1 -2 -6 2 10 -5 10 2 -4 
-1 5 6 0 0 0 8 1 3 -2 7 4 -1 -5 -11 6 
-9 9 -3 -2 -1 -5 11 1 -2 -2 7 -2 -2 -2 0 1 
-7 -3 -12 -2 8 1 -5 -3 7 -12 -15 4 -3 -7 8 -7 
-8 5 0 1 2 11 5 3 5 12 -4 5 4 -8 0 6 
-1 3 1 9 -6 -5 11 -2 11 -12 -7 0 1 0 -7 3 
-5 2 -3 4 6 2 4 -1 -4 1 -5 11 -8 12 4 6 
-1 6 1 0 4 2 6 4 -1 -5 2 11 -7 -6 -10 -3 
-1 4 1 -1 0 2 5 2 -3 -4 2 -3 -1 -6 -1 2 
-2 -6 -3 0 4 -3 -3 2 0 -9 -4 3 9 -4 -2 -2 
-5 8 -7 7 5 -5 4 5 1 4 -3 3 -5 -1 4 -5 
4 5 -2 5 -7 -4 1 2 5 -3 5 -5 -6 -6 9 1 
-2 -2 7 -4 2 5 -1 -5 -2 -6 0 3 -9 6 10 -3 
-4 -1 4 -3 1 2 2 0 -2 -10 4 -1 -2 -2 -6 9 
-3 0 3 1 4 -2 2 2 -1 -4 1 -2 -1 -1 0 1 
1 -1 -4 -1 4 1 -3 1 -2 -4 -4 0 2 -1 1 2 
-3 4 -3 0 2 -2 5 6 4 5 -4 3 0 0 5 -4 
1 2 1 3 -3 -5 2 3 3 -5 2 -4 -2 -4 4 -3 
-2 -2 5 -2 4 5 1 -1 -2 -3 1 3 -6 -1 4 0 
-3 0 0 2 0 -2 1 -1 0 -3 2 3 -1 -3 -4 4 
-5 1 4 3 -1 0 2 4 -4 -6 0 0 1 -4 0 -1 
-2 -5 -4 3 2 1 -4 6 -1 -2 -4 1 10 0 1 3 
-4 7 -7 7 0 -4 2 5 2 5 2 2 0 -1 10 -7 
-1 -2 0 3 -2 -9 -3 5 3 -5 5 -8 -4 -9 9 -4 
-3 -6 7 -4 1 5 1 -8 2 -11 -3 2 -10 5 12 1 
-4 1 4 2 -2 -1 1 3 0 -6 2 1 2 -2 -5 10 
-3 1 0 -2 5 0 1 1 -4 -3 1 -4 1 1 2 2 
2 -2 -4 -1 3 -2 -1 4 -4 -3 -3 1 3 1 0 2 
-3 2 -5 -1 2 -1 3 7 3 6 1 1 0 0 6 -2 
-1 -1 2 4 -5 -5 1 4 6 -7 2 -3 -4 -3 1 -3 
-3 -6 3 -3 1 4 2 -4 -1 -4 -1 5 -6 4 3 1 
-4 2 2 -1 -1 0 1 1 -1 -3 -2 2 -4 -1 -6 3 
 
