112 -649 -124 -655 -89 -17 876 604 -65 590 -393 -390 530 580 440 293 
1 36 27 9 -4 -50 -51 43 87 -87 -48 89 89 98 -68 8 
50 -14 -15 -29 61 2 113 -66 63 68 -8 83 40 21 -104 -18 
-90 137 -23 -21 -31 64 -73 81 96 -40 39 -163 54 46 24 8 
-89 2 -95 70 152 64 -68 -78 -99 54 62 -5 71 17 35 144 
33 -100 -30 -63 65 -112 -10 44 0 0 0 0 0 0 0 0 
0 0 0 0 0 0 0 0 0 0 0 0 0 0 0 0 
0 0 0 0 0 0 0 0 0 0 0 0 0 0 0 0 
0 0 0 0 0 0 0 0 0 0 0 0 0 0 0 0 
0 0 0 0 0 0 0 0 0 0 0 0 0 0 0 0 
0 0 0 0 0 0 0 0 0 0 0 0 0 0 0 0 
-58 9 98 137 -114 -79 -39 -33 -140 -97 -118 -6 -71 19 44 -99 
-44 64 51 30 -32 -114 108 111 -80 40 -37 -140 45 71 23 59 
86 132 -66 175 56 -10 32 -156 98 -40 -90 61 65 2 57 9 
116 -69 -49 93 -33 28 -13 89 22 19 -81 -83 -32 -26 156 24 
87 -75 69 154 114 -82 -61 -3 6 -50 -41 -4 112 -25 -11 93 
112 -22 -81 68 -43 7 -9 -18 0 0 0 0 0 0 0 0 
0 0 0 0 0 0 0 0 0 0 0 0 0 0 0 0 
0 0 0 0 0 0 0 0 0 0 0 0 0 0 0 0 
0 0 0 0 0 0 0 0 0 0 0 0 0 0 0 0 
0 0 0 0 0 0 0 0 0 0 0 0 0 0 0 0 
0 0 0 0 0 0 0 0 0 0 0 0 0 0 0 0 
0 0 0 0 0 0 0 0 0 0 0 0 0 0 0 0 
-5 -152 -7 77 180 -122 -27 -238 -76 90 137 -137 139 98 84 -125 
-54 -68 115 123 -222 49 20 32 156 192 35 -74 -29 92 -127 -191 
34 -251 42 -56 -128 130 -265 -9 -170 -113 77 -18 157 -272 -56 187 
230 4 114 142 125 -323 221 9 -37 -250 -29 -62 -22 131 52 56 
106 212 23 -177 -39 101 -51 236 -64 -66 38 164 -21 29 -25 143 
-67 -108 -198 197 -200 -93 -69 187 -34 -215 -50 150 -254 -66 82 -57 
-135 233 -144 266 185 -78 -113 41 87 21 -19 129 -98 -177 -154 85 
-118 -151 74 -133 35 71 -280 108 253 158 100 47 155 135 -68 -10 
-188 147 120 56 159 -181 -34 -187 -4 -144 -84 -280 285 226 64 -186 
-141 146 -175 81 154 10 147 -39 -103 244 -88 25 86 165 385 -219 
217 56 12 -37 -186 30 105 64 134 29 -118 74 -167 -261 155 -81 
79 263 259 245 159 -62 -56 -30 17 121 -147 69 -204 18 -39 -150 
0 0 0 0 0 0 0 0 0 0 0 0 0 0 0 0 
0 0 0 0 0 0 0 0 0 0 0 0 0 0 0 0 
0 0 0 0 0 0 0 0 0 0 0 0 0 0 0 0 
0 0 0 0 0 0 0 0 0 0 0 0 0 0 0 0 
0 0 0 0 0 0 0 0 0 0 0 0 0 0 0 0 
0 0 0 0 0 0 0 0 0 0 0 0 0 0 0 0 
-25 -83 38 35 55 -35 -6 -159 27 65 -27 -24 -33 54 -151 51 
102 -98 45 52 -69 69 102 77 17 -43 6 -102 50 24 98 -124 
-121 -50 -186 -18 -119 2 -10 -147 -108 -110 -59 29 -143 40 -9 -77 
-5 -91 -87 -214 -83 119 -77 49 -92 -63 63 18 -114 -47 16 -7 
-15 -21 -47 65 93 -121 -6 -52 -38 -140 35 -15 90 -3 26 10 
3 -96 100 -65 117 -68 -111 5 91 -110 -192 5 -63 74 -88 -87 
59 23 -184 28 -105 23 35 -54 98 13 -91 -150 100 -16 -101 -157 
-54 -93 -28 87 7 125 56 -121 -107 4 69 56 -68 -61 -10 -84 
-100 -32 40 105 -156 -84 -80 35 -103 -74 113 -19 49 59 58 10 
-25 -66 -38 -98 -108 -184 -10 -85 -19 -51 -109 86 -50 -3 -46 79 
87 -1 -120 -40 -6 -4 19 4 38 -85 -53 67 105 -85 -58 6 
-32 -84 103 -64 -107 -79 28 -49 -39 -122 16 -127 10 -58 -187 -15 
-74 -45 84 95 79 95 -64 -23 -33 -90 0 -112 -89 -173 75 -44 
-57 151 57 -155 22 11 -71 -63 -85 11 -10 4 -69 6 66 13 
-35 87 -138 -126 163 -109 22 64 -31 -87 39 -30 -82 -39 -22 -131 
-103 12 -17 32 80 -103 -59 6 82 -45 6 93 41 -82 -108 104 
-99 -91 -157 -15 -63 169 85 86 -83 -16 -78 -14 29 83 115 -26 
81 18 52 57 -1 6 -22 60 -119 73 60 -143 110 113 99 86 
-14 57 62 -85 -41 -33 -121 -75 40 5 -4 27 -31 -136 -21 62 
-96 91 50 33 -1 3 -113 40 99 -18 -129 -50 47 -17 -143 -58 
-65 -82 -131 -45 20 40 18 28 101 80 205 -34 177 23 -81 88 
-69 38 42 -99 2 100 -132 47 51 -46 40 -1 -104 49 23 -44 
36 -105 -51 -31 115 -28 16 3 -33 30 -38 32 104 -78 6 -46 
-193 -5 192 -45 20 -116 -53 53 -4 -23 36 120 83 18 -23 -75 
34 0 83 -77 16 -22 132 52 97 57 -89 -58 113 74 94 -44 
-49 161 11 22 -3 -48 -62 98 47 -83 -94 -37 115 60 -84 -30 
-22 -119 -58 63 47 34 130 43 2 -35 1 103 -76 -59 143 26 
34 52 -189 61 45 -88 68 47 -26 -10 -87 52 -71 164 -40 32 
54 124 -123 -179 -106 3 -8 -15 -23 -75 -156 -16 -41 42 -98 38 
-71 -44 -82 -141 -98 19 46 53 17 25 -87 19 -9 166 91 101 
0 0 0 0 0 0 0 0 0 0 0 0 0 0 0 0 
0 0 0 0 0 0 0 0 0 0 0 0 0 0 0 0 
0 0 0 0 0 0 0 0 0 0 0 0 0 0 0 0 
0 0 0 0 0 0 0 0 0 0 0 0 0 0 0 0 
0 0 0 0 0 0 0 0 0 0 0 0 0 0 0 0 
0 0 0 0 0 0 0 0 0 0 0 0 0 0 0 0 
0 0 0 0 0 0 0 0 0 0 0 0 0 0 0 0 
0 0 0 0 0 0 0 0 0 0 0 0 0 0 0 0 
0 0 0 0 0 0 0 0 0 0 0 0 0 0 0 0 
0 0 0 0 0 0 0 0 0 0 0 0 0 0 0 0 
0 0 0 0 0 0 0 0 0 0 0 0 0 0 0 0 
0 0 0 0 0 0 0 0 0 0 0 0 0 0 0 0 
0 0 0 0 0 0 0 0 0 0 0 0 0 0 0 0 
0 0 0 0 0 0 0 0 0 0 0 0 0 0 0 0 
0 0 0 0 0 0 0 0 0 0 0 0 0 0 0 0 
-42 18 -32 57 20 35 -2 -121 -13 3 -79 90 -41 -56 77 -7 
21 3 -132 -45 64 50 -94 91 32 -83 -60 -9 44 -154 158 -83 
-129 79 64 -85 -195 -131 13 103 -25 -58 -1 -66 -41 -174 -2 66 
168 122 -52 -43 68 8 -82 3 -85 14 11 110 32 -37 21 -62 
86 15 -11 37 -87 59 -55 -53 -172 1 -54 11 -63 63 -108 -65 
-33 59 -29 86 52 21 67 49 60 -46 34 23 -39 -66 -66 47 
-75 -113 14 119 -76 -136 -35 -108 41 -30 -60 -27 19 2 -85 -19 
-59 -100 -36 58 2 152 35 -78 28 81 30 -71 -125 48 -21 -173 
22 -67 110 10 203 15 65 30 3 -23 41 -93 -44 62 -71 -10 
55 -72 40 -42 -130 -122 133 -17 21 -5 20 -106 62 -63 41 -130 
-5 -32 -20 103 -42 -15 -6 13 18 -41 12 3 -61 -7 65 36 
95 49 -22 -12 9 -27 -28 93 38 -140 -27 -77 -61 -77 38 70 
6 -47 80 -29 -55 -117 40 -145 -107 118 -24 -65 114 44 51 -88 
115 -101 -39 -34 -127 -62 7 152 -120 20 34 -59 -83 -59 -159 69 
41 49 -71 11 -109 -20 34 97 -29 148 53 -30 31 -35 46 -52 
114 -57 99 -4 -1 26 145 -30 110 96 -89 -45 -75 2 -14 6 
55 -38 49 -17 35 121 -153 -48 23 62 -187 -155 23 -141 -104 34 
17 -21 6 -22 -181 -165 -43 -16 -112 -46 -22 112 -154 89 94 13 
-120 24 94 4 42 -12 17 -214 -135 -42 33 72 -32 127 63 103 
24 -86 -161 58 68 -28 90 -78 4 76 50 -119 -74 39 16 -13 
20 23 -62 6 -2 42 -65 -3 -116 63 71 25 79 38 87 89 
28 -19 196 95 -177 -14 105 -48 36 -20 10 70 -24 94 63 -15 
138 148 206 -39 79 -111 -15 46 77 -98 33 51 22 -159 133 65 
91 -60 -129 -83 -135 104 -117 128 120 -69 -88 125 60 41 -7 -17 
77 88 -151 -67 -91 44 -6 -75 42 -78 -113 57 -21 -57 -147 -151 
-155 -1 -65 -43 89 -46 9 -57 -51 -126 -135 -57 -192 33 -113 33 
103 46 125 -87 -120 -94 -33 38 -170 11 87 -59 -153 -30 -2 96 
56 -209 13 31 5 69 -38 32 34 51 -124 -191 -68 129 51 107 
20 -101 -82 112 -122 33 -104 -106 46 -139 -4 105 76 -93 36 -52 
-64 65 -91 -60 6 -26 -6 25 40 -138 -33 32 -17 -50 192 22 
0 0 0 0 0 0 0 0 0 0 0 0 0 0 0 0 
0 0 0 0 0 0 0 0 0 0 0 0 0 0 0 0 
0 0 0 0 0 0 0 0 0 0 0 0 0 0 0 0 
0 0 0 0 0 0 0 0 0 0 0 0 0 0 0 0 
0 0 0 0 0 0 0 0 0 0 0 0 0 0 0 0 
0 0 0 0 0 0 0 0 0 0 0 0 0 0 0 0 
0 0 0 0 0 0 0 0 0 0 0 0 0 0 0 0 
0 0 0 0 0 0 0 0 0 0 0 0 0 0 0 0 
0 0 0 0 0 0 0 0 0 0 0 0 0 0 0 0 
0 0 0 0 0 0 0 0 0 0 0 0 0 0 0 0 
0 0 0 0 0 0 0 0 0 0 0 0 0 0 0 0 
0 0 0 0 0 0 0 0 0 0 0 0 0 0 0 0 
0 0 0 0 0 0 0 0 0 0 0 0 0 0 0 0 
0 0 0 0 0 0 0 0 0 0 0 0 0 0 0 0 
0 0 0 0 0 0 0 0 0 0 0 0 0 0 0 0 
-142 -184 132 -82 -145 -87 -55 8 -119 -172 147 -76 -120 64 -93 -136 
-86 138 -88 -102 -139 229 120 -48 -13 72 56 65 247 -91 -98 16 
63 -43 149 68 -45 -161 -108 -29 96 -243 39 43 75 -152 -161 76 
-111 -102 206 -197 -68 125 92 -69 -61 -66 74 -21 -90 114 128 -105 
141 110 -12 -66 150 -169 131 -127 108 116 95 15 -75 -123 -180 -99 
109 -110 76 131 78 64 -66 -268 103 156 79 80 -161 53 96 -19 
-61 -49 177 233 13 63 -205 -150 107 -24 -290 98 172 -61 -103 162 
285 -64 107 31 -100 -25 120 -159 0 0 0 0 0 0 0 0 
-35 134 90 -167 56 -161 87 81 66 -40 9 47 -116 19 162 -70 
23 -195 127 -112 222 13 139 0 38 35 114 -37 -87 60 -23 32 
-91 -19 -84 77 55 200 89 -281 55 -37 3 54 24 -16 -29 65 
-45 85 -1 18 -72 1 155 -199 108 12 -161 55 35 78 -10 72 
-18 -171 -6 -25 86 -70 136 -89 133 -236 86 -19 47 -118 -10 -116 
-7 -30 -191 -109 -74 88 -59 242 -171 66 -75 110 -60 109 -43 -110 
29 -61 -67 -61 -48 -249 -99 59 -99 136 56 -34 -170 -1 58 -130 
-1 154 -89 33 -117 -43 108 -133 0 0 0 0 0 0 0 0 
-233 131 -254 175 122 -53 191 146 -135 -98 124 127 -131 -90 17 241 
356 282 127 39 -102 312 61 -309 154 197 -152 -29 88 -126 46 48 
328 -140 324 212 -175 20 433 257 75 -78 221 142 163 215 258 -1 
252 -72 38 12 -27 146 382 -134 270 -14 0 137 -118 -173 267 -2 
-209 -161 -106 64 292 11 -141 -176 304 -178 -78 226 21 259 36 -128 
182 -162 -182 -255 -131 -185 -64 -144 162 205 206 260 114 86 109 -41 
-10 96 -165 -47 241 -190 -272 284 30 -202 -141 39 119 -241 224 -140 
321 -144 -120 -125 -123 -87 -120 -135 0 0 0 0 0 0 0 0 
-3 -166 0 -77 -61 37 2 42 119 -97 -66 39 -47 73 -48 -88 
-99 73 165 -175 -81 -82 130 -36 24 43 55 31 -118 150 -37 42 
113 -40 55 -92 -25 -114 148 -39 101 -29 -7 -81 17 40 -22 89 
-15 9 -204 18 -35 77 -7 -110 -142 -87 16 55 20 74 -58 -111 
36 -39 22 78 -129 -1 11 -31 -65 -3 9 -106 -42 117 27 -12 
-2 92 54 53 -107 -131 -119 -80 -49 -120 104 59 -50 -107 -43 97 
15 -47 -64 -34 -14 81 40 26 -2 59 -150 -25 -170 -52 26 24 
-25 55 -76 -67 -47 5 11 36 -89 186 88 8 -183 -16 235 -57 
-131 80 -61 1 -72 5 101 93 20 96 -38 -30 36 16 210 -79 
-96 146 49 -98 123 6 142 98 105 -79 77 40 -150 136 40 125 
40 -153 80 5 -52 -70 65 87 -19 -84 -19 13 -31 40 -95 36 
14 -44 -78 20 -36 -9 -115 133 -106 -25 100 165 -90 86 -93 -95 
-57 -184 116 12 67 29 16 172 62 -128 51 20 -31 -44 -72 23 
-207 23 -52 -38 66 -80 47 -60 -23 -128 -134 109 -22 7 -203 -28 
-17 -43 -95 -65 86 -182 42 32 164 24 48 52 105 70 127 76 
-45 -75 -9 -93 133 -101 54 -39 -121 -20 2 -80 -44 -78 -3 -180 
51 137 69 -111 61 21 108 79 74 -106 -42 75 -56 -174 -6 123 
-135 -61 -73 -76 1 -46 -58 15 28 158 48 43 -61 -78 -58 -137 
-81 -212 -102 -89 74 -149 33 -3 -3 18 -113 33 -148 -48 136 32 
193 -15 -35 -189 80 249 -6 47 139 153 -87 62 105 160 139 250 
74 150 -100 89 -6 176 25 108 -61 -66 46 -131 45 87 42 32 
-107 -180 93 125 165 28 -43 202 -62 99 106 69 -46 79 76 209 
-25 -118 128 202 -78 -46 59 -76 236 -157 -1 -72 -106 -1 -128 29 
-106 92 126 33 -82 -66 -29 -62 148 130 -40 172 -25 131 -134 100 
67 -157 83 -104 185 -239 65 76 160 108 -72 18 27 38 -71 83 
8 119 -79 -28 -147 74 48 -11 -38 -80 149 -126 -157 16 -79 -126 
-15 125 78 -144 -159 4 -103 115 -112 -51 -101 124 -40 26 16 36 
-142 -36 -98 -12 -6 -53 -113 -2 -38 57 -32 -49 50 -46 33 138 
-110 -108 -62 75 81 -120 -49 118 16 -69 -77 20 39 -1 -54 62 
-94 67 -75 45 17 67 153 -109 77 -137 -57 35 1 52 23 -48 
-16 82 25 -73 -72 -35 -12 54 118 -131 29 -13 67 -2 85 -40 
23 -78 -35 -37 72 40 25 77 35 -83 -89 32 26 132 -28 114 
-77 -3 -94 53 51 65 0 -30 97 56 -24 50 -75 -47 57 -16 
90 -147 42 -42 19 -20 54 9 -137 -68 36 -62 -18 -31 -143 -72 
42 130 -16 -71 30 -95 16 -6 147 -65 9 -45 -57 -36 -28 52 
22 64 -169 -13 49 -62 -66 26 24 -9 8 -106 -45 -58 112 97 
-72 -53 63 -31 -73 21 3 31 31 -16 50 143 38 67 173 -69 
-83 -187 22 8 118 -42 -7 -108 -113 -7 58 -180 -119 -238 16 -8 
19 -9 -3 -25 -90 -38 -24 -64 -55 -148 -3 -18 3 -112 -20 61 
74 -100 -116 11 4 -71 101 -1 -93 -49 -2 17 -134 -57 20 -17 
26 -77 -51 48 10 -116 137 59 -67 -108 103 -99 58 11 -73 56 
-136 50 -16 -3 58 3 -56 27 55 78 -32 -39 -42 25 38 -36 
-82 39 55 -121 97 23 -14 -61 69 14 -24 44 -35 -137 -130 -9 
-58 -15 -69 114 -2 147 -38 -19 22 55 117 188 2 6 99 -59 
34 -21 -176 47 44 14 -93 60 57 68 -44 64 14 -21 -52 110 
126 -69 -51 -72 71 57 -86 4 -93 -92 38 -59 91 56 -124 -12 
-39 -133 20 4 -46 96 -80 -162 54 52 -20 139 -27 -57 -136 -29 
-16 -112 25 72 -85 9 -95 23 -37 14 -96 25 38 -84 -28 -69 
79 -160 -108 12 -18 148 40 29 -119 60 -95 -16 48 -22 39 50 
36 59 39 -99 -48 -90 -93 -54 96 41 113 -17 -21 41 -57 -55 
0 17 14 -50 -69 89 49 40 -152 23 14 23 -16 -48 -13 23 
50 -24 -39 -21 117 68 8 -75 -33 -33 -35 -23 -26 30 7 57 
38 -70 -19 28 -47 -66 50 -23 49 137 -115 48 94 17 7 32 
76 -66 -63 -41 39 118 52 16 62 19 -129 48 -125 -103 44 -115 
-135 106 -76 125 -70 57 -35 -64 -51 -11 -25 -46 -7 125 149 147 
21 -11 19 134 13 35 86 -50 -58 30 -39 -68 89 30 -32 -140 
72 -15 -54 -115 -93 32 16 79 -45 -58 -6 36 -18 -16 12 -5 
1 158 14 8 -63 46 13 54 -79 -1 -79 -181 9 2 -60 12 
52 -73 -71 -130 -38 105 -10 90 -1 -147 -73 -2 0 4 -13 -36 
68 35 26 -51 -31 23 -29 -6 41 -102 66 -57 -66 6 17 48 
-11 -32 -27 103 -154 113 -143 -59 -60 37 109 12 58 25 -129 -84 
-7 -86 54 -107 -16 58 -18 47 59 47 -119 33 25 -53 41 -63 
46 -15 -91 -30 -142 43 36 -17 -61 37 86 55 42 6 119 49 
18 14 40 13 -144 87 -10 -38 -33 149 22 20 -42 -18 1 58 
-92 -108 27 32 37 11 65 -10 -139 -54 -2 -40 52 33 -19 37 
53 -40 27 -51 -15 -54 36 -30 39 -52 -43 112 -189 89 81 124 
-15 27 105 49 10 64 -130 50 150 -38 -96 -25 42 -56 75 -58 
-46 -90 -39 86 -88 -75 -29 -179 121 -132 -122 105 -104 110 104 -26 
0 9 40 -27 14 133 38 -7 131 -90 -55 -140 11 -17 -46 67 
26 40 9 -161 20 -74 20 -98 -63 19 35 -9 -18 -24 -112 -16 
25 -21 -2 -35 39 37 86 -62 74 -147 88 -100 -14 -9 61 -66 
38 70 -11 15 -43 6 41 33 52 -36 -34 -56 -80 -66 -19 -64 
41 -31 -115 31 -56 -7 62 46 17 103 63 151 92 -30 24 -5 
-10 2 -24 38 24 -45 14 -74 30 -57 51 40 -118 26 -82 124 
10 136 -1 -21 124 91 -92 8 14 -124 -26 70 88 -33 -6 29 
-17 -2 124 41 -31 66 -14 180 -52 -8 -88 -129 -54 31 -81 -96 
84 -164 -45 -77 -10 -70 38 11 9 68 -57 -74 81 40 47 -34 
-52 57 79 -69 55 35 -93 124 -97 -89 -112 -111 3 14 18 30 
39 28 -113 -102 7 -41 19 -24 -18 -173 -51 36 36 -10 -95 68 
90 34 -70 88 13 -41 108 205 0 -32 -83 98 117 76 19 -96 
17 -38 -48 -38 -130 15 43 -58 134 147 -20 -6 -62 111 19 100 
-48 64 15 85 35 58 86 121 46 -48 -27 53 -24 57 -69 -30 
90 184 50 56 5 33 -57 -74 96 46 29 -3 -88 103 -97 11 
83 6 -37 7 -90 -59 -2 27 -38 37 26 79 46 -32 -51 72 
-53 71 37 -61 82 -50 24 24 -154 30 -50 4 -33 39 -78 -31 
70 100 -2 45 -57 -8 149 20 -36 -22 52 2 -25 -94 -63 -84 
23 30 0 31 92 -146 -55 49 54 -34 35 127 75 12 -17 -56 
76 100 36 77 -49 57 -32 -44 -8 -3 2 17 153 -3 -18 109 
-59 -50 -15 99 -20 -47 -86 -34 -16 143 -31 88 27 -24 -57 -54 
49 -49 65 94 109 -69 -13 61 8 -44 -75 18 68 78 27 -120 
27 60 5 111 57 7 31 36 -6 24 -26 -15 -30 11 35 -107 
62 104 -17 38 -39 111 -16 55 7 82 39 84 21 87 -60 -66 
48 -42 -39 62 13 -99 57 -9 26 56 -107 27 -102 13 12 -18 
50 18 -28 21 23 9 -3 76 135 19 -6 116 56 -112 43 63 
36 68 32 93 9 12 -12 12 3 33 14 -75 75 41 -76 -65 
103 55 34 -1 -23 37 93 -22 -13 11 -37 10 -55 51 58 -41 
86 -4 -3 53 -53 -64 -42 24 -53 16 -1 -17 -49 -41 -52 23 
133 -41 113 28 41 -55 46 -14 -97 -70 -79 -69 -31 116 -106 82 
28 22 163 -66 -57 -33 105 -26 -115 50 -8 -8 -50 8 -43 -124 
48 2 63 -49 -77 -17 -26 -41 -72 -59 36 -1 -26 79 -97 -53 
26 54 67 70 -28 120 87 160 98 25 -65 16 -81 -59 105 -79 
54 -25 -24 -37 -13 1 -76 42 -53 18 -42 -5 -19 -44 33 24 
57 62 -94 58 109 -20 29 -65 -138 -91 95 61 137 133 -130 -78 
104 128 139 101 52 31 -92 95 115 -22 19 50 33 -101 22 19 
-53 -70 -98 52 -153 51 -60 -52 82 20 -127 -120 -64 51 -58 -1 
-84 34 33 112 -3 -48 -127 8 -95 49 -152 48 59 50 76 -34 
-13 -85 56 12 17 117 -14 3 66 92 -35 83 85 -6 135 91 
-19 33 68 30 21 92 -71 -21 -24 100 125 -118 -2 -2 -73 13 
44 -27 59 130 59 -194 -51 -86 28 -39 179 -154 78 39 -69 -26 
25 25 83 58 -110 161 26 -29 38 26 -9 -19 71 127 -12 72 
-20 -1 20 -62 -19 -12 -9 15 -146 -66 -1 43 32 -71 50 -10 
-6 25 146 -71 -169 -14 -27 192 -45 -109 140 137 -112 120 67 -27 
-124 105 61 -64 -155 59 -191 -125 59 -73 -87 -56 58 16 -4 -22 
-32 -110 -61 2 2 161 5 -51 -25 -10 -119 -154 11 6 27 -21 
-13 -8 148 157 -128 15 31 136 -3 -59 -116 37 -135 25 13 -79 
12 -80 -29 -143 11 26 56 -3 1 27 -60 -99 -45 -14 89 139 
13 -8 51 56 20 -56 -32 96 -182 23 89 7 140 -49 165 -124 
82 -19 41 107 121 -61 -21 -74 -61 73 -16 50 -60 92 74 26 
-12 98 65 -21 -1 97 -58 -65 -108 -85 -112 139 50 23 -64 61 
-30 96 12 2 -38 7 -81 -32 -16 -15 78 89 27 -27 77 21 
36 -47 -6 -76 149 -40 0 14 -39 -65 -67 62 103 -6 111 -69 
2 93 -62 108 -132 -3 -5 20 -149 -33 13 -90 -78 32 19 21 
-90 186 185 81 72 96 19 106 -58 73 31 -40 -50 34 -46 -15 
38 -76 7 46 62 -34 35 -2 38 4 124 -109 37 23 -95 53 
-125 36 59 63 -59 0 -105 46 56 -61 98 77 -19 34 9 3 
-78 -67 -10 -46 44 72 25 58 63 -19 29 -103 -57 -37 75 -68 
70 91 40 -64 14 84 -21 61 -64 -43 98 43 24 5 -7 118 
88 61 -23 3 54 43 31 66 -22 79 -2 55 -103 13 44 23 
-25 -83 82 7 -142 0 75 -3 46 -42 -23 -94 -145 4 112 151 
-86 2 101 -36 3 113 2 -13 41 -11 -28 100 -61 28 50 -21 
-26 4 26 -58 14 -17 -82 -10 -21 12 119 -32 -35 33 66 120 
88 19 6 31 98 32 -12 119 -41 5 -66 53 -77 56 0 -26 
-86 97 48 -57 25 -143 -85 71 174 48 -24 95 86 -27 40 51 
16 27 47 13 47 -24 125 4 -7 4 -13 48 -41 57 -96 2 
-22 -42 19 -5 -6 45 154 14 -77 104 -88 6 62 -100 -45 19 
-12 27 2 0 -6 6 0 18 -4 -8 4 29 -4 19 -1 -26 
-15 29 1 33 17 17 19 8 -1 30 -18 -1 12 -53 0 2 
11 -42 -7 -11 -34 -8 50 12 -40 48 -4 5 21 -3 -1 -12 
10 12 4 7 4 6 15 -11 -6 -6 19 -27 -17 28 15 49 
5 9 8 -13 32 54 -26 8 4 14 0 22 24 3 -10 30 
40 -21 24 3 -4 26 7 -9 6 21 -21 9 28 -20 -26 18 
8 -7 6 40 20 -4 22 7 -15 -9 16 14 1 1 12 -18 
4 -20 10 -4 1 -9 12 12 20 -1 20 -31 -7 50 -32 4 
0 53 17 -7 -19 12 -17 6 12 2 -11 21 -19 -11 -3 4 
-7 -6 17 54 48 35 16 -6 -41 5 36 7 6 -2 1 14 
34 -2 -11 4 7 14 13 -13 -12 13 -29 -20 -9 -14 -23 -2 
42 -19 -9 6 0 3 1 -27 -11 35 -6 -27 36 14 1 7 
43 -27 -2 5 -13 32 17 16 -5 -11 21 -29 19 -5 8 6 
44 10 7 1 5 8 -18 8 6 6 -2 0 4 -9 37 14 
25 -13 -10 25 -18 -16 20 10 2 -8 0 16 -12 15 24 22 
3 -19 4 10 -2 -6 0 25 -27 28 16 5 1 -31 -18 6 
0 6 13 -26 14 28 8 -26 -31 16 14 18 -18 -26 9 48 
18 35 -30 -24 26 2 -4 -15 1 -18 6 17 -2 13 13 3 
40 0 26 38 -5 9 10 14 22 2 2 37 11 -10 2 11 
11 -20 14 19 14 11 10 -14 -5 20 -3 38 1 -33 -6 -31 
20 19 6 1 34 20 9 17 -32 -4 -13 15 1 -18 -16 5 
-33 16 -7 -12 -3 -40 29 46 26 20 36 -14 2 9 2 25 
10 5 16 -18 -11 33 18 32 -21 -32 35 0 28 16 -1 8 
-11 9 10 13 5 6 -7 18 31 39 10 18 14 14 8 -30 
13 9 3 -20 -16 -2 8 37 30 29 9 -4 29 -31 14 8 
10 21 -26 1 -3 -5 20 -9 -5 11 7 2 -3 10 -2 5 
-3 28 14 1 16 17 8 41 -11 -3 -6 57 -37 -18 -20 7 
-3 -8 2 13 -50 12 4 16 16 16 -17 27 -14 62 -41 4 
13 8 11 -31 -5 4 -23 4 4 9 13 5 -27 4 7 -1 
-17 -12 -6 6 18 10 20 9 6 -5 -23 -23 -4 4 11 23 
21 9 31 35 -17 -9 18 -12 27 -9 -8 29 0 9 22 17 
-1 13 -26 28 43 27 -10 -19 23 -8 21 -6 10 14 8 15 
4 -15 38 -8 -7 -5 6 28 17 -31 25 17 -32 -2 -15 18 
8 0 22 -17 -11 8 0 21 18 -2 14 16 18 6 15 43 
-15 9 15 -6 -1 -8 16 21 3 -3 31 18 4 18 4 16 
-18 0 3 23 -3 22 -29 24 -6 5 -4 2 18 2 15 11 
26 -20 52 -45 53 8 -121 29 12 -43 46 5 -15 -16 -37 25 
-2 -62 7 36 0 -35 64 -28 79 40 -41 15 18 5 99 -60 
7 1 63 -58 -34 28 38 44 58 -38 23 -88 86 -16 63 -46 
-21 22 -18 -33 4 41 -106 89 0 -9 -60 -39 -50 33 13 9 
-22 -43 21 62 -30 -23 0 -65 -11 -17 -29 2 4 -28 -2 -90 
-17 0 -45 23 7 27 -20 17 11 -95 48 43 -14 -4 46 -7 
-39 81 -23 8 -25 -4 -68 -13 -21 67 55 35 92 3 -4 -43 
24 -55 12 9 60 -15 -35 -13 41 10 -29 87 28 -26 66 -35 
-65 12 31 -10 34 -81 12 -23 -38 -27 11 -84 9 73 -1 -39 
-4 -22 -7 56 -33 39 24 -14 -26 31 -31 -2 39 5 -37 -15 
6 -29 45 34 25 -46 134 83 -62 -9 -31 1 -54 26 77 6 
-19 8 -20 -11 -42 -119 43 83 72 -49 1 7 -10 13 20 -19 
-4 -9 31 12 -4 -29 35 9 43 5 -37 -13 0 -4 -41 -9 
50 -67 -6 8 -4 -13 -33 -25 -24 39 30 14 87 53 -73 17 
-34 -42 -25 -55 -48 -29 7 24 -63 -33 -11 -31 -14 -8 13 -2 
-11 9 40 -31 35 8 15 -11 -18 -20 2 40 -11 84 7 1 
29 -39 27 14 24 -21 12 -100 67 -17 2 -12 -36 -13 -47 30 
-1 3 47 -24 -53 -44 -28 -1 -28 18 -16 -20 -14 -2 -6 1 
-6 1 12 -148 21 -7 44 -77 -13 20 26 2 -5 32 48 -13 
11 81 -5 -21 -8 -14 -54 38 -90 16 8 -31 24 -22 -19 -54 
33 45 68 30 -29 -66 -54 -54 -46 -5 3 -28 -33 -1 -56 -23 
21 -101 -108 -40 11 -15 44 -18 11 18 -72 42 63 -35 53 -20 
-18 25 35 -26 72 13 31 -29 -20 -103 5 -11 -6 45 -56 15 
6 -58 -1 -46 -1 31 59 -1 -64 5 52 -7 24 -21 -8 -8 
4 -8 -24 22 -21 -15 -28 50 14 -91 22 -1 13 22 8 -2 
42 -6 50 18 14 15 -69 -8 -12 -14 8 -20 7 66 27 -15 
39 -46 2 -50 21 -72 -15 41 8 35 36 -51 100 56 1 4 
-37 -38 2 36 55 -50 68 -3 -30 -18 80 -17 2 -12 83 -10 
16 -42 15 108 -111 6 35 -48 -54 -41 -3 -54 -9 6 -12 -23 
-55 17 -8 -45 -52 -46 19 29 27 -22 -131 -44 6 49 -37 -13 
-35 -18 -56 -105 16 -66 12 10 3 38 -10 -31 -22 36 -51 12 
9 45 19 5 -19 12 18 -3 27 -36 -6 -30 -46 32 16 41 
0 -13 -23 69 -3 -46 51 -58 4 -48 -39 28 61 39 6 77 
-21 -39 50 -76 34 32 9 12 -64 -7 -22 41 3 3 102 -27 
36 -4 12 -20 -24 40 -31 -110 97 9 -14 86 45 -63 -11 -109 
63 -40 51 19 19 -83 -27 -24 27 25 -13 56 -41 63 -1 -25 
-8 9 21 2 19 -26 -51 51 3 -27 3 11 0 15 9 -11 
-27 -8 39 7 19 -34 29 29 -17 -24 -3 14 -28 -51 -22 -2 
18 -8 2 -16 14 -2 -19 45 -36 8 -33 5 15 40 -1 -7 
11 2 -1 -16 -19 -21 3 8 41 -21 -12 -53 8 14 36 -74 
-29 54 9 -6 44 -60 -20 1 9 8 -36 -3 14 21 -42 9 
-34 -37 -31 36 -7 53 -15 5 6 -22 -12 10 -40 -36 -45 1 
-2 5 -7 3 11 15 1 3 -4 26 19 19 16 2 17 7 
-5 15 -32 -9 -32 -8 -23 8 25 -13 0 -19 27 7 12 -23 
6 -12 8 9 -26 -13 8 18 -17 -16 4 -11 24 -11 5 -9 
10 1 24 9 -47 17 5 53 -18 10 9 -2 4 -7 -1 -11 
-9 -10 4 -2 -13 -25 11 -11 -8 -2 -17 20 -26 32 -19 10 
31 -6 27 13 42 29 22 -28 31 32 -4 -10 42 26 5 30 
-25 -5 -11 26 -1 -9 -2 -7 1 -42 -4 -13 -5 -41 1 53 
-25 24 14 -44 -34 -2 12 -6 -31 -4 12 10 2 -30 39 6 
-5 2 -51 0 -22 -55 14 30 -13 12 13 13 -64 -40 0 -2 
12 43 -10 -21 -14 1 -1 27 6 1 27 -29 -9 -52 7 -18 
-4 3 -58 -33 -24 -6 1 -55 -35 2 -4 14 16 -6 -38 -47 
-14 -30 16 34 -18 16 38 -8 -21 -25 38 33 -13 0 15 -1 
-32 -24 2 8 67 -12 15 33 4 -17 -2 10 -1 6 -3 17 
27 -30 -11 -30 9 11 40 -45 16 15 -36 -8 0 -27 35 -41 
-30 45 -6 -34 9 16 -2 11 -53 -8 -8 -8 -16 -38 25 -9 
1 35 -20 10 -30 -27 52 -11 5 25 -21 -38 5 19 11 13 
-24 -21 27 -12 -2 -40 -15 35 6 17 -27 0 -19 8 -4 -5 
-9 -8 53 15 -5 51 -1 11 -14 13 -11 3 -25 -1 -29 -12 
-9 1 25 4 -6 -20 1 7 16 25 2 3 3 13 19 -4 
-21 8 -4 -2 -13 1 52 -13 -7 9 1 9 17 -19 -28 -14 
25 32 -3 7 12 -24 -5 21 -31 -15 4 -46 -10 -4 23 -10 
-3 -7 -4 -42 -39 -7 -22 -32 -44 -22 -51 -14 -79 4 -30 38 
56 22 4 -23 -5 -13 -21 -11 -12 -36 -3 4 -19 -22 -21 -18 
14 -47 17 3 -17 -1 5 -2 -25 -19 17 -19 -18 22 31 -36 
-16 -13 -20 5 -20 8 -36 8 27 -16 16 10 24 7 15 -15 
-10 -42 -35 12 -48 -9 16 -11 -7 -16 6 23 -23 8 -14 -8 
-5 -40 -67 10 24 27 11 17 1 -33 22 7 4 -13 -16 55 
-10 -15 -37 -27 26 13 36 -14 -27 18 -21 5 75 41 37 24 
-32 1 7 -10 -30 11 12 -23 18 23 38 66 3 -1 -10 -15 
15 -13 -40 -53 -59 32 -17 -11 -16 -10 -3 -19 2 -19 2 -17 
13 6 22 0 18 -39 18 -12 11 11 13 -6 -15 -8 -8 -2 
7 39 -8 17 -12 -10 -17 -2 -26 -15 -5 -14 -44 11 -6 -4 
14 11 21 17 36 13 42 -7 11 -8 40 32 9 -3 9 30 
6 -6 -12 -14 11 -4 9 3 -27 4 36 10 19 -29 -14 45 
26 -5 -10 12 17 42 21 21 -1 -14 -31 -8 11 -11 41 5 
37 -7 -4 11 -18 -7 -38 3 2 8 5 12 36 40 26 9 
-4 -1 1 20 -20 14 -2 -10 5 -52 -2 -15 15 0 -7 20 
-21 26 26 -2 -13 -1 -3 -18 -15 -37 21 15 0 -4 28 -16 
40 5 8 0 -3 -4 -18 5 -42 1 15 5 8 -9 -1 31 
-11 -32 -8 24 53 -27 6 1 24 31 -9 -9 -15 -3 13 13 
-11 -5 -21 13 24 -5 -31 2 6 -16 6 20 -20 8 9 -20 
-28 2 16 -3 1 -30 -7 -21 24 -37 -9 -13 24 -11 -5 -11 
24 4 -1 -6 2 -9 10 -30 15 -17 8 -22 -1 -1 -7 -14 
40 -34 8 4 -19 -15 6 16 11 -36 -5 7 -9 17 -18 -6 
-8 12 -10 -14 28 35 40 -31 -12 14 -3 -4 -1 -20 9 12 
-5 38 -11 -26 -27 -4 16 15 -5 -7 -10 -20 -24 14 -9 50 
6 -19 -5 -29 -12 3 15 28 3 3 11 19 8 1 -12 50 
3 -14 2 9 5 -8 11 -11 18 2 -29 -1 10 -7 -8 -6 
43 23 0 -2 -24 13 27 0 3 -7 29 2 2 -32 2 27 
17 -25 14 -25 -11 18 15 15 -1 5 -5 33 27 20 -12 -3 
3 -23 20 4 4 -8 20 22 16 3 -10 -4 -7 11 10 21 
18 -25 7 -14 17 7 -2 -18 19 -2 -18 8 -3 -10 -14 -15 
-4 -16 -4 12 -29 34 4 8 7 33 33 -7 10 29 3 -9 
21 6 10 -11 12 -22 -5 10 -3 -19 4 -13 18 -13 23 17 
-7 1 2 13 7 -3 5 -4 -1 -34 -1 23 -4 12 15 -5 
26 17 -3 4 -8 9 3 15 8 2 -5 0 -7 -29 37 18 
-1 19 -8 -11 -17 28 5 -19 6 10 -3 38 -20 -1 12 17 
29 11 -8 30 17 9 5 18 -4 29 32 -2 19 -9 -1 -8 
-21 0 -2 -19 13 -11 0 2 2 -11 -7 -20 -11 -2 -1 -4 
-27 -29 28 3 -40 -22 9 -2 24 12 31 4 -4 -28 -4 -9 
39 3 13 -31 21 7 34 -4 -4 8 14 -31 22 2 -17 -10 
-22 6 23 -20 18 32 25 -2 -2 2 21 21 -27 -4 -2 -17 
7 15 28 17 -25 10 -13 -25 -31 7 17 3 10 -4 35 -15 
-28 -21 -22 19 -5 0 21 39 -9 4 -7 0 -22 -14 -13 5 
0 -15 -1 9 -3 5 -8 12 -18 -21 -2 -32 6 -14 -16 -10 
-22 -18 -4 42 38 26 20 1 25 -2 -7 13 -11 5 -2 -13 
32 -63 25 47 -49 -7 -19 77 11 44 22 -15 -74 36 -34 30 
17 -77 25 48 -19 -19 -58 -1 61 -5 -28 15 93 95 40 -6 
-17 3 65 -21 68 -7 14 17 41 2 -31 16 -35 3 47 40 
-19 29 -25 -13 18 29 -86 82 -39 -14 0 -7 -37 28 48 -12 
-29 -7 29 30 13 15 -55 4 -26 -29 82 35 1 25 -35 -12 
3 -18 -25 31 -34 46 -2 19 -4 53 6 78 -57 -44 -25 -13 
-26 -21 -6 -28 21 -54 1 -38 100 52 68 17 -18 -15 -51 -20 
-30 -138 -10 36 28 23 -17 -39 51 12 -18 56 6 76 -73 -45 
67 34 56 -23 -77 -5 -62 23 47 12 -8 55 -14 30 7 -55 
-2 -51 17 45 -34 17 15 -43 37 -49 -99 37 -45 31 -7 -16 
-9 -27 5 72 -68 79 21 53 26 -16 43 -45 25 -50 73 -57 
-47 -43 16 -10 39 2 -2 110 -16 -28 10 27 4 9 -22 13 
-15 -36 12 26 -41 -27 15 38 35 3 -23 15 -5 -37 33 -79 
-8 -44 7 73 -11 7 8 -12 56 77 1 -24 77 12 -52 -7 
18 -34 21 -56 -104 -63 -13 21 -11 -2 -16 37 60 20 46 43 
-99 -29 24 -18 76 8 -8 48 17 -2 -29 25 1 -11 -13 12 
30 -8 25 -74 19 -12 9 -38 34 -37 -2 15 5 -48 -62 -39 
31 99 -31 -20 -28 -26 -12 -31 -17 -21 10 -33 49 9 -19 82 
-9 -5 12 27 6 1 -5 -24 49 20 48 -82 -5 -46 39 -26 
-33 67 1 36 32 0 -7 13 -47 27 -45 -30 -1 18 7 42 
82 -4 17 33 -31 -14 5 -70 -13 29 -59 -13 71 36 -33 -31 
20 -16 47 63 33 -41 -20 -82 30 -29 -1 49 68 18 -32 -4 
22 53 37 13 33 33 61 -15 -11 23 -45 -31 -25 56 26 8 
-47 -41 -44 -14 -8 14 26 -18 -36 19 0 37 -29 87 22 41 
53 -23 57 -50 9 0 0 12 -37 15 -59 19 22 -32 -14 67 
2 -95 -4 9 17 14 -23 41 -37 71 61 -32 19 47 -17 -56 
40 -44 30 -42 8 46 13 26 12 -28 70 -25 31 22 59 3 
-62 15 -20 -33 81 18 32 -20 -75 -4 -8 37 15 23 14 -56 
-58 35 26 25 -3 -16 -58 -1 49 -84 57 13 -66 11 35 -33 
23 55 -21 -26 -62 11 1 -23 -54 5 -48 -66 -40 65 -11 -5 
-45 -33 -89 26 -80 11 8 17 46 -3 0 11 14 10 -18 39 
-76 46 5 -43 -39 33 -36 88 2 9 25 31 -5 14 4 16 
37 54 -26 -33 28 52 -2 32 79 -39 22 24 51 46 13 48 
2 0 17 61 28 14 -4 -33 28 15 39 -51 -18 -12 120 17 
52 -8 75 -11 10 17 11 -24 38 39 3 30 25 9 19 33 
74 3 65 -31 -54 41 -4 63 6 -5 -21 31 35 47 21 16 
-23 -45 12 -42 18 -26 -68 -20 -17 14 50 -6 -28 -48 -4 -9 
-17 -59 17 12 -20 1 53 -19 18 -13 -14 -11 2 29 -11 20 
-56 -46 -61 11 -37 -35 -33 -3 27 -45 -8 7 -26 -6 27 -17 
50 18 -2 50 10 42 -27 54 -30 42 -37 -37 -40 4 -13 -32 
-41 11 27 33 6 -53 -18 -7 13 0 -40 -37 52 -20 27 -10 
-66 -5 0 -16 15 -8 -25 11 -5 11 17 25 -73 -32 -43 -26 
-16 13 -5 -53 2 -4 -25 -30 -68 -41 14 37 53 2 -22 -15 
-18 7 -41 7 -13 14 -6 38 -20 1 7 39 -6 -10 10 28 
-66 -13 -32 -18 15 -29 -2 -12 -41 -13 -16 60 40 -5 16 -5 
-15 -15 25 14 -31 -9 34 8 41 -30 27 -29 24 -3 -13 3 
-34 -2 -31 24 4 13 -28 29 -21 -1 23 -58 25 -41 33 -28 
-12 17 39 7 -37 -26 2 24 -10 -22 -4 37 -30 14 0 -42 
-33 32 27 -6 -11 -11 33 46 20 -7 -27 -2 -60 -4 -10 22 
-51 14 10 -25 27 5 -29 -8 -23 -28 2 -39 4 12 15 -2 
-20 3 8 13 -24 -37 -24 -1 -45 20 -2 -21 -43 -27 -27 24 
-27 -13 7 -27 -13 2 27 15 -22 -37 4 -8 -5 66 -10 9 
-12 -17 47 -7 32 16 33 4 19 -52 19 -3 -14 -69 -32 -4 
-11 1 -18 7 10 -68 -21 -5 -27 -46 -12 8 10 -9 6 -34 
-7 6 -11 -50 11 -38 -8 13 7 -2 -19 -41 -6 47 -8 -2 
19 1 -31 -10 -16 -13 6 -35 -46 -26 -60 -3 -40 -5 3 25 
-19 4 33 -23 6 -5 -11 -27 -17 -8 -23 17 15 -29 9 -11 
2 5 9 -47 4 -43 -22 -45 -11 1 -41 23 -24 -10 25 15 
54 -37 -35 1 -4 -11 -1 -13 -13 4 -37 -7 -58 10 -24 -13 
-38 -66 -38 18 20 -5 -1 -39 -18 32 13 16 -12 31 24 -17 
7 -5 18 -7 -26 -29 9 -15 1 -33 -28 8 -22 2 -11 -5 
12 -48 12 -3 0 8 -19 -29 20 30 -14 11 17 -49 -28 -32 
21 -36 -21 -26 -37 -12 -1 -31 26 -25 -37 -54 0 -9 -39 -22 
-38 -24 11 1 -3 -22 6 -40 -36 -60 2 40 -2 22 5 10 
14 1 23 2 -38 -10 32 62 -65 -40 23 9 -13 -31 -10 12 
28 -21 -49 -14 -32 -6 -22 -19 -35 21 17 19 2 -14 10 -37 
-23 -27 -25 -16 56 -27 -34 7 -13 -3 19 -47 -15 21 15 -9 
20 16 31 -13 -12 -32 19 50 -14 5 -15 -24 15 -5 10 13 
31 -22 -22 34 56 -30 -3 17 23 -18 -13 -4 -34 2 -41 -50 
-1 25 -53 12 -22 64 -24 -8 -36 42 -37 -27 -35 22 -13 -38 
-38 -5 8 -38 9 12 18 -4 66 6 -79 -10 -12 -13 21 -54 
16 -16 56 -24 65 -24 35 35 50 -18 9 74 7 22 -8 27 
-3 -67 -2 0 -74 3 0 -3 -50 -9 114 8 1 2 21 24 
-1 0 20 0 1 0 -28 -2 0 -1 -1 -1 -7 -27 -2 -1 
-15 -14 -33 -18 -27 50 58 -4 20 0 7 50 -12 3 -41 0 
-11 0 -28 -58 -2 0 0 13 -55 -17 -7 -2 0 -15 14 -12 
29 -1 14 -79 -7 28 27 13 -3 0 -12 -5 25 -91 -21 14 
-14 -11 -32 9 -26 37 -1 71 42 2 -11 0 -1 46 -29 0 
-4 5 12 2 -1 -7 76 -17 3 -41 4 -17 1 -10 -22 1 
-12 75 8 36 -3 36 -15 15 -2 0 8 30 -20 -2 31 41 
-2 -16 -8 6 6 -2 -5 10 -33 -1 7 -17 -4 -9 29 -10 
-1 -3 -30 1 -19 7 6 -42 -1 -1 10 29 18 -10 56 -27 
12 -2 -2 -31 -8 -2 18 7 -1 0 2 20 -41 13 -13 -81 
-4 37 -1 68 -25 -25 40 35 -15 23 -26 -10 58 31 0 42 
-13 9 56 -24 41 0 14 22 10 -1 -6 5 -17 1 12 -1 
-11 1 -43 40 56 20 0 14 7 -2 -2 -83 3 -2 15 -12 
-14 -1 -5 -24 0 2 -38 36 -72 2 9 -40 34 -1 55 29 
8 32 21 -16 28 23 -41 -34 37 -4 110 25 -9 -52 1 60 
38 -7 0 -16 3 0 23 -14 -6 10 0 -56 12 -10 38 -32 
-19 -2 12 -59 -4 5 -9 37 10 -2 -26 18 9 1 2 -27 
17 0 7 -14 38 5 17 -32 -7 25 -2 -4 36 -29 -7 -1 
70 -29 -3 11 50 -6 37 0 2 20 5 -12 8 -15 46 -3 
23 -4 5 19 0 18 52 -11 47 -9 -46 -13 -2 -83 -8 69 
-19 13 -19 -33 4 -30 -2 19 -41 75 0 19 2 7 0 -44 
-3 4 11 11 -25 -23 5 -53 51 -3 -23 3 26 2 3 -30 
-2 18 8 0 -1 -47 4 -2 -2 -6 -78 3 18 -76 26 -17 
-25 -24 -9 1 40 5 19 19 14 -12 -4 0 0 39 -19 7 
-34 -17 -6 0 -9 -6 -22 -7 35 -6 0 -2 6 -6 -11 9 
12 1 -14 26 -1 -9 18 44 -30 26 3 3 14 2 50 18 
4 4 -23 -4 -56 -2 46 3 -24 10 0 0 24 -19 14 0 
-5 0 0 17 -60 -9 2 0 10 50 34 -1 0 -45 -71 2 
9 -23 15 11 38 -19 19 6 14 -8 -92 -92 -35 1 -24 47 
60 -27 -6 23 18 37 -2 10 -50 0 2 45 19 22 29 -56 
25 4 -2 5 4 59 -14 18 -4 2 -21 5 -36 9 -11 -3 
-6 0 34 -59 12 -3 23 14 0 -12 0 35 9 -7 -29 -40 
1 -34 42 0 59 6 16 -18 -4 -1 21 46 -10 10 -5 64 
20 0 -5 0 0 8 0 66 29 6 56 13 -7 -1 16 -1 
-3 17 -5 40 4 58 5 11 -20 10 -7 1 3 -43 -5 -1 
-19 -22 1 0 13 15 0 25 -24 98 -94 -16 -1 -8 25 21 
-5 0 -9 2 0 0 -7 8 0 4 -28 22 7 -9 0 5 
-65 9 38 7 34 -32 -41 15 54 0 -20 17 2 -2 76 -1 
-3 0 40 -12 -3 0 0 20 43 22 -54 -3 -16 -66 -110 0 
-19 1 17 -92 -7 34 -5 36 -36 0 7 -1 31 67 -83 -9 
-7 19 64 45 58 -17 15 43 68 -2 26 0 -13 8 13 0 
5 3 43 4 2 2 -116 10 5 25 -5 68 13 -5 21 -1 
23 -41 -4 -18 -13 4 54 -19 -6 0 -10 -109 26 -18 4 20 
1 16 -9 -3 -9 1 5 79 -38 -12 36 4 30 -38 -9 11 
17 10 -26 -77 -5 -6 -41 42 0 1 37 -18 15 9 29 47 
-39 11 12 87 -3 -22 -28 -5 4 0 29 57 59 -3 -16 12 
-14 -50 -2 46 -13 11 22 45 -6 23 78 6 -42 8 0 -30 
-71 -12 37 25 -153 63 -12 18 37 3 5 18 -34 6 -9 1 
-6 38 41 13 -27 -7 0 9 7 -8 -1 16 -7 -3 71 2 
-3 1 -37 15 -5 -17 40 0 64 -2 -38 -2 28 5 -32 14 
7 -6 2 22 40 3 -11 28 34 8 -41 -77 12 -23 0 -25 
-6 91 -2 -7 21 0 44 -12 3 -32 0 9 2 42 -27 -112 
37 -11 5 5 0 -18 2 -30 21 5 60 -3 1 -2 4 55 
-43 -3 7 40 -24 4 -12 -75 25 20 1 12 -7 19 -18 2 
-15 -13 20 52 49 6 -46 0 0 -10 -7 -15 35 -15 11 0 
-15 -11 -4 -4 -2 27 67 -13 -27 45 25 9 -12 63 2 23 
-9 16 26 8 -2 -35 5 69 11 46 0 20 2 -4 0 -150 
29 -16 2 -12 -49 -6 5 -44 -18 4 -4 6 14 -19 7 86 
16 32 -8 1 2 81 53 -4 1 80 -38 3 -83 51 -13 -17 
-21 11 -8 0 6 3 -19 -12 5 -18 -27 0 0 -45 -13 9 
60 11 -8 -4 21 0 -39 -75 41 1 -1 0 -4 69 -6 69 
1 -3 86 61 0 6 72 12 22 15 -16 -11 11 25 37 27 
-11 75 16 1 23 7 -42 -23 -8 31 0 0 -3 -29 3 0 
-3 2 0 -16 6 5 -32 0 -4 36 -12 -5 12 -74 -47 20 
2 -13 5 32 -78 -1 5 6 96 2 -7 85 -25 -2 4 -44 
50 56 37 42 73 67 7 -7 24 0 -15 49 -20 75 -70 -92 
-81 -4 77 -4 0 -18 -24 -12 3 -2 -82 -14 -153 -4 6 16 
-42 -7 35 0 -19 -2 -8 36 0 48 -3 32 -3 -6 21 37 
7 52 -22 0 96 1 10 -4 14 1 33 27 -5 44 -3 -93 
-5 -15 -2 0 -5 9 6 15 31 -4 -73 20 24 1 -3 -30 
-51 -15 -16 34 18 -48 -18 -11 54 31 3 0 -1 79 -9 28 
2 -5 0 0 -28 -2 0 -13 -28 1 14 2 0 -1 -1 9 
3 0 5 0 0 0 1 2 0 0 2 1 0 18 -1 0 
-3 1 25 19 -8 -1 -4 7 15 0 0 7 -16 0 -15 0 
-3 0 13 -21 0 0 0 -10 -17 3 8 -1 -5 -13 25 0 
4 0 -1 3 0 13 24 27 -3 0 10 0 4 -12 -5 4 
-1 -12 -4 -16 1 -1 3 10 0 0 -8 0 1 25 -2 0 
0 0 -17 1 0 0 7 2 -8 -23 1 -16 4 -6 -4 0 
-6 -15 7 24 16 14 16 4 0 0 -7 25 -3 -2 12 2 
0 2 0 1 -2 1 33 22 -8 -1 -5 0 0 24 18 1 
21 0 2 -2 0 1 19 -22 0 0 9 8 6 1 12 -14 
-1 5 6 -10 -1 11 2 0 -1 4 25 1 -8 1 3 -2 
-8 -4 -1 -9 5 -14 1 -8 24 -4 -19 0 30 15 0 12 
0 -25 24 10 10 33 -1 -2 23 0 1 9 13 1 8 0 
2 15 -20 3 27 13 0 24 -2 1 0 -8 1 0 -8 1 
1 0 12 -2 0 35 -4 18 -24 0 7 13 27 1 16 10 
2 16 38 8 7 3 -8 4 -22 15 13 17 0 3 0 24 
18 12 0 -6 -3 0 15 -2 0 4 0 3 1 20 2 -6 
8 -1 16 -18 0 4 -17 26 -1 0 6 1 1 0 -3 -1 
5 0 15 34 17 0 1 -8 0 7 -1 0 18 0 -3 0 
40 -4 1 -4 13 -7 2 0 -2 18 -1 10 1 1 20 0 
5 0 0 19 0 7 10 -2 23 9 -5 5 1 -14 -17 35 
2 4 8 -11 0 -2 0 -8 4 3 0 14 0 -3 0 -11 
-3 1 1 1 -13 3 -2 -18 2 -6 -3 -1 -7 0 -8 -13 
2 6 3 -2 1 -3 11 -1 1 -5 -9 0 7 -11 14 -6 
-12 -2 2 1 4 0 21 4 3 -1 5 0 0 18 -7 16 
-18 -18 -1 1 -12 -1 -17 -7 21 -1 0 -1 0 2 15 -6 
3 0 -3 17 0 1 -6 5 -15 2 1 0 -17 1 9 -3 
-1 11 12 0 -45 3 -24 1 3 26 0 0 1 7 5 0 
1 0 0 10 -2 3 -4 0 24 29 10 0 26 -12 -7 2 
26 3 -6 18 3 3 11 4 16 -2 -16 -27 -37 0 -2 -2 
16 -2 13 16 3 30 1 20 -14 0 2 15 12 26 1 11 
-9 0 15 0 -2 18 19 3 0 0 18 -3 -16 7 0 3 
4 1 14 -2 5 1 11 4 0 0 5 14 1 1 11 -3 
2 -10 34 0 5 2 -14 -2 0 0 11 -15 -1 -7 -2 5 
19 -1 0 0 -1 -1 -1 -6 12 0 16 3 9 0 -3 6 
26 2 20 7 16 26 0 0 -11 -6 0 0 1 -6 2 5 
-2 28 0 0 12 0 0 17 3 -31 -39 -4 0 -2 -1 -4 
-1 0 0 0 0 0 15 -1 0 0 7 1 19 27 1 1 
-15 -2 -6 24 5 8 -48 -1 -13 0 2 -22 9 -2 10 0 
3 0 -9 16 1 0 0 8 0 0 -1 2 0 -5 7 0 
11 0 -16 -4 5 -12 36 11 5 0 6 0 10 -1 -9 2 
-2 -13 17 -10 12 -5 -4 -29 -16 0 2 0 -5 16 10 0 
1 0 -11 0 0 2 -17 5 3 9 1 -4 2 2 -9 0 
19 -11 -2 -19 0 -3 -12 -3 1 0 -12 -2 14 3 -3 -22 
0 2 1 0 1 1 -13 19 1 5 6 5 10 13 16 -5 
19 0 1 0 4 -3 22 -2 0 0 -5 -16 -31 2 -5 21 
-8 8 2 18 7 1 3 0 0 5 18 0 10 1 3 9 
16 24 2 -4 3 17 -13 -8 29 13 11 2 15 12 0 0 
-22 -7 9 1 6 -27 0 -25 25 0 0 10 26 0 -2 0 
1 14 -3 6 -11 21 0 -9 0 0 0 37 5 0 19 17 
5 0 11 2 0 27 -1 24 9 1 -6 12 -14 0 -8 -9 
3 -24 35 -11 -13 -31 17 0 -17 22 -33 41 2 4 0 44 
20 25 0 10 -12 0 -4 1 3 13 0 39 0 -25 1 -8 
0 -1 23 17 1 -12 -5 28 -11 0 -11 5 -5 0 -5 -2 
28 0 23 -10 4 1 -2 7 -5 11 0 -1 -3 8 0 1 
-7 -7 8 -19 -6 16 5 0 2 18 14 13 -6 2 12 1 
-3 0 1 27 0 31 -25 2 -3 5 10 9 0 7 18 0 
-4 5 -12 12 0 -5 1 11 1 -9 0 35 0 1 0 47 
13 2 -1 -1 14 23 -2 2 -14 -7 18 1 -21 -5 -1 16 
2 -34 0 0 0 -3 6 1 0 -5 8 0 6 15 3 13 
4 -25 1 0 6 0 30 4 2 4 8 0 0 -6 -5 21 
-3 -6 1 -1 4 1 -11 21 11 0 0 -1 -1 -20 15 -25 
3 0 4 12 0 2 8 -4 9 -9 3 -13 -4 2 -25 -8 
2 12 -6 1 5 3 -17 2 -3 13 0 0 22 6 -13 0 
-1 -1 0 13 14 3 -7 0 36 22 -1 1 -4 -16 1 3 
25 0 -5 -3 -3 1 14 -5 -4 -2 8 6 0 0 -2 3 
-44 1 6 -29 -5 7 -2 -8 6 0 3 -27 21 5 -3 7 
-21 0 7 0 3 -28 27 -5 1 -1 12 7 4 -4 0 2 
12 -2 23 15 7 1 0 27 0 8 5 22 -1 0 15 0 
-3 11 18 0 0 1 -5 3 2 0 -8 10 2 4 0 -15 
31 1 1 0 6 2 0 -2 -14 0 -37 -5 -6 0 10 7 
19 3 31 13 26 24 0 -5 26 15 2 0 1 13 2 0 
-24 -32 -9 0 13 -2 0 99 80 4 -15 25 0 -77 -4 38 
-8 0 -20 4 1 -1 23 5 0 -3 -12 8 -10 7 12 0 
-12 -2 -61 -18 6 19 66 -21 -17 0 -25 44 5 -1 55 0 
-2 0 -20 -17 -4 1 0 46 8 3 -96 -12 -136 -15 -82 6 
14 -1 1 -45 2 77 18 -106 7 0 -28 -4 0 -16 -12 18 
26 49 -2 90 0 4 -1 83 113 8 7 0 14 -19 -72 0 
4 9 78 2 1 0 47 7 -86 49 10 -29 40 -26 8 -1 
-21 76 -9 -16 36 0 -79 -8 12 0 31 24 10 8 -11 28 
2 17 0 1 8 -7 -99 75 28 1 4 -4 -30 -5 -1 19 
3 4 23 -86 15 14 5 0 -3 -1 36 -4 41 -1 117 75 
-15 -5 -20 0 -1 -64 -19 -4 4 9 36 -16 13 8 11 -94 
-61 -42 -5 100 -16 -19 -53 75 -47 -20 35 -9 16 -27 0 85 
-50 38 47 -13 45 -38 -8 104 -24 -6 -7 20 -28 1 6 1 
2 12 -1 61 -42 16 0 5 -18 4 2 -21 68 -2 66 32 
7 1 -38 -3 0 -1 4 -16 48 -5 -8 -43 82 -2 -26 -27 
-11 -12 -20 -54 -20 -15 42 23 -100 -35 79 17 20 -16 -1 -53 
28 -3 1 -26 -4 0 -24 9 -12 -41 1 -12 3 56 -11 -104 
-55 -7 -23 40 -2 4 0 -14 158 2 -4 29 19 -2 -17 44 
-7 -5 20 17 -66 -11 -2 -11 20 -16 0 -2 -22 5 -20 -6 
48 50 26 14 37 60 68 0 -11 -13 1 -53 -78 5 -13 4 
15 -3 4 -21 -2 -25 32 -4 37 21 27 -8 -23 -64 65 48 
-5 40 -9 15 -5 -33 3 27 -2 71 0 1 2 -16 0 -7 
3 -20 -39 -17 21 -46 8 5 -3 -15 2 16 14 -7 55 -28 
16 4 4 10 -1 50 -51 -12 4 88 -57 -1 -44 -4 20 -48 
-40 27 -7 9 -44 -5 13 -4 6 -3 -19 0 0 -106 -3 14 
-50 -41 -3 -2 16 0 5 -32 -85 10 -1 10 3 47 -15 53 
17 -1 44 1 -3 0 71 12 35 0 2 -107 -18 13 10 -5 
-32 -75 -53 3 -54 36 57 -29 -46 -1 -1 0 22 -13 -4 0 
9 3 0 -12 -17 25 66 0 -30 23 138 -9 -97 1 -49 1 
-1 -56 -25 44 7 -12 26 -4 9 -14 0 -82 7 0 56 -24 
36 22 -111 -116 75 47 2 24 36 1 2 -5 26 24 -28 -92 
13 -5 24 -4 -2 115 7 17 5 -5 57 37 -8 -25 9 -4 
1 -5 -18 -89 -18 12 66 -2 0 19 -12 -38 -10 2 -5 43 
-1 33 23 0 64 5 -1 -8 -11 1 -32 -35 2 42 -12 50 
-1 6 -6 0 9 -8 6 54 11 -3 -94 24 -29 -1 -49 48 
-30 -31 4 -23 -18 -10 -11 14 -22 35 -2 0 -7 103 -14 42 
0 -18 1 0 -21 -3 0 28 -31 3 -18 -14 0 7 -15 5 
-1 0 -12 0 0 0 3 0 0 -1 10 7 5 2 -1 0 
-4 -1 -20 -3 0 -10 8 -9 -1 0 -3 -25 17 -1 -5 0 
-3 0 -20 8 0 0 0 21 4 -4 6 -1 2 -7 2 -7 
3 0 7 -12 -2 14 -28 7 -6 0 0 -1 17 -25 -12 2 
2 5 12 0 7 -10 -1 -22 6 0 -4 0 0 -34 10 0 
-1 -1 23 0 0 0 -22 1 -4 29 2 -27 3 -9 -11 0 
-12 2 -1 13 -10 6 -12 2 0 0 -8 -2 16 14 1 -5 
0 -5 -2 -3 -2 0 -5 4 2 -5 1 0 15 -10 -25 -1 
-9 0 2 -9 -3 3 -7 22 0 0 5 0 -24 -1 14 -3 
-2 -1 -5 7 -5 -1 -19 0 -4 -2 -12 -7 -5 0 0 1 
18 13 2 -4 2 0 -8 -22 -14 20 -25 -2 -36 -8 0 -3 
-40 34 -4 -4 15 -15 -1 -3 -30 0 0 -3 -16 -1 0 0 
-2 -34 7 9 -14 -9 0 26 -5 1 -1 15 -6 1 23 -28 
1 0 -13 -1 0 -26 -21 1 24 0 -1 -3 -25 -1 -15 -1 
-6 17 -21 -3 -13 -3 1 -1 -9 -35 -28 7 4 -9 0 -47 
-21 11 0 4 -17 0 16 2 2 -7 0 -32 2 -9 25 -2 
-9 2 -7 -17 0 -17 -8 -33 -14 0 -13 1 -1 0 10 -46 
12 0 -11 6 22 -2 0 -15 -2 5 0 -1 2 25 0 0 
-6 -6 0 -34 8 -14 47 0 0 -16 -2 -32 -20 0 5 -1 
1 -2 0 -19 0 -29 2 -4 6 4 32 1 -4 -3 -3 -11 
-3 6 2 17 0 -10 1 -1 0 -12 0 -18 0 -4 0 -3 
14 -2 -8 -1 8 26 1 -15 -20 -15 25 -3 14 -4 -1 -5 
3 -18 -2 -1 0 9 2 0 0 8 -14 0 3 -14 20 9 
-35 -40 -2 0 4 0 -28 -3 -3 1 -1 0 0 -14 -3 -14 
33 -14 -4 0 3 0 -42 -1 21 0 0 0 1 32 -15 8 
0 0 18 14 0 0 -3 -41 1 41 -1 -19 27 2 -32 -7 
-4 1 -7 -1 -22 5 -6 0 3 -30 0 0 0 -2 -5 0 
-1 0 0 -6 14 1 11 0 -34 -6 -10 0 -17 -4 -13 3 
-30 10 -3 -36 -5 -1 -7 6 7 -15 6 7 -31 1 -11 -2 
-32 8 0 -1 9 -16 3 -2 14 0 2 -1 -55 5 36 -19 
-2 0 -21 -1 -2 -4 -25 0 0 0 -6 2 23 -11 3 5 
-2 1 -41 6 -4 -1 22 -2 0 -11 5 -40 1 0 -18 1 
1 0 -30 0 1 -1 26 -6 4 0 -2 4 1 -5 -1 -1 
-41 -1 -2 0 5 0 2 -13 -8 -2 0 1 1 0 2 14 
1 -4 -16 -16 -9 -18 -4 -2 15 6 -1 0 -1 -40 -2 9 
20 -7 12 16 -8 35 -9 -25 12 7 -3 -24 26 28 -2 10 
-2 30 10 10 -19 -41 10 0 -10 -10 0 3 -8 -5 -7 -3 
-21 7 -6 10 -3 3 12 6 3 30 -8 6 -5 44 -6 3 
0 27 27 1 4 -4 12 5 11 -9 3 10 -7 11 9 -20 
4 15 3 -22 9 -8 -7 -5 8 4 -10 -20 6 -10 17 5 
-9 12 25 10 12 -1 8 -4 25 1 -39 -13 37 11 12 22 
-4 -8 7 -5 6 -3 3 -5 6 -4 0 -10 3 -11 5 6 
-4 3 -9 3 6 -5 -19 10 -5 -18 -13 15 0 -3 13 17 
-1 16 -5 6 -4 2 7 -3 -1 13 5 1 5 3 0 -7 
-5 5 4 3 -6 -4 7 -9 11 -5 -3 -1 4 -1 10 3 
3 -2 8 -3 8 7 7 -9 -8 -7 0 -8 -8 1 9 11 
19 -9 8 6 1 0 1 -2 -21 -7 -12 -2 2 -3 0 7 
-2 -2 8 -2 3 0 6 6 -5 -7 4 -6 -2 -7 9 5 
-9 -7 -10 1 10 2 -8 13 3 -6 -6 3 5 -5 -2 -2 
-2 11 1 -3 4 2 7 3 1 12 1 2 -2 -3 6 -5 
-11 12 4 -2 -14 -11 6 1 6 -6 5 -7 -6 -14 2 0 
-6 1 4 -4 13 8 -3 -7 8 1 -1 9 -5 2 3 4 
4 -2 8 3 -4 4 4 7 0 0 6 8 -12 2 -6 3 
2 -2 0 3 8 1 2 -1 -4 -4 0 -4 3 -5 1 7 
2 1 -3 2 1 0 1 0 -3 -4 -7 -4 7 -1 5 2 
1 -1 -1 8 -1 6 2 7 2 7 0 2 2 5 9 -7 
2 3 5 0 -6 -4 1 7 1 -6 0 -5 -3 -3 6 -4 
-8 -1 5 -3 1 7 0 -3 -5 -4 3 1 -8 2 6 -1 
-3 -4 7 -2 -1 0 5 -3 8 -8 -4 1 2 -2 -7 8 
1 3 0 -2 7 -4 4 3 -2 -3 1 -6 0 -1 2 5 
1 -2 -3 0 7 -2 -3 2 -4 -7 -3 2 6 2 0 3 
-7 2 -3 3 1 -2 6 3 6 4 -1 3 -2 3 7 -7 
-1 0 0 5 -3 -6 2 1 3 -2 4 -8 -4 -3 1 -3 
-6 -5 4 -1 4 7 -2 -3 0 -4 0 2 -7 1 6 0 
-7 3 0 2 -3 -1 5 -1 0 -5 1 3 -1 -1 -8 5 
15 -5 13 -4 16 -10 11 0 -6 -4 -5 2 12 -4 -3 16 
17 -8 1 1 -4 12 0 8 1 -1 4 -9 6 -4 6 -8 
1 6 -14 8 -8 10 10 9 -1 -3 -3 -9 18 0 -4 -8 
-10 4 0 2 -16 -1 1 10 -4 6 6 -4 -6 -11 -6 7 
-8 0 -9 -4 15 0 -1 0 -8 1 4 19 0 13 5 2 
-10 -5 6 6 -1 -2 13 2 15 0 13 12 -9 -3 -10 12 
3 8 7 0 7 3 10 2 -12 -8 9 7 2 -1 13 -5 
3 5 -5 0 5 -3 -7 -3 15 -23 -1 2 10 0 7 -5 
-21 -4 -6 1 5 -8 3 5 6 12 13 2 6 -8 -6 3 
2 7 -1 2 -5 -5 -4 3 11 -4 2 -20 2 -7 -1 -4 
2 0 7 0 1 8 4 -6 -3 8 -11 6 -12 4 3 4 
1 1 3 -13 2 -5 8 -20 -4 -5 5 1 6 -6 -7 5 
-2 1 0 1 2 -2 1 1 -4 -2 0 -1 0 -2 0 1 
1 0 -4 -2 5 1 -4 5 -5 -7 -2 -1 6 -4 0 -1 
-4 4 -5 0 3 3 4 7 1 7 0 3 -1 -2 4 -4 
-2 -1 1 5 -6 -4 -1 1 2 -5 2 -5 -7 -6 5 -1 
-3 -2 4 -4 1 5 3 0 -2 -5 -1 3 -5 4 4 2 
-4 -2 3 0 0 -2 1 -2 -2 -5 0 2 -4 0 -3 6 
1 7 -1 1 5 -5 10 -1 -9 -5 2 -6 1 -5 6 4 
6 2 1 -3 7 1 -7 4 1 1 -4 5 4 2 3 -4 
-4 0 -8 4 -7 9 11 2 3 0 -1 -2 4 1 10 0 
4 8 3 9 2 0 8 9 5 -4 -4 1 -2 0 -1 2 
-4 -4 7 2 4 5 -3 -3 -8 -10 -2 5 -6 8 2 0 
9 -4 1 -2 5 4 9 4 -2 -2 2 5 -3 -4 -6 4 
3 3 -1 -7 6 3 4 2 -6 -9 7 -5 -1 2 6 9 
8 3 -1 -1 7 3 -5 -3 -5 -1 -2 -2 2 -4 7 5 
0 0 -1 3 -1 5 4 5 4 2 5 -4 -2 -3 13 -4 
3 1 4 5 2 -2 1 4 4 -4 -10 -6 -3 -2 0 -1 
-14 -4 12 0 -6 -1 2 3 -11 -11 6 -4 -10 0 1 3 
0 0 10 -5 -1 8 5 0 -7 -6 -4 4 0 3 -3 4 
9 -5 -3 31 -16 8 -10 8 18 2 -19 3 22 3 -8 -9 
-13 5 -6 5 -12 -5 7 10 -30 0 15 -8 19 6 -22 1 
-10 8 -33 5 -3 -14 15 18 -3 11 -2 0 11 18 -8 2 
-9 -7 -21 -11 -8 -16 -14 3 -1 6 34 -9 -11 -5 40 1 
-2 5 -15 -7 16 2 15 -24 26 -3 -8 13 5 -6 19 -6 
-40 28 -7 -3 22 -1 6 21 4 -4 -7 -15 9 -8 -9 11 
5 9 7 3 3 0 9 0 -6 -7 5 -2 1 3 2 8 
5 0 0 0 4 6 -2 2 -2 -1 -3 -2 7 -3 2 -8 
-3 -1 -2 6 1 7 10 8 7 2 -1 1 4 -3 5 -3 
0 1 -2 1 1 -3 3 11 4 -1 -2 -3 -1 -7 1 -2 
-9 -1 3 -4 -1 6 -1 -1 -2 -2 6 8 -4 9 6 0 
-3 0 8 -1 -2 0 5 -1 10 -4 1 7 -6 -3 -10 4 
-2 10 1 3 8 -8 8 -1 -8 -8 5 -3 -3 0 3 -2 
2 -3 -3 -5 9 4 -3 1 3 -7 -13 6 9 -3 0 -6 
-12 -2 1 6 -2 -2 5 -1 9 7 -1 -1 -1 -1 7 2 
6 2 0 8 5 -8 4 5 7 -3 -4 -10 -4 -1 -9 0 
-4 -4 7 -1 5 9 -1 2 5 -4 0 11 -6 4 1 -2 
-2 -5 -5 -1 1 2 5 -4 -2 -2 -1 0 -2 3 -4 4 
11 -10 -1 14 -6 36 17 -13 12 -13 5 -9 -15 1 -16 14 
11 -2 2 -4 -2 5 21 3 14 31 -7 -11 -3 -2 -16 -37 
3 -24 11 14 -18 12 -3 -4 2 -9 -7 6 -16 30 18 -10 
17 3 5 -16 20 5 19 7 0 9 -13 7 -23 -2 -10 -10 
-9 14 12 -10 -16 15 1 -7 35 -19 -6 9 -1 -4 9 -3 
-23 -32 12 -16 2 -25 -7 3 40 5 -13 6 -3 9 -2 6 
0 1 0 2 3 -1 2 0 -1 -3 1 -2 2 -1 1 0 
-1 -2 -4 1 2 1 -1 2 -4 -2 -2 0 2 -3 0 0 
-3 3 -3 -1 3 -1 4 5 3 5 -2 1 -2 -1 2 -4 
-1 2 0 5 -5 -5 2 3 6 -6 2 -5 -2 -4 1 -2 
-1 -4 6 -3 3 3 2 -1 -3 -4 1 2 -5 1 3 2 
-5 0 2 1 1 1 1 -1 -3 -3 1 3 -3 -2 -5 4 
-1 6 3 1 7 1 6 0 -2 -8 4 -7 -3 -1 1 2 
-1 -2 -4 3 3 -1 -6 3 -5 -2 -8 -3 6 -6 5 -3 
0 1 -6 3 -3 2 1 5 5 3 0 3 1 6 5 -7 
0 4 -1 10 -5 -7 4 3 4 -7 -4 -1 -5 -4 3 -4 
-6 -2 8 0 5 12 1 -4 0 -8 4 4 -10 3 4 0 
-3 -7 5 8 4 -2 3 4 -3 -6 -4 4 -4 -2 -6 9 
-4 -1 -2 0 3 0 2 1 -4 -5 1 -2 2 -3 1 1 
2 -3 -3 1 6 0 -6 2 -6 -7 -2 -1 6 2 0 -1 
-3 3 -2 2 1 2 3 5 6 6 0 2 0 -2 4 -5 
0 3 4 2 -4 -4 0 4 4 -6 2 -4 -5 -5 4 -3 
0 -7 8 -3 1 4 2 -5 -1 -3 -2 2 -5 5 4 0 
0 2 2 2 0 0 3 -3 0 -5 0 5 -3 0 -5 7 
3 5 -1 5 1 4 8 5 -2 2 4 -9 -6 -2 7 -1 
0 -2 -8 4 0 1 -1 -6 -1 -4 -4 -4 6 -9 -6 -6 
-4 5 -7 4 -3 1 10 8 1 10 1 3 3 -4 8 -4 
-3 -2 -2 2 -1 -3 -2 4 3 -5 4 1 0 -5 -1 -5 
-3 -3 2 -5 3 3 -1 4 -8 -3 3 4 -7 5 7 -1 
-4 12 5 2 -2 7 8 0 6 -8 11 2 0 0 -15 9 
-4 2 2 -1 2 0 2 1 -3 -2 2 -4 1 -1 2 1 
3 -1 -4 -2 3 -1 -2 2 -2 -2 -4 0 5 -3 1 2 
-5 3 -4 1 2 -3 3 5 3 6 -2 0 1 -1 5 -4 
-2 -1 4 4 -3 -4 0 4 3 -6 2 -5 -4 -4 4 0 
-2 -3 5 -4 2 5 1 -5 0 -5 1 2 -4 2 3 1 
-4 -1 0 0 1 -2 4 1 -2 -4 2 1 -4 -4 -4 4 
3 0 -2 -5 9 9 5 4 -2 -5 3 -9 3 -1 2 4 
7 -6 0 -2 3 6 -4 0 -1 5 1 -7 2 5 7 -1 
0 -2 -2 4 -7 14 8 10 6 -2 -5 -5 3 2 10 -8 
5 2 8 1 -6 -6 5 3 -3 1 -3 -7 -4 -2 4 -9 
-13 0 1 -2 -5 5 -4 3 -5 -11 10 3 -9 9 3 1 
-5 1 14 -8 -2 0 9 1 7 -5 5 3 -1 -2 -5 3 
-7 3 -4 3 2 1 3 5 0 -1 4 -2 4 -2 7 6 
5 -6 -3 0 5 2 -4 3 -2 1 -7 -2 3 0 -2 2 
2 3 -8 9 0 5 9 13 7 0 -7 -1 -3 -1 5 -5 
-1 -6 2 -1 -3 -5 2 7 5 -6 1 -4 -10 -4 4 -5 
-8 1 7 3 3 2 0 1 -3 -4 0 2 -6 9 5 0 
-2 5 3 0 -1 -3 4 5 -1 -10 2 4 -3 -1 -11 6 
-6 0 -1 2 6 -2 2 0 -3 0 -2 -5 1 -2 0 0 
1 0 -5 0 5 -1 -1 2 -6 -4 -1 0 3 0 -1 0 
-2 2 -4 0 4 2 6 5 5 7 1 2 1 -3 6 -3 
-3 1 -1 7 -3 -7 1 4 5 -5 3 -5 -4 -2 2 0 
-3 -7 6 -3 1 4 1 0 -3 -1 -1 2 -6 3 5 1 
-2 -1 3 -1 1 1 3 -1 1 -2 0 4 -4 -5 -5 4 
-7 14 -6 7 -7 33 1 -12 -3 4 5 -20 14 -4 5 6 
-10 9 28 5 -17 -21 2 -13 -6 -2 4 -4 4 -13 21 3 
10 0 -15 23 -12 22 11 8 -9 10 -25 -5 3 27 9 5 
0 19 28 -1 10 5 25 1 -11 4 0 24 -8 4 0 8 
-12 12 9 2 -15 11 -6 14 -11 -8 8 0 11 16 -6 14 
12 5 15 25 -2 5 -21 11 10 -11 -27 10 24 -3 13 6 
8 -1 -1 -2 8 1 3 1 0 -8 -3 -3 5 -2 5 11 
9 1 -6 1 3 2 -2 -4 3 0 -2 -2 6 0 9 5 
-4 -1 -10 10 -2 10 8 0 3 -1 -3 -2 6 2 -4 -4 
-2 4 8 3 -7 -8 -1 5 3 -6 -4 -5 -6 -3 -1 1 
-9 -6 -2 -6 -1 5 4 5 -5 -5 8 6 -2 8 -2 1 
6 4 13 -5 6 0 10 -7 13 -3 6 15 -4 -3 -4 4 
0 -2 -2 -4 6 -2 8 5 -2 -3 4 -5 2 -1 -1 3 
3 0 -4 -2 8 -2 -8 1 -4 -3 -5 1 -1 4 0 3 
-4 8 -3 2 2 2 9 8 5 4 2 2 1 -5 2 -9 
-8 1 2 0 -11 -6 4 1 1 -2 5 -6 0 -6 7 -3 
-5 -5 4 -6 10 5 2 0 -1 -3 5 -1 -6 7 7 -1 
-5 2 3 -1 2 3 2 0 5 -8 4 12 -8 -1 -10 6 
0 1 -4 -5 -2 0 5 7 7 -8 -2 -11 0 -10 0 6 
2 1 3 0 8 0 -6 -4 -5 7 -3 2 4 -4 7 2 
7 6 -3 10 4 -2 7 7 5 2 1 -5 2 1 16 -10 
1 3 5 0 -11 -7 -4 1 -4 0 3 -3 -8 -10 9 -8 
-8 0 20 1 0 3 -4 2 -2 -17 7 -2 -11 -1 6 -1 
-2 -6 7 -2 -4 1 1 1 -3 -4 -4 12 0 5 -6 4 
-3 -1 -3 3 3 -7 9 2 -7 -7 10 1 0 1 -2 4 
2 -1 -10 -2 3 6 -9 3 6 -7 -11 8 6 2 7 -9 
-8 1 -4 7 0 11 7 2 7 4 -3 -1 1 1 3 1 
1 3 2 2 -5 -4 1 5 4 -8 -2 -5 -5 -3 -2 0 
1 -2 4 -2 5 10 3 -1 2 3 0 8 -7 11 4 4 
5 -5 3 1 3 0 -1 -3 7 -4 -1 6 -5 -6 -1 -2 
19 -12 24 5 -11 35 -4 -7 10 -12 -1 -11 -1 10 13 8 
14 36 3 18 -2 -28 4 -7 -5 -23 4 -19 -3 8 8 0 
-6 5 -2 12 -8 -10 9 -1 1 20 13 7 -8 30 -5 1 
11 14 17 10 5 -8 8 1 -3 -11 8 -10 -11 15 5 -15 
-11 5 -2 -6 -11 5 2 -1 -24 -3 -2 -23 3 1 -7 25 
-4 11 3 -19 -6 8 1 -21 0 -2 -11 -14 36 3 -6 21 
-2 -2 0 -4 5 -2 2 0 -2 -4 5 -8 -4 -7 3 4 
-3 0 -3 -1 4 0 -7 5 1 -8 -7 0 6 0 2 -2 
-5 5 -4 5 2 4 5 0 9 7 -1 1 -4 3 7 -3 
-1 5 4 5 -2 -4 -1 2 4 -2 -1 -10 -8 -6 5 1 
-2 0 4 -2 2 9 0 -3 -2 -1 -3 -1 -9 1 8 3 
5 -7 2 0 0 -1 2 1 -9 -5 0 6 0 0 -3 7 
8 5 -2 -11 11 10 3 -8 6 5 16 -23 4 -7 17 9 
7 12 18 12 -4 -9 5 -3 2 -13 -1 -3 2 -1 18 -5 
-12 -2 -10 24 -1 7 7 3 3 2 4 -2 -5 30 13 3 
10 10 9 11 17 6 8 6 -3 3 -5 4 0 3 0 -14 
-20 9 10 -1 -17 -5 -1 -2 -9 -16 4 -9 -5 1 4 6 
16 -13 10 -3 -1 -1 -4 -10 -11 -4 -23 -8 10 3 8 10 
-1 1 4 -1 3 -1 0 4 -2 -3 2 -7 1 1 -1 1 
0 -5 -6 1 3 0 -2 2 -6 -7 -2 0 6 -2 0 -4 
-3 2 -6 1 2 -3 4 7 6 6 0 -1 -1 1 5 -4 
0 -3 3 4 -5 -7 1 0 3 -7 1 -3 -2 -5 0 -1 
-6 -7 6 -3 6 5 -4 -1 -2 -2 -2 0 -9 5 2 2 
-3 3 6 -1 1 -3 5 1 -3 -6 -2 5 -5 -6 -4 7 
-3 0 1 2 3 -2 4 -1 -3 -2 1 -5 -1 -1 1 1 
-1 -2 -2 0 4 1 -2 1 -2 -5 -3 1 4 1 1 -1 
-3 4 -3 1 2 -1 4 5 4 6 1 2 -1 0 5 -3 
-2 2 0 3 -5 -4 2 2 3 -5 1 -4 -2 -4 4 -2 
-1 -3 4 -4 4 3 1 0 -2 -3 2 3 -5 3 2 0 
-5 1 2 -1 2 0 1 2 -3 -2 0 4 -3 -1 -3 4 
1 3 -1 3 5 -3 3 2 -5 -6 2 -2 -2 0 0 6 
-2 1 -2 -2 5 5 -5 3 -2 -1 -8 3 3 -2 1 0 
-6 -1 -5 2 -1 7 6 1 2 3 1 -3 3 3 5 -4 
4 1 6 0 -5 -5 7 7 4 -7 -3 -3 -2 -3 1 -2 
-2 -4 7 0 6 5 1 0 -4 -2 0 0 -6 7 3 2 
-2 -7 5 -3 2 4 5 -2 1 -1 -3 7 -5 0 -9 2 
5 -6 1 -8 0 -2 3 10 2 -7 -2 -2 6 -7 -1 10 
4 -1 -13 1 8 -2 -3 5 -6 -2 -4 1 7 -2 -1 -1 
-3 8 1 2 6 0 8 0 8 3 0 2 -3 -4 11 -4 
-13 10 7 6 -17 -14 3 3 -2 -5 -1 -6 -3 -15 12 0 
3 -10 17 -1 0 11 -4 -6 4 -3 2 9 -5 -4 3 10 
2 -11 4 0 3 2 2 -1 -10 -5 -4 9 -15 -2 -1 3 
-6 -13 -12 24 -2 3 -12 -12 14 34 -1 -11 18 -5 7 0 
-10 7 -10 -1 -17 -26 3 13 -6 -27 -11 25 1 26 -2 0 
1 3 -9 4 -23 -2 0 8 23 8 -38 -12 -13 17 -2 -16 
14 -4 -6 10 28 -5 15 -19 -6 9 12 5 -10 6 4 16 
8 -6 -22 4 10 24 2 -16 12 -7 -1 3 10 11 15 5 
9 0 -1 12 -4 4 -8 3 -9 -9 -8 -11 18 -2 7 31 
-2 1 1 -5 4 2 3 -1 -1 -3 1 -8 0 -5 7 5 
2 0 -3 -3 5 4 -7 3 0 -2 -6 0 4 -4 3 4 
-4 4 -5 3 -5 3 8 2 2 7 -2 2 0 6 5 -7 
-2 6 3 5 -1 -3 1 2 1 -5 0 -3 0 -1 3 -2 
-7 -1 5 -1 -4 4 2 2 -8 -8 0 5 -4 2 8 2 
7 -1 7 1 1 3 4 -1 -7 -9 -6 2 0 -5 -6 6 

