448 25 -612 -158 99 177 -311 -38 270 -199 310 -524 -304 508 301 483 
26 -21 194 31 52 -97 -59 13 162 -124 3 -99 -29 184 -85 -90 
35 -53 -55 105 44 67 -11 11 89 -91 113 16 2 -17 -73 5 
-14 -34 167 -81 225 39 76 -25 -50 30 7 8 20 63 -42 84 
65 36 166 -62 -132 14 97 57 122 -78 -58 -51 33 141 28 -2 
-75 36 44 -47 -45 32 -44 -10 0 0 0 0 0 0 0 0 
0 0 0 0 0 0 0 0 0 0 0 0 0 0 0 0 
0 0 0 0 0 0 0 0 0 0 0 0 0 0 0 0 
0 0 0 0 0 0 0 0 0 0 0 0 0 0 0 0 
0 0 0 0 0 0 0 0 0 0 0 0 0 0 0 0 
0 0 0 0 0 0 0 0 0 0 0 0 0 0 0 0 
-10 -45 151 191 -52 -63 193 -131 30 167 -53 47 -52 147 55 -80 
156 -76 38 92 90 27 35 -93 2 -116 108 -32 132 -7 28 84 
124 58 38 101 -101 -147 93 -25 23 -78 109 -56 85 143 -139 -152 
65 58 -11 -120 -27 -66 97 -57 -42 -17 -31 -25 -67 -6 95 1 
-60 100 99 155 -72 -51 169 -51 41 -71 72 23 -153 8 -12 -39 
-118 -23 -44 38 20 59 -16 38 0 0 0 0 0 0 0 0 
0 0 0 0 0 0 0 0 0 0 0 0 0 0 0 0 
0 0 0 0 0 0 0 0 0 0 0 0 0 0 0 0 
0 0 0 0 0 0 0 0 0 0 0 0 0 0 0 0 
0 0 0 0 0 0 0 0 0 0 0 0 0 0 0 0 
0 0 0 0 0 0 0 0 0 0 0 0 0 0 0 0 
0 0 0 0 0 0 0 0 0 0 0 0 0 0 0 0 
86 -160 -237 173 288 -77 256 41 -96 -187 124 196 31 113 105 -20 
86 93 -68 -141 -243 -72 62 50 -125 56 -326 -202 -53 53 163 165 
-101 -118 7 55 -172 140 228 -39 -102 152 120 -260 51 213 61 44 
77 -183 -238 96 71 99 95 -232 -24 163 217 -145 120 -182 -280 -49 
-118 -135 36 -74 75 93 -239 -175 259 -54 -119 -277 -247 9 -221 0 
-201 77 -141 282 -68 -25 -15 32 103 -219 -262 -8 -248 -76 -1 -178 
-61 -61 99 61 -93 -148 75 -54 -148 102 -96 82 32 12 -84 179 
53 9 179 103 -12 -40 -171 -155 -42 34 -67 161 79 120 -198 -144 
-162 -65 134 267 226 -252 -37 -39 -127 26 279 -11 -30 339 -10 126 
146 -205 -132 144 36 92 106 -159 72 184 -147 -77 237 -124 97 134 
-18 48 114 -2 -50 216 119 124 -192 -54 98 92 -201 -17 -170 223 
93 104 282 147 -85 121 78 30 -86 219 126 -210 -99 151 -29 71 
0 0 0 0 0 0 0 0 0 0 0 0 0 0 0 0 
0 0 0 0 0 0 0 0 0 0 0 0 0 0 0 0 
0 0 0 0 0 0 0 0 0 0 0 0 0 0 0 0 
0 0 0 0 0 0 0 0 0 0 0 0 0 0 0 0 
0 0 0 0 0 0 0 0 0 0 0 0 0 0 0 0 
0 0 0 0 0 0 0 0 0 0 0 0 0 0 0 0 
-194 -17 68 35 9 35 139 -40 -1 128 10 130 102 -34 -78 -22 
12 0 110 76 -94 182 134 -62 -58 82 213 -44 -67 104 -9 -85 
-11 66 39 -151 11 121 -18 137 0 100 20 129 117 10 78 76 
-75 -115 9 -42 25 -141 62 -113 1 50 -50 -195 -79 64 -130 54 
68 -48 55 37 119 -22 23 -85 -72 133 96 -63 -3 -6 -64 97 
91 21 -36 150 -135 147 -31 -46 -29 7 72 -127 -145 -14 69 135 
18 -39 -47 -137 64 34 124 -39 -64 -96 109 -89 116 57 -24 152 
75 -18 43 -26 -38 67 -14 -93 44 -154 161 112 -66 -62 -15 -105 
-60 99 123 14 -73 -83 -23 -106 -48 5 -50 140 176 84 -34 -11 
-32 -39 110 20 52 -28 63 -97 117 -79 -34 -8 9 53 -36 -144 
65 36 -7 76 144 -47 -95 -5 158 -56 -37 83 101 139 -10 18 
-21 -76 -4 54 -162 -156 69 117 96 46 -76 20 -27 -105 28 80 
37 -24 -87 29 -58 -127 116 54 113 -62 -14 23 -52 69 16 72 
-111 -1 -73 30 -31 -31 44 214 -60 27 -8 -25 50 87 -66 67 
-102 -47 -59 -3 -124 29 242 -15 -64 -27 -1 -43 -30 -82 196 -14 
-106 -80 -94 57 123 87 -64 -126 -117 14 83 51 9 -2 88 -188 
-16 -112 69 -25 40 82 -53 149 19 12 -13 105 14 -71 -82 54 
3 -41 63 -17 -32 53 20 -65 71 85 0 42 166 -44 1 -6 
110 -23 10 -27 101 27 40 -112 230 21 121 123 76 -77 13 67 
30 -116 -75 87 -56 -9 -54 -26 32 13 -213 -10 -13 14 -91 -14 
8 52 42 7 -168 4 118 2 -91 80 -8 -105 28 117 -24 -12 
-163 -58 -28 131 48 -210 53 63 54 108 28 88 58 -44 -107 39 
-8 5 25 68 137 -71 -72 48 -80 40 -81 -14 -23 25 66 51 
-6 10 -53 -31 -4 10 -178 2 29 247 18 70 39 34 -94 -62 
-34 -31 30 70 -25 3 139 -9 -82 -32 11 94 -114 -31 4 101 
38 -74 -107 -41 -28 7 98 92 -145 -73 69 52 16 121 -12 -68 
29 -35 17 -53 42 49 31 37 -23 34 -21 -7 17 58 -45 14 
-35 -46 9 33 -51 -108 -27 -12 129 -21 -26 -102 44 133 -31 4 
58 82 -30 24 -9 133 -43 -105 -86 -24 132 15 -4 -63 24 160 
21 6 76 114 8 46 -30 -26 -54 -62 -96 52 93 60 57 -29 
0 0 0 0 0 0 0 0 0 0 0 0 0 0 0 0 
0 0 0 0 0 0 0 0 0 0 0 0 0 0 0 0 
0 0 0 0 0 0 0 0 0 0 0 0 0 0 0 0 
0 0 0 0 0 0 0 0 0 0 0 0 0 0 0 0 
0 0 0 0 0 0 0 0 0 0 0 0 0 0 0 0 
0 0 0 0 0 0 0 0 0 0 0 0 0 0 0 0 
0 0 0 0 0 0 0 0 0 0 0 0 0 0 0 0 
0 0 0 0 0 0 0 0 0 0 0 0 0 0 0 0 
0 0 0 0 0 0 0 0 0 0 0 0 0 0 0 0 
0 0 0 0 0 0 0 0 0 0 0 0 0 0 0 0 
0 0 0 0 0 0 0 0 0 0 0 0 0 0 0 0 
0 0 0 0 0 0 0 0 0 0 0 0 0 0 0 0 
0 0 0 0 0 0 0 0 0 0 0 0 0 0 0 0 
0 0 0 0 0 0 0 0 0 0 0 0 0 0 0 0 
0 0 0 0 0 0 0 0 0 0 0 0 0 0 0 0 
44 -80 42 -108 34 173 50 -75 175 126 -113 135 29 34 15 16 
-138 1 134 -47 160 -3 -136 154 25 35 -20 48 -84 -134 -7 -33 
147 -19 89 -40 17 53 35 -8 -149 58 58 -130 -152 86 -47 -139 
137 68 -53 -16 -49 15 -48 87 101 -168 -41 -56 -80 96 142 6 
-16 12 -10 39 154 -40 7 107 87 -88 -96 94 69 -5 -164 -109 
119 53 -34 39 -89 -65 14 -35 -150 15 -99 -21 -52 109 50 175 
-34 -41 63 63 110 158 53 42 -72 -123 -102 -7 41 -106 38 3 
-75 88 -75 -14 61 -24 5 -51 94 -27 0 -147 -82 -95 119 238 
-49 -106 196 117 0 46 55 -31 52 215 12 32 21 61 53 78 
76 103 -4 42 -24 -108 -57 109 161 2 -96 -37 63 157 -22 -8 
-4 -109 51 120 -168 24 -99 69 23 56 66 -26 -6 61 -80 42 
39 -56 17 -74 29 -178 -9 -50 -108 -2 186 93 -88 -154 -100 158 
6 87 51 -73 -36 -125 46 15 -117 93 25 -7 -4 -63 46 131 
40 -65 199 -49 -75 42 -24 58 220 -146 -50 96 8 -99 -47 -25 
44 -44 -107 151 -119 89 -15 -37 -96 -55 -218 70 -85 54 -86 -51 
216 34 20 -119 122 -36 -39 89 25 18 -9 -89 -32 -123 -149 24 
-141 139 -85 -12 33 70 -47 -73 19 81 145 -63 -46 25 -65 210 
-41 -49 -49 -8 -96 73 -40 -93 117 59 115 148 34 257 -61 -68 
58 -113 62 166 -56 71 108 -10 130 49 34 -71 -39 -105 57 75 
22 31 -116 90 -113 -53 56 -167 33 45 26 21 30 -4 99 -65 
8 9 119 18 -71 -125 113 -86 -146 31 158 -122 38 34 70 0 
-18 31 232 111 -1 63 134 2 -54 36 23 -99 58 -44 143 88 
113 73 61 97 -153 167 -156 56 -3 113 -228 60 -161 53 -9 131 
-8 15 138 -148 79 -2 -107 125 33 117 147 -53 97 149 -168 -62 
54 -103 39 -102 -111 -66 64 82 -30 -44 20 63 -31 -33 72 -18 
55 48 -94 126 84 50 33 61 22 45 -24 -166 69 97 -246 24 
40 -116 -55 158 -122 -12 10 -177 110 -49 -6 148 35 -107 -244 17 
-35 123 -25 92 -10 -140 -5 24 209 -92 99 -106 -55 -37 97 -44 
70 72 20 9 -14 -79 155 8 84 58 48 -64 -14 42 25 -64 
-56 -41 61 35 -59 128 -100 -226 -76 57 102 8 -41 -146 -75 167 
0 0 0 0 0 0 0 0 0 0 0 0 0 0 0 0 
0 0 0 0 0 0 0 0 0 0 0 0 0 0 0 0 
0 0 0 0 0 0 0 0 0 0 0 0 0 0 0 0 
0 0 0 0 0 0 0 0 0 0 0 0 0 0 0 0 
0 0 0 0 0 0 0 0 0 0 0 0 0 0 0 0 
0 0 0 0 0 0 0 0 0 0 0 0 0 0 0 0 
0 0 0 0 0 0 0 0 0 0 0 0 0 0 0 0 
0 0 0 0 0 0 0 0 0 0 0 0 0 0 0 0 
0 0 0 0 0 0 0 0 0 0 0 0 0 0 0 0 
0 0 0 0 0 0 0 0 0 0 0 0 0 0 0 0 
0 0 0 0 0 0 0 0 0 0 0 0 0 0 0 0 
0 0 0 0 0 0 0 0 0 0 0 0 0 0 0 0 
0 0 0 0 0 0 0 0 0 0 0 0 0 0 0 0 
0 0 0 0 0 0 0 0 0 0 0 0 0 0 0 0 
0 0 0 0 0 0 0 0 0 0 0 0 0 0 0 0 
-42 -212 -24 146 -66 -184 21 -288 10 9 -108 -30 167 -253 250 9 
-172 53 58 -85 72 14 80 83 180 88 248 -50 -206 70 181 113 
69 -83 121 -34 180 152 -99 -63 63 206 -143 -109 156 -106 42 56 
-10 -80 195 -101 97 71 -153 38 86 -104 168 27 -31 -2 205 122 
-177 -23 -65 174 -113 60 -67 341 78 113 -28 17 -120 135 137 331 
-192 162 -236 -8 -150 138 32 266 -137 311 -251 -48 202 -245 -172 -63 
-162 224 86 136 -156 405 35 164 13 360 57 -228 152 -28 35 -157 
-182 -2 -162 -203 -173 174 -59 132 0 0 0 0 0 0 0 0 
131 -154 -253 -143 131 18 107 116 -193 18 -73 208 -93 133 203 90 
117 93 20 26 -11 -91 226 83 -109 -124 70 -108 -27 50 63 -78 
103 113 103 137 163 175 153 -75 -44 5 -49 66 -223 -173 201 301 
-14 -51 15 -105 -135 -152 313 36 -9 -207 -59 -214 74 -62 228 323 
-120 137 77 112 -20 86 198 59 268 -83 75 -46 169 12 -207 4 
-19 1 -257 61 162 -113 51 -30 52 147 -90 -125 -95 94 -276 -120 
39 -126 69 -154 208 -20 87 71 51 -3 -159 -89 166 -30 -206 -125 
-9 143 -39 160 -325 -170 -242 272 0 0 0 0 0 0 0 0 
-73 -182 -224 -71 -61 16 130 169 36 -218 208 -75 46 -34 -113 24 
96 -198 -23 126 -140 158 -128 -13 -151 -1 -75 169 75 59 94 -68 
103 -14 -127 189 -253 -184 200 -42 -71 -53 -201 -99 -153 121 -345 32 
190 -12 21 -111 16 -18 -18 -28 196 -200 -26 3 -208 -148 -192 38 
41 40 -70 61 -122 -295 15 0 -17 -107 -66 325 -57 -179 99 -26 
-193 -101 -103 121 292 169 -113 72 -225 217 -146 36 87 -51 211 -20 
29 -40 39 36 -101 -44 -27 -231 128 15 54 -194 -1 49 -135 50 
-126 -21 255 60 236 -18 6 -69 0 0 0 0 0 0 0 0 
127 27 70 -2 -62 139 90 -152 40 5 -65 114 96 8 -78 -98 
-74 -95 -15 85 102 -49 105 -10 -79 -132 -19 18 -50 -40 13 15 
216 -76 -143 121 51 -95 -69 -51 96 -64 -50 62 -52 -56 13 7 
-6 -21 124 46 110 -70 69 59 21 -80 -45 46 -43 29 -23 84 
27 142 37 -96 149 199 -76 -85 35 29 -178 -52 94 50 69 -76 
100 -56 -114 152 -93 -62 73 4 -10 112 82 17 88 35 94 -71 
9 14 0 115 30 -58 90 -60 -83 121 -58 0 -35 -165 22 55 
-41 -30 -10 47 -21 12 62 -71 79 74 59 -100 158 -99 -28 140 
-23 46 113 -193 -39 28 128 108 -60 -168 5 106 -30 -93 -41 62 
-103 137 105 -16 -1 -60 -109 -87 -11 132 -96 -159 -9 -25 79 104 
68 -163 35 53 -75 124 30 -4 51 -103 -14 5 76 181 -105 12 
-107 38 -180 -103 0 -4 -8 -162 22 7 97 112 -21 85 -7 40 
68 -53 17 62 -67 40 -57 112 -116 24 104 -238 -9 104 55 -49 
-88 131 153 48 32 96 72 50 -160 23 -89 -63 -16 64 90 -181 
25 -65 -31 -60 21 -30 -66 -123 51 157 -129 -43 45 -32 -120 61 
103 60 46 -91 0 -62 91 59 -6 13 36 19 -68 42 22 -29 
-112 46 64 130 -67 -63 39 51 16 20 -63 36 32 63 -93 63 
-82 -2 28 36 -81 -27 2 -17 40 -133 54 52 77 100 75 -26 
56 -146 -133 -46 -127 66 52 130 -84 139 97 -32 -167 124 31 -45 
-93 178 151 54 17 -3 2 153 -39 28 124 45 -120 30 137 9 
-102 -31 -69 -116 46 8 122 44 -152 121 -50 -14 -170 -104 -57 101 
-53 -19 -38 -96 -89 68 55 -147 20 212 -62 -71 146 -168 -86 59 
-69 34 -82 129 7 -49 -92 78 20 67 -65 -41 46 -132 -8 79 
136 51 52 96 22 -61 2 -70 46 11 -62 -67 41 55 -253 6 
23 37 81 -157 -36 -181 -204 129 -32 159 190 33 205 -119 77 -83 
-68 -9 32 -43 -77 -172 -71 31 -88 19 -109 42 158 -158 111 -116 
39 -101 71 -19 -41 179 40 -95 -122 2 -31 -9 -65 -27 -2 121 
105 9 -60 -16 -39 88 -50 8 29 -2 81 -73 -34 -58 -91 -28 
22 -73 -21 102 39 29 -39 -37 60 82 109 -38 22 -70 -9 -15 
-25 -90 9 54 -75 -65 -12 -79 68 15 -93 87 -1 -44 48 -38 
9 33 -20 -23 8 94 59 52 -19 73 -90 -14 66 114 -3 -13 
12 79 14 -69 -4 23 5 -64 92 -52 -42 48 105 -86 -13 -74 
-30 22 72 15 -48 57 -121 -145 -27 -85 -27 -9 53 -33 34 -26 
-70 9 -30 -5 78 8 65 41 90 63 -70 18 72 -12 -26 -60 
9 5 -37 40 -7 -13 -59 -67 73 50 -73 -12 50 76 -49 57 
-6 -79 136 -42 -84 40 -22 77 -28 104 -71 -42 -105 -17 19 -2 
20 46 -34 109 -30 -42 14 -6 18 157 -60 -102 -50 -35 17 -24 
-6 -51 -108 100 -109 5 16 -45 -7 -74 92 -14 69 57 -63 7 
121 -57 43 29 63 88 2 -27 -64 51 -108 20 82 1 -74 -46 
67 171 2 -7 -12 -6 63 27 -57 18 -51 -63 74 37 -55 -35 
-102 -100 -47 -18 20 46 -79 -40 -36 -45 -54 0 110 41 -109 -81 
28 -19 38 67 -21 28 -57 -48 28 -15 34 -87 -36 -111 -16 8 
39 22 -104 58 -78 1 12 -27 -30 -31 -61 -85 2 29 54 29 
30 -73 -35 -112 18 73 -33 -19 -37 -26 33 18 29 134 15 -25 
71 99 38 91 -20 -116 -67 25 20 -33 -61 33 -65 -22 -50 44 
-107 -21 33 39 23 56 60 27 113 25 -111 7 -49 96 57 74 
63 47 -15 -34 27 -15 -2 30 30 -113 62 -54 -44 57 45 -5 
-28 44 9 -102 168 -24 -16 -9 27 87 -96 136 3 70 -32 -8 
-78 61 -9 63 253 -71 33 65 -76 -42 45 33 -121 33 -43 -66 
26 -5 98 136 -40 56 -30 19 -115 -140 -66 53 79 -74 -33 36 
-24 -129 -94 73 -30 -55 11 35 54 -92 -9 24 -72 24 19 -81 
10 -45 69 -84 -91 60 -121 99 -76 75 99 -6 -12 74 55 53 
-127 -27 98 -63 0 27 72 105 -53 -63 97 -82 30 64 -85 -74 
21 -45 -37 -87 1 4 -13 56 -10 -14 13 86 26 117 40 -22 
149 38 89 -12 125 -15 113 -80 27 -89 4 132 76 -39 16 -16 
118 -35 -4 -46 -8 -40 -52 -48 -45 64 -4 135 -92 28 54 83 
-53 -31 -88 178 49 48 75 -136 61 -52 -5 147 96 -65 47 -25 
63 -195 1 -89 -39 -143 -54 152 50 -34 -81 65 116 2 67 56 
-18 109 -36 129 30 -3 -36 51 -71 149 21 -157 -134 45 74 104 
78 30 -40 101 118 63 27 54 4 37 35 -6 35 -32 35 137 
20 53 43 10 6 -189 24 -88 -83 41 -33 58 -57 61 29 115 
-114 -37 131 54 16 -117 -32 -14 -12 13 52 -120 -26 76 -3 79 
-91 -63 103 61 144 -47 5 82 32 -25 68 6 -70 -46 77 -44 
-36 -23 -50 42 102 30 72 99 -119 12 -85 39 54 -10 -63 -15 
59 88 -56 20 -43 -19 -54 -33 153 9 48 -10 62 59 88 -120 
36 -104 131 18 -33 -1 -104 5 6 -60 -24 23 -41 -58 112 -61 
126 -49 51 73 -102 5 -95 -134 -24 131 20 -96 -86 13 -63 1 
25 -17 87 -42 69 -20 -47 19 106 35 115 -57 117 39 30 -83 
21 54 -132 19 19 45 65 34 -46 -89 34 118 2 55 -22 -89 
-10 -19 79 -93 -72 23 -70 -65 -45 -20 49 12 104 37 35 -6 
-59 31 40 72 41 -30 54 -56 -30 -31 85 185 -99 -96 23 48 
35 -27 -119 -14 -24 -1 12 -45 -27 -64 20 -4 -58 62 44 -53 
49 64 47 6 56 139 108 -29 -13 -11 -2 -40 -38 -2 14 -67 
50 38 43 61 -114 -79 166 30 -141 0 -143 -16 9 20 56 27 
60 -35 70 -98 69 75 -130 47 21 133 -21 -59 -49 42 61 32 
93 -71 32 -49 65 -35 29 115 87 -89 -12 -135 -25 -14 54 -78 
32 -12 -98 37 24 -38 72 -6 -43 90 13 14 9 -78 -74 -46 
26 33 -90 34 -36 -125 131 18 -6 -9 84 -61 -105 -49 137 128 
-162 39 17 95 -135 78 -42 -9 94 -93 -54 190 50 -116 -91 -12 
34 94 107 17 -8 24 -60 8 95 -47 121 5 74 -62 83 -25 
-16 117 -173 -46 138 26 -57 -9 20 -69 80 214 -19 34 -4 97 
37 -66 18 -33 -40 -88 21 -5 -3 85 -17 -76 -44 56 -14 -46 
25 55 -114 1 75 -30 0 24 -3 19 80 12 34 -31 -12 -71 
45 -66 74 -50 64 78 -9 -7 34 39 47 23 137 13 -88 -57 
-44 -17 45 57 -24 0 -22 35 -74 88 93 31 2 63 -111 -68 
-6 120 24 -20 2 25 -14 50 -30 -38 84 107 -13 7 -22 -25 
-2 4 -41 111 17 -105 29 -70 -87 17 8 -1 -26 -17 -112 26 
-66 17 40 15 38 -10 47 83 -1 -48 -44 53 -51 38 -54 -88 
39 25 -2 -50 -1 -49 -30 24 55 30 -74 -75 84 123 -99 31 
74 -11 76 -90 4 23 27 0 41 25 -50 -14 -53 -42 -60 -79 
48 -56 -65 -85 104 -1 13 70 24 -18 -63 -20 -98 78 -28 -80 
40 10 -37 -42 5 -59 69 72 -47 -62 60 47 56 60 53 -61 
32 30 26 -22 -15 40 64 -78 -17 138 -74 19 -12 -82 11 46 
52 13 -50 11 -48 -57 67 -63 -43 -85 1 23 49 -55 -5 51 
-13 -41 -36 30 9 37 21 27 -57 84 13 49 -33 -36 -130 55 
-23 101 37 30 19 42 29 23 71 35 -66 8 51 -124 -56 -33 
10 25 -53 86 -51 38 36 -94 -131 44 -38 33 -67 -25 53 -6 
60 0 41 -79 -27 -35 -52 -48 18 -13 15 -115 96 147 35 -64 
-3 85 -29 -33 22 -39 -49 30 -1 54 -37 26 -76 -5 17 -49 
-19 53 -46 85 -104 -21 -51 -102 -144 -12 -44 -27 -53 33 -45 -114 
-2 -96 66 60 -69 79 38 -26 49 -67 33 92 13 39 -44 88 
-42 36 65 94 -22 32 124 20 76 -59 -35 109 124 -63 33 -40 
38 16 -105 -23 -84 -52 42 132 39 -21 -51 83 177 96 98 -56 
92 141 -109 67 10 100 19 27 -45 2 12 -4 81 -66 79 16 
-10 53 55 10 45 91 -10 45 98 42 -15 -110 28 -67 -20 -37 
20 -65 -39 43 138 -20 101 -21 83 -41 -79 -68 6 -23 -146 37 
0 35 40 74 23 15 32 -41 101 -60 8 -17 129 49 11 67 
9 17 -10 12 21 52 -60 56 -10 143 -67 -65 22 -8 8 -62 
-85 82 93 129 -141 34 -27 -29 95 99 50 7 -15 1 39 65 
-81 -3 -40 -8 -63 -7 15 44 18 25 -53 -165 33 -62 -23 23 
-85 71 54 44 -1 140 -5 24 -114 -121 -46 31 -95 -80 59 114 
-25 -60 -46 26 48 -14 -5 89 125 34 10 -41 -75 -14 129 16 
-35 -65 -37 15 54 23 -58 -97 -40 -96 53 -26 39 73 -56 -134 
-70 23 7 -47 -25 -36 -132 82 43 -10 105 89 -85 17 -34 -33 
29 -80 95 82 75 107 81 33 23 55 -26 124 185 18 -102 39 
107 -62 -85 -93 1 92 6 16 -81 -16 80 140 -28 -76 74 23 
-2 -11 -32 -58 -129 -6 -29 52 17 58 42 47 67 -35 -88 13 
-54 -93 -8 32 -25 -7 6 -22 -54 57 -57 -62 19 1 -55 -36 
16 17 -91 -101 -31 -75 -44 -18 -27 1 104 -4 69 6 25 30 
67 -49 94 112 -37 -9 -43 -11 -97 39 126 43 -23 13 -44 -105 
-46 19 -14 64 -42 -65 -63 17 -109 -36 -54 -98 66 -23 -80 0 
49 43 16 -117 68 -59 -31 91 -40 0 -36 6 -37 57 -15 -27 
-48 -8 -76 -143 32 -30 63 40 -6 -20 -23 21 39 35 73 0 
-6 46 100 42 -32 -15 5 -3 -102 -2 -1 -32 66 111 178 114 
-63 -2 41 0 -21 -71 61 -13 -72 50 27 -56 -61 -17 -18 -12 
28 66 -37 16 30 39 -17 -62 -5 -20 22 -14 -136 -16 41 -35 
-23 -166 83 -1 60 21 -15 56 -22 -19 30 50 48 -64 -52 -57 
-25 -39 -8 -28 -61 -7 129 42 -76 32 82 -74 -32 -26 -18 18 
-80 -27 7 -31 59 45 -41 51 90 82 -7 5 7 -9 -32 69 
60 -55 -17 -20 15 -18 -24 -8 114 -14 14 -44 49 -19 52 -42 
22 -24 -36 -53 2 49 8 44 17 28 -38 -2 -7 -19 2 21 
-44 40 -58 61 -59 33 -70 50 -55 -46 44 7 48 -51 27 -65 
37 -29 -85 15 -185 14 61 78 -64 -60 -33 102 -20 18 -164 37 
-2 85 87 -79 44 -17 -76 -15 -36 -4 -33 -6 79 31 -2 -103 
-41 77 -26 -82 -46 -16 68 -67 65 -102 77 80 70 115 119 20 
-8 52 1 15 -3 1 -5 34 3 -36 -7 35 -36 -27 -3 -4 
-5 25 -37 40 25 21 -20 24 38 -33 29 37 -2 17 30 -18 
17 7 57 -1 38 -15 82 -36 -22 -23 -13 -14 8 12 36 1 
-15 14 -15 -36 8 -30 -25 10 17 -16 25 -8 22 -2 6 67 
29 -38 30 -11 46 44 15 22 14 11 -1 26 -27 27 21 4 
55 28 -15 -11 14 48 2 -3 11 -12 -31 -14 31 23 34 8 
11 17 1 28 8 -46 2 0 20 -10 -5 -50 27 1 -11 25 
-31 -34 10 -18 55 1 -16 11 49 -6 7 -4 -42 35 19 -54 
54 1 39 -7 -50 -10 -33 10 -10 15 23 -55 12 16 20 36 
-1 12 19 40 56 -5 -29 15 -37 51 -21 7 -22 -13 21 -6 
24 -12 20 -1 17 14 11 39 -9 11 -3 6 -16 3 -13 6 
-34 2 7 23 26 -40 8 4 -3 -26 -30 -3 41 16 0 21 
35 28 -4 20 -32 24 2 -15 -3 -1 50 35 3 -38 17 -5 
37 -38 6 57 -65 -26 8 17 26 5 25 25 1 24 -22 41 
29 -3 -17 -9 -39 -1 36 5 4 5 7 1 -5 23 -4 -19 
-3 36 4 -41 46 -12 5 -16 13 9 -13 -11 -18 -19 -26 19 
29 -28 -45 -47 -37 11 5 -24 8 38 -16 18 -25 24 -8 63 
45 49 -9 20 -30 -9 -15 -9 -12 2 -27 -35 -7 52 6 25 
3 44 9 -18 30 17 42 -23 -2 -2 29 21 -35 -14 4 20 
-2 4 12 -28 -9 43 0 29 -34 -9 15 13 76 -4 -26 5 
74 31 20 9 -27 -13 5 21 -22 -9 -8 -30 -41 -10 -30 -23 
7 -65 -40 -16 -23 4 -15 13 29 20 -27 2 13 -18 -3 11 
-10 13 20 -8 35 22 14 13 0 -27 35 0 20 25 1 -1 
31 38 3 -26 15 33 25 27 -29 -9 15 -22 15 5 -22 9 
17 2 -11 5 2 12 52 7 52 5 -21 -4 20 -21 -15 16 
7 9 -10 25 -29 -3 0 21 11 2 14 -30 2 8 3 -3 
-23 41 -36 0 13 13 9 27 -74 0 41 19 49 -8 -3 -25 
19 12 4 28 60 19 22 9 -2 44 -30 -23 -5 -27 -7 -19 
15 21 -4 -7 -23 7 -30 -44 -2 -34 12 -16 -10 -50 1 -9 
-25 -13 45 28 -14 -37 1 6 -15 -20 -28 -14 -14 30 -6 -33 
40 -10 -26 3 -25 -10 26 12 20 0 -12 -16 15 -5 6 -15 
-35 -7 -2 6 5 -2 -3 -32 32 -1 36 30 -37 25 -1 -26 
-12 -13 37 -47 -22 15 3 -31 9 40 22 2 44 11 22 34 
-30 10 24 -13 11 -21 36 35 -29 -1 1 27 24 23 26 7 
15 21 2 23 4 8 20 -43 -7 0 -15 -17 7 -25 -33 -21 
54 -14 -6 40 -26 -14 -42 -14 -36 -4 14 27 25 2 -16 -16 
19 49 -33 21 19 -52 47 0 39 38 -31 30 19 -27 8 14 
-12 -32 45 18 15 20 -13 38 -30 -15 8 14 -35 15 6 -1 
-28 -7 -42 52 -31 38 54 -9 -23 12 32 57 -47 -3 -54 66 
11 -17 -7 34 21 50 12 5 -52 28 25 17 -37 24 8 38 
-23 -2 -13 -6 38 32 -12 33 0 0 -14 -10 13 27 -37 23 
57 30 18 12 -13 52 -32 7 9 8 -31 -14 29 -4 -32 -14 
24 -53 5 43 1 -56 4 -21 6 -13 18 4 -13 -4 -28 36 
-27 -33 14 5 -53 6 40 15 -32 -29 48 3 -7 19 31 -19 
13 17 -25 -23 7 9 14 -21 -36 18 13 15 -21 -1 19 40 
-4 -20 -30 47 40 -6 20 40 25 37 -13 19 28 3 -7 17 
-20 27 -66 10 28 57 -42 -29 37 -10 21 -21 -4 29 -26 4 
41 -23 79 6 7 45 -15 16 -15 -13 2 2 33 -39 -22 12 
27 18 -36 -61 45 16 12 -54 -5 0 -2 31 5 -7 46 3 
26 -19 38 -7 -6 27 26 14 71 -1 7 43 -6 -21 -6 -43 
22 31 13 27 18 -42 48 -29 15 -2 -16 -1 28 -18 -39 19 
-42 -25 -2 -28 9 -29 5 51 -4 22 -38 4 8 -21 -60 13 
-27 10 0 -53 33 19 9 37 -18 -22 31 13 87 -19 12 58 
20 -12 -24 31 0 -48 -12 7 4 -10 4 32 11 -29 23 10 
33 33 -17 47 -24 4 29 13 59 -16 -2 -20 18 13 -19 1 
31 -21 -5 11 -17 -5 36 -32 21 3 -25 39 15 12 39 64 
-13 -5 -12 1 6 21 42 -32 7 19 -23 14 15 -30 -2 -36 
11 15 29 -28 37 8 24 -8 42 -38 -46 -15 -43 56 15 -31 
-36 -7 -13 -41 -17 30 -42 2 32 67 36 -12 12 -23 11 -15 
11 -9 -6 13 -5 -7 23 31 7 8 46 29 8 -6 29 -6 
-13 -10 -51 20 32 11 0 -10 13 -12 33 -17 -15 4 36 -16 
35 -26 -23 15 45 -30 -5 -3 37 7 -13 -2 -6 -14 36 9 
-22 39 -24 -34 16 -6 -27 -32 -37 -7 -22 35 -35 -24 -7 -5 
24 15 0 52 39 18 -27 8 59 18 21 13 -21 3 -40 25 
-36 30 -19 -70 29 -37 39 6 24 -18 -52 15 4 -3 -1 37 
-14 32 39 16 -53 46 20 -4 50 14 -11 13 -1 -32 2 14 
3 -21 31 14 -25 12 10 16 -30 13 -19 -37 -6 3 -9 16 
-1 26 9 -3 28 49 15 42 -7 26 -16 18 27 -29 19 -5 
20 2 30 5 11 68 -44 59 13 53 4 35 -19 -35 31 -41 
-4 1 -39 85 -59 18 -20 18 -18 5 -36 12 -22 -15 9 20 
-31 12 26 -13 14 11 -7 30 -8 -36 2 30 -37 1 -8 18 
10 -12 43 44 72 -15 -6 9 -28 30 38 52 52 -42 -1 -14 
-1 -43 5 -9 -12 -4 15 28 -28 2 19 -13 -6 8 7 28 
38 36 6 6 -10 -27 11 -15 -15 -55 11 1 -20 -16 -13 -8 
4 8 27 -29 -16 29 -35 18 2 -9 7 -37 25 2 -2 7 
-8 -8 -2 -1 22 -28 16 18 -25 4 -17 -14 19 -29 -21 -75 
-10 22 -20 6 -11 -51 47 -33 -3 -4 -21 6 7 2 12 -23 
-65 -12 -19 26 1 -13 -15 6 -14 -23 -11 -4 -36 11 5 4 
10 -13 5 -41 -18 31 -14 59 -8 -23 0 8 13 -5 11 2 
-11 27 -41 1 -24 4 -25 -12 12 2 -35 9 14 -8 -15 -3 
-11 -42 -6 -10 -31 8 28 16 20 -12 -7 -29 2 44 -39 -24 
-4 -9 -22 -30 -34 17 9 4 -2 -31 7 4 14 -5 10 -15 
-3 0 -3 -8 9 -48 9 -2 -14 4 -30 -6 -6 1 14 -38 
5 3 7 -5 -9 34 -11 -4 24 0 0 -37 0 5 28 -14 
-30 7 11 -19 10 -17 36 -8 29 3 6 10 -13 42 9 -9 
-55 4 -15 -2 6 6 -1 -17 -42 -24 -5 -19 9 -17 -5 -6 
-20 16 4 5 57 62 -15 -16 6 -6 -27 -31 11 -9 -19 -33 
40 9 11 -3 -13 -10 0 -29 1 -10 41 22 -12 17 24 1 
-24 2 -40 -11 -24 0 0 -43 -11 -17 9 -8 -6 0 4 -52 
2 18 12 16 -7 17 19 3 5 -2 -1 15 -2 -11 6 4 
-41 -38 -13 -18 -9 -34 7 6 -29 2 -23 36 23 3 2 -24 
-13 10 -15 -9 -14 2 -1 6 5 -9 10 -31 -14 -11 18 -46 
8 -25 1 -12 1 1 -8 -2 17 -16 4 -7 -8 -15 -10 6 
11 3 21 -3 -10 -9 12 -27 4 45 -38 21 6 -33 1 9 
-9 -25 5 17 25 -32 -20 8 -33 -32 -36 1 -26 8 -17 15 
31 -25 21 -3 -17 6 0 -16 3 -42 -23 -7 -27 -14 17 -6 
-24 -9 5 -1 -27 7 -63 -45 7 20 11 3 17 26 10 -27 
-13 6 48 -13 0 -16 18 25 10 13 -17 27 -20 4 -7 -12 
19 -33 -25 -7 -56 -16 -2 -2 5 21 -9 -48 1 4 13 -4 
-6 -19 -4 1 -23 -8 11 -23 -35 -11 -17 27 27 -22 12 36 
-8 -22 -18 -9 6 12 1 -6 -17 50 -10 -39 -8 15 -13 -17 
-7 -13 -7 -2 48 17 -11 -2 -32 0 64 4 19 6 12 10 
-24 6 3 17 9 -5 -12 4 0 -1 30 -4 -16 15 -2 -46 
27 -16 1 7 -30 -16 -32 -22 -11 24 -34 -6 -8 7 -9 8 
-6 -8 -36 -14 8 -31 4 3 6 -29 -8 13 -2 16 -4 10 
2 0 8 -23 13 14 9 -39 7 -12 -3 -7 -11 8 13 0 
11 -18 -25 6 -6 -23 21 9 -25 -3 -24 -3 9 -14 -10 -8 
-20 3 -17 -49 -32 2 21 -11 32 -27 -23 -20 -7 9 -1 -12 
-4 40 -40 17 33 17 42 14 -17 -35 -5 9 9 23 22 -18 
-5 -3 29 -8 21 35 -29 21 14 -16 10 -34 14 59 2 -9 
2 36 1 -4 48 -20 -2 -10 5 16 -24 7 -18 -26 -5 47 
-15 -1 -34 -9 -19 28 64 -9 18 -11 32 8 47 23 10 23 
49 -12 -7 -41 6 33 31 64 -13 -7 7 23 9 -13 20 15 
49 3 34 -6 -12 -23 -4 -10 0 20 -27 -40 22 33 30 -10 
3 -17 -10 42 -4 -5 8 0 5 12 1 -26 -3 -9 -33 12 
0 -27 36 16 15 -6 18 4 -12 -23 24 -43 -22 6 4 -1 
32 22 15 29 -23 10 4 -61 2 4 30 -51 -50 -28 -21 23 
-11 30 9 -19 28 -26 -28 10 -13 51 -28 -9 -1 20 19 27 
12 5 34 -16 1 27 1 -18 19 -10 -16 -13 12 9 8 38 
-5 16 0 21 6 -4 -16 51 -14 -8 -23 -36 -45 -12 -1 30 
32 18 -6 -20 20 50 -28 -13 5 27 16 -13 23 14 11 -27 
50 -26 6 53 12 9 -9 1 17 -4 -12 7 -9 10 -15 -1 
36 5 -9 37 2 2 20 5 15 24 -11 -14 27 14 -6 -54 
-23 -25 10 20 41 -4 1 -16 6 15 -14 9 -49 -2 -18 16 
14 -27 8 43 2 13 14 87 7 20 9 7 37 62 38 19 
8 17 6 -32 0 -16 4 6 -6 -13 -48 -48 -2 -1 -2 -3 
10 26 5 -33 -11 16 -25 -30 31 18 16 -29 1 -4 -19 -16 
-34 -14 38 -32 5 13 -24 13 -35 -19 28 9 7 2 -7 40 
11 6 9 24 2 -1 14 -6 26 -2 40 -37 -44 -23 -49 20 
-23 -34 33 -5 20 12 -26 9 11 1 -34 -25 -30 -21 -28 -38 
-29 -6 -24 -5 16 17 -1 -3 22 3 56 0 16 -34 7 11 
-5 19 -20 -13 17 -6 18 43 -8 -10 -15 -13 25 -22 32 15 
8 -3 -54 7 7 29 -19 -12 13 -7 -4 -2 13 -5 20 21 
17 -14 0 9 25 -2 -43 -6 17 -3 -15 1 -22 22 -20 -13 
4 -5 20 -6 12 40 -35 24 -28 -16 -7 60 -34 -33 -1 -32 
16 -2 6 25 25 15 -7 37 59 38 26 -26 37 23 38 -27 
-32 17 -19 14 -16 26 -44 -23 -30 5 26 -12 -4 -23 8 -4 
3 -29 8 17 -12 -44 -1 22 -13 16 -15 18 11 -43 -2 -19 
12 2 72 13 -16 0 24 12 -13 26 -40 -15 6 -5 -9 -26 
-8 -4 5 21 22 -22 28 4 12 10 12 -3 -7 19 8 -49 
-31 26 52 6 -29 13 -26 13 2 40 -15 9 31 -30 31 -48 
1 -19 14 7 -40 1 -45 25 -31 11 -31 12 -3 -13 -2 -38 
-6 5 43 10 1 -16 -5 -1 9 -46 -18 -17 5 13 5 7 
10 -2 -24 18 45 -13 -2 25 -33 12 19 -1 -2 -10 -26 -15 
1 34 11 3 7 -6 23 -32 -23 0 3 2 -12 32 -12 -34 
13 37 -25 12 9 -21 -17 -36 -35 -9 -27 -24 3 -26 -18 -9 
4 -71 66 -6 2 -8 21 -5 -24 16 -2 2 13 14 -12 -54 
23 20 -5 -37 8 -3 -44 12 -14 0 24 -58 -14 26 18 48 
3 0 1 -8 26 37 22 -16 3 39 -5 6 50 -15 7 -2 
53 -1 24 -14 -36 35 -23 2 -9 -20 -5 17 11 22 17 29 
-6 20 -14 27 -1 3 23 -16 1 -3 1 12 -13 -3 7 -22 
10 12 29 -37 26 -2 8 21 -30 -18 30 -24 -6 8 -40 24 
-2 68 -3 -17 -35 -8 -32 34 -13 -2 -2 49 -39 24 23 10 
2 13 -32 29 34 12 21 -17 -43 0 23 4 2 -10 -16 -8 
10 -18 -6 4 25 -29 17 6 -34 -26 1 -3 -27 -33 4 -56 
32 -10 -36 -25 -2 33 16 -23 3 -31 14 2 12 32 50 5 
17 4 9 -5 -9 -9 37 37 23 -27 22 -12 -38 38 -25 -20 
48 6 1 3 26 0 5 5 3 -11 13 11 41 7 38 -6 
3 -1 3 20 5 15 -8 -17 12 -23 -12 9 4 30 17 18 
15 7 12 -19 -11 -7 2 31 -16 55 38 8 17 -34 14 40 
0 2 -5 -1 3 24 -23 -13 -20 12 -13 7 -23 -40 -11 31 
9 44 0 -18 18 -22 -19 1 26 -15 -15 9 -18 51 1 7 
40 -24 33 26 3 -12 -33 -16 -10 -8 26 48 28 -20 16 30 
0 -28 -14 -4 1 8 -20 10 21 7 8 26 2 -20 -30 -62 
19 8 -1 -14 20 -34 4 25 -41 -2 -20 8 -11 14 10 18 
5 15 20 -13 -10 2 16 -3 19 10 21 19 7 -39 -29 -10 
13 16 1 -22 -4 48 34 48 -58 -63 16 0 6 -14 -5 -7 
-27 -33 -19 15 0 32 3 -2 -3 33 6 -5 20 -7 15 11 
-5 5 0 1 -19 18 -59 27 -4 27 -25 1 20 -36 -44 -35 
-26 -9 -36 11 -10 2 0 -20 1 10 -2 -19 11 7 -30 -3 
39 -19 21 7 -9 -27 21 4 44 6 26 26 4 7 7 19 
-46 -1 1 -3 -47 -26 9 5 -35 23 -51 35 -7 48 -2 -2 
-4 30 12 17 -7 -15 -6 0 10 -38 -20 22 -22 15 -2 18 
-38 18 -20 -4 51 -5 33 -3 -7 -17 1 -38 -8 1 1 14 
30 -1 -6 -19 -8 -21 37 -7 5 6 -26 47 12 11 20 2 
4 -12 14 1 40 18 16 -7 21 -3 -33 -4 -12 8 -7 20 
-21 -41 41 -22 6 -4 12 -8 6 -10 -7 22 -22 10 -11 63 
-3 26 27 -32 -7 -3 5 49 35 14 12 -29 5 -4 -2 37 
34 -19 -36 -5 -9 -16 -25 33 3 57 28 -19 29 32 6 -30 
-54 17 7 55 -29 33 -9 -20 35 -19 -1 30 -14 2 0 14 
7 50 -37 -45 27 -19 19 -5 -45 -4 -5 4 31 60 78 21 
15 36 95 29 36 -102 28 24 -10 -19 -6 -35 32 -81 -41 -14 
-60 -22 2 -21 25 55 75 78 28 -6 -30 -16 39 -24 -7 16 
-36 -34 15 -30 0 31 91 16 -46 -5 49 -38 24 104 18 8 
20 -30 -10 -49 38 -3 35 23 -17 6 -13 10 -62 24 31 37 
-12 -25 -14 35 -26 42 -57 15 -12 15 -19 -20 25 -11 38 -64 
72 -86 -31 90 1 59 -4 39 69 -46 3 15 11 9 -38 -71 
-30 45 28 -32 -7 35 -19 17 -71 22 9 8 -17 -2 -73 6 
44 10 12 -29 -53 19 27 -49 71 13 5 -87 -42 -12 -145 43 
-14 -51 -4 7 8 69 15 -1 -65 -35 -10 -20 53 -10 -22 -36 
20 -15 34 79 73 32 26 -92 -22 -10 -13 57 -19 17 -34 -22 
97 37 99 -7 -25 63 -20 75 -21 38 -30 -59 -27 2 21 -4 
-3 17 4 -9 74 24 -36 6 16 -51 -8 -25 10 55 80 -46 
5 -28 18 -53 13 41 -31 -19 -9 -27 17 1 17 -36 19 4 
-14 -31 -54 60 64 36 27 -61 -4 -30 -58 -17 57 -7 -29 -31 
22 2 -11 72 -38 -54 -44 9 -62 29 61 6 -67 -10 -31 13 
-35 40 0 -1 -36 29 26 43 -28 -15 33 -7 38 31 34 10 
19 35 -15 14 9 58 37 35 1 -46 -29 24 -2 -70 43 16 
55 -56 -4 -41 -13 30 -9 -40 -67 -9 -5 55 -9 -49 -43 -65 
41 38 38 -15 4 -45 15 -35 -51 -44 51 14 -73 -8 49 -8 
-38 -15 -56 15 13 -1 -17 -45 18 4 9 47 -83 9 -62 -4 
-64 17 52 15 -18 41 52 -31 -5 24 4 -30 -4 15 -70 11 
-15 6 -60 0 0 23 -61 -46 -10 -25 1 -36 12 11 1 39 
12 -52 -12 -9 30 28 34 5 -2 -17 -41 24 46 -60 18 4 
-48 0 -52 -18 -59 55 -94 -18 -16 24 64 -12 19 -28 29 32 
31 58 27 19 28 -80 20 58 59 5 -100 41 -54 61 -8 -6 
57 4 16 -30 -111 -1 -13 41 116 -3 -7 44 -22 -6 -34 15 
-15 8 11 93 -21 72 42 2 42 14 -59 26 14 115 97 0 
21 -1 -6 9 -11 -2 -51 -4 -105 39 -6 -57 -27 -40 -16 -22 
-48 -86 24 7 57 22 11 12 28 -4 -18 -46 -3 -26 24 20 
-3 41 45 -4 -79 18 13 55 -21 -4 -32 -46 -74 40 2 -60 
41 19 -13 70 28 51 -27 -4 16 -8 0 -17 51 35 9 32 
-34 14 38 26 -1 -44 -18 -22 43 -33 -35 29 17 5 -18 -13 
95 -39 30 6 -32 83 -37 7 -38 15 -97 -1 -20 56 -11 2 
24 -29 -11 -16 -41 -17 29 57 19 -15 -64 -20 42 1 5 -5 
-48 -15 -55 12 -50 44 16 -10 34 13 2 47 30 -28 -24 -37 
-4 21 -1 0 20 6 0 -12 10 -21 -16 -19 0 3 22 2 
0 0 1 0 0 0 7 -1 0 1 5 1 3 12 2 0 
-29 -4 30 12 -7 28 -6 -10 -30 0 5 18 16 -1 15 0 
4 0 18 24 0 0 0 -19 16 1 -10 0 12 27 -42 3 
-8 0 -30 -17 6 -2 50 -10 1 0 -4 -1 -17 28 -42 4 
0 31 -20 -18 10 16 -6 18 13 -2 10 0 -7 41 6 0 
2 -1 -40 2 0 2 -26 -3 12 -6 -5 30 11 15 5 0 
5 -11 -6 -46 11 -2 -5 -8 3 0 32 -50 -1 -7 7 -9 
0 12 3 3 1 0 9 22 -4 6 2 2 -38 8 19 2 
6 1 2 14 -4 -1 14 -6 0 0 26 -8 30 1 22 24 
-11 -2 5 0 4 4 27 0 3 4 30 -21 34 3 -1 14 
3 5 -3 31 0 -3 -6 65 5 6 18 2 24 4 0 5 
-7 -18 -18 17 -26 -4 3 2 46 -1 -1 10 3 -1 -3 0 
1 23 14 17 -5 17 0 -22 7 -1 2 -21 -5 1 5 11 
5 0 19 15 0 31 33 49 37 0 -14 -5 2 -1 13 -7 
3 -16 41 12 -1 -18 16 0 57 24 8 -12 -3 -19 0 40 
40 10 0 12 23 0 -31 0 -3 11 0 14 -1 5 -6 15 
-8 -1 12 17 0 -20 3 25 17 -1 9 -5 -2 0 -8 51 
-21 -1 17 -21 -29 0 -2 13 0 10 -2 0 34 -13 -4 0 
11 -1 -8 11 2 -14 -33 0 1 21 1 -6 14 1 1 2 
1 2 1 24 0 25 -16 12 -50 -18 -3 2 0 19 -2 28 
0 -2 9 0 0 8 0 50 7 15 0 25 1 -1 0 28 
2 1 -2 0 -3 -18 0 17 26 9 -15 3 -11 3 -2 10 
3 -20 3 2 0 7 0 0 0 17 8 0 10 18 -8 20 
13 25 1 0 5 0 38 2 2 -3 2 0 0 -23 0 18 
0 -4 0 -3 -2 -2 17 6 13 0 0 0 1 -22 11 12 
1 0 8 -7 0 -1 27 53 13 -48 2 -2 -5 3 36 -9 
5 8 -21 1 9 16 -26 3 -20 -2 0 0 21 7 -16 0 
0 0 0 4 -16 -4 -9 0 28 4 -15 0 -33 -4 10 3 
32 0 -4 10 13 1 4 -7 -26 -3 -17 18 0 -1 19 -3 
31 -17 -14 -22 20 12 -6 -3 -23 0 -2 -7 36 -11 -22 -36 
1 1 35 0 7 -5 24 1 0 0 6 5 -16 1 2 -3 
3 -2 21 8 5 -1 -5 14 0 11 2 28 -3 0 31 12 
-8 -5 42 0 22 1 -13 4 -1 0 -5 31 1 42 0 -23 
24 2 1 0 4 1 -2 10 10 3 -18 -4 23 0 21 7 
21 4 29 16 32 -3 4 5 9 26 1 0 1 38 2 -14 
-1 24 1 0 -32 -1 0 4 -12 -6 4 -32 0 -8 -13 -1 
7 0 8 0 0 0 24 -5 0 0 8 4 50 23 1 1 
-19 4 -17 15 6 -11 -62 15 19 0 5 -5 3 -2 -17 0 
16 0 -19 26 1 0 0 -1 9 3 17 2 35 14 7 -6 
10 0 -9 -7 4 -21 15 -5 -8 0 -4 -1 15 -4 5 9 
13 -18 -13 -34 -31 -3 -5 -37 -27 4 -18 0 -6 42 30 0 
0 4 -7 1 0 3 -3 4 -6 16 4 22 16 17 1 -1 
26 8 -2 4 -14 -1 -45 -10 3 0 -31 37 5 5 2 -8 
-1 6 0 0 2 3 -20 8 21 -8 -3 0 16 22 22 11 
16 -2 7 10 -3 -2 11 25 -1 0 -9 -5 -35 -4 -16 -16 
-10 11 1 -3 2 9 19 0 -1 2 31 -4 -14 2 -3 23 
-17 31 -2 -18 8 -10 -1 -44 18 17 -23 2 23 33 0 13 
-53 -13 -8 -11 12 8 -3 16 50 -1 4 13 7 -2 1 0 
8 7 5 43 -1 19 0 -2 3 -1 -2 73 7 2 21 20 
-4 0 40 4 1 17 -40 54 46 0 -9 4 18 2 -15 -31 
3 -14 23 -26 -24 -40 44 -39 27 22 -32 72 0 27 0 29 
9 12 0 -10 -17 0 -21 0 3 15 0 33 1 2 13 10 
-26 5 21 -4 2 0 26 21 -55 0 -24 -7 -3 0 -6 -25 
62 3 16 -18 7 3 5 12 -14 31 5 -4 -14 -23 24 0 
-1 -8 8 6 -7 4 0 0 2 31 2 1 -23 2 33 1 
0 -2 3 20 1 10 34 -4 -32 -2 31 6 -4 -10 16 8 
1 3 -32 -6 1 0 1 -11 -13 -34 0 36 0 -2 0 96 
6 3 1 1 4 59 -2 -12 -11 -18 13 3 -21 -7 -4 51 
-3 -27 2 0 1 -32 -1 3 4 -27 -1 1 48 -12 -6 10 
-24 -45 8 1 13 3 25 13 5 -1 15 0 0 15 0 15 
-43 -23 2 -3 -7 2 -33 4 13 -3 1 2 5 -33 11 -34 
4 2 6 6 -1 5 -55 -29 -9 24 -1 -6 4 -5 -4 -9 
5 32 -5 1 -48 19 -45 6 17 2 0 0 47 9 -13 0 
-1 1 0 -8 39 7 13 0 8 5 6 1 2 11 18 9 
33 -5 -14 8 -17 11 11 1 -13 10 7 -55 13 1 -2 1 
-18 10 -21 -3 13 3 0 -41 7 0 3 -27 47 -12 39 25 
-10 0 11 1 7 -25 12 -1 3 1 65 -20 67 8 6 2 
14 -5 42 63 13 -2 18 3 0 -12 -4 30 -1 2 9 -7 
0 -18 13 0 -6 6 -18 6 6 0 -12 -10 6 -4 0 3 
11 -2 1 0 2 1 1 5 -13 2 -6 2 -8 0 -33 30 
18 -2 52 19 31 55 0 -1 17 6 0 0 6 -8 9 13 
-3 18 -1 0 23 -1 0 -4 -21 3 -34 18 0 2 1 4 
-3 0 -2 0 0 0 -12 2 0 -1 6 1 -14 4 -2 0 
21 1 12 -5 6 -4 16 1 -4 0 1 -33 -8 -1 21 0 
9 0 4 -30 0 0 0 -11 20 -1 11 1 -24 -18 17 1 
-31 0 10 14 0 9 -29 24 4 0 -7 0 -6 12 34 -6 
-4 -8 19 5 15 -3 0 -10 -23 0 5 0 -2 -32 -2 0 
0 0 -4 -1 0 0 -23 1 9 -5 1 2 -10 -15 3 0 
-8 -43 0 22 11 14 17 2 -1 0 1 4 0 0 -6 -3 
0 3 -1 -1 -1 0 26 3 -4 1 2 5 -9 -22 -16 -2 
-17 1 12 5 1 0 -11 -2 0 1 -14 -15 -3 -3 -8 -13 
2 0 -6 8 -1 6 -12 0 0 -1 -36 -4 -2 -1 -7 -21 
10 -24 3 -8 0 9 -13 -6 20 -12 24 1 -18 -13 0 -23 
39 -18 12 -2 -12 -17 -2 -35 -50 0 0 -7 -17 0 -6 0 
-1 -22 -15 -25 22 -23 0 -12 -3 0 0 -5 3 0 -15 -12 
1 0 -12 -1 0 -20 15 -34 -14 0 3 5 -7 0 -5 7 
0 27 -38 5 28 5 -19 6 -30 -29 -12 -6 1 1 0 -27 
-24 4 0 -4 14 0 10 0 3 -5 0 1 -2 -8 -33 2 
26 0 -20 24 0 5 -37 -30 -5 1 22 7 -3 0 4 1 
0 0 -17 2 -7 -4 0 -5 3 -10 0 0 -22 26 -15 0 
-4 -8 0 5 -13 6 1 0 1 -27 -1 24 2 -1 -18 0 
-2 1 -1 -32 0 -25 -33 -2 36 -7 -18 0 -2 13 -12 6 
3 -4 1 2 0 9 -1 -3 6 -4 0 -18 0 -3 0 -30 
-10 -2 -2 -1 -16 -8 1 11 -12 17 -15 0 9 -2 7 -31 
1 18 0 0 0 23 -7 -1 0 -13 4 0 -5 7 0 -2 
24 0 0 0 1 -1 -22 -4 0 3 0 0 0 10 0 -23 
26 1 1 -2 1 0 5 8 -1 0 0 1 -1 30 -1 2 
0 0 6 -14 0 0 10 3 12 -6 1 14 -19 -5 -28 10 
0 -22 12 1 9 -4 23 -2 10 -1 0 0 -20 -4 7 0 
-1 0 0 -11 2 2 -20 0 -29 -16 -11 0 19 -1 -14 2 
-32 15 1 16 -3 2 -9 10 23 4 15 23 1 0 -11 -11 
-21 -3 24 26 -25 -7 3 19 6 0 0 16 -49 15 -5 14 
-15 0 1 -1 -1 3 -17 -3 -1 -1 -8 2 -27 2 1 1 
1 1 -24 -34 -7 1 -22 1 0 -1 1 -33 0 1 -9 -3 
0 20 -35 0 -1 -5 -7 -1 -8 0 6 0 0 3 -1 -18 
-14 0 1 0 0 0 0 -34 0 -2 0 0 -11 0 22 -52 
-15 4 -34 -32 -25 -22 -3 3 -21 -7 1 0 -1 -4 -1 -4 
0 -7 0 0 19 4 0 9 30 8 13 -12 0 -6 8 -11 
1 0 2 0 0 0 0 -1 0 1 -4 -4 -1 -12 1 1 
1 1 -4 4 8 4 3 -2 -17 0 1 18 9 0 -11 0 
2 0 7 23 0 0 0 11 10 2 -7 -1 24 9 -26 0 
5 0 0 14 1 9 42 -29 -1 0 -11 0 -12 2 -21 5 
-2 10 -21 0 0 10 -2 2 17 -1 3 0 -1 24 -21 0 
1 -1 -14 0 0 0 -7 -2 9 -10 -3 7 -4 15 4 0 
0 32 -5 -22 -3 -16 3 -6 1 0 9 -29 -5 -7 -1 2 
0 1 2 1 1 0 -21 -16 0 1 3 1 -7 6 28 3 
8 -1 -6 5 2 0 1 11 0 -1 9 3 17 1 0 0 
0 3 10 6 2 -8 10 1 3 3 19 7 16 0 1 -6 
1 10 -3 12 -3 6 -1 5 -28 -13 2 0 26 8 0 12 
-3 0 -37 0 -21 13 3 10 35 0 0 5 16 0 5 0 
1 16 9 -8 -26 22 0 1 3 -1 1 6 1 0 -23 11 
1 0 11 9 0 17 1 26 8 0 -7 0 1 1 4 -4 
-2 -28 28 -10 -18 -8 20 -14 17 21 4 4 -2 -6 0 33 
24 -22 0 8 -3 0 -17 2 -2 6 0 11 -2 23 -24 12 
-3 0 15 12 0 -22 10 15 6 0 -12 -8 0 0 -4 1 
-11 0 15 -9 -19 2 0 9 0 -1 0 1 -8 -9 10 0 
-5 2 -9 10 -2 17 -9 0 2 12 5 -12 3 0 10 0 
0 0 1 28 0 29 -8 3 -33 -1 12 4 -1 -9 -3 -21 
5 -11 4 -6 0 10 0 11 -5 4 0 19 0 5 0 20 
-7 3 0 0 8 -3 1 26 15 -17 -10 2 -17 4 6 17 
0 -11 -1 1 0 -8 2 1 0 17 10 0 -7 9 -18 5 
13 10 1 0 -4 1 28 2 0 0 3 0 0 -21 6 31 
13 14 2 1 4 -1 28 -2 -36 0 0 1 0 0 10 21 
-2 0 0 -5 0 0 -7 4 1 0 0 2 -3 1 0 1 
1 8 -15 0 28 7 16 3 1 -5 0 0 4 1 -9 0 
0 0 0 7 -16 5 2 0 28 -30 5 0 -26 22 20 3 
16 1 3 -20 10 -2 13 -1 -25 -4 14 -2 24 0 32 19 
18 -2 -4 -10 13 -28 -2 -4 0 0 -3 -9 38 -16 -11 4 
-1 0 5 1 2 -12 30 -2 1 0 5 1 26 5 1 -4 
3 0 42 11 5 0 6 -1 0 1 1 40 -2 0 11 5 
-1 5 33 0 -9 0 -23 3 5 0 -23 -18 0 -4 2 -15 
28 1 0 0 -2 1 0 -1 -10 3 -11 -2 17 0 -14 12 
6 -9 21 33 21 11 2 6 -2 -2 0 0 1 18 0 -4 
6 -35 0 0 13 -4 0 -35 2 -13 27 69 0 -32 -20 18 
-4 0 20 0 0 0 2 -2 0 0 -2 3 -7 -9 -7 4 
17 1 -56 2 5 45 38 -34 -11 0 -8 -11 -37 -1 49 0 
4 0 -53 -95 -1 0 0 18 -4 0 -11 -1 -54 -26 24 0 
20 0 21 1 -9 26 64 -37 9 0 -11 -3 -3 -39 7 -4 
-10 44 4 18 -21 15 -3 56 25 4 2 0 2 28 -39 0 
-3 3 -6 -1 0 -6 26 8 8 -38 -1 -59 -39 -45 -36 -1 
-3 17 -3 44 -5 17 4 27 -3 0 4 15 -35 13 9 3 
0 17 3 -2 4 2 -9 8 6 10 2 -1 -5 22 -1 -7 
9 0 38 -25 12 -3 -10 6 1 1 9 54 22 -12 43 10 
3 16 11 -5 5 29 15 0 -2 7 37 1 -32 5 34 -101 
6 40 -3 42 -11 17 -25 28 8 47 -1 -7 30 27 0 -34 
22 20 40 -2 19 -47 -7 27 10 -1 -6 2 32 3 -8 0 
-13 2 -34 13 40 0 0 4 -4 -1 -1 -74 37 3 11 33 
-11 0 5 15 0 15 5 -40 -71 -2 21 2 -20 0 33 18 
-13 40 9 -25 6 -3 -15 18 -46 29 61 -2 0 -38 0 47 
-6 -46 1 -15 14 0 44 6 -6 23 -1 -61 1 -34 15 -47 
39 -3 47 18 -4 45 -21 42 24 -1 25 4 9 0 16 33 
-26 0 20 -10 6 -6 4 -9 2 -24 -4 -7 14 41 -14 1 
5 -31 -18 -17 -16 -8 66 0 -1 28 10 23 19 -3 1 -2 
8 -2 1 3 1 38 -44 -3 70 15 -52 6 1 -42 11 27 
14 -6 37 11 1 1 0 17 -24 76 0 -5 0 10 0 -70 
5 -1 -5 1 -1 -69 3 3 38 11 8 -5 48 1 -41 -92 
-2 43 0 0 1 6 12 -6 3 -1 -74 1 2 -14 10 8 
49 0 -5 -1 35 -4 38 3 8 -4 9 0 0 -4 -4 37 
-24 -12 -12 -1 13 -2 14 9 -24 -2 1 1 4 28 -9 -31 
7 0 -21 -22 1 -2 63 34 16 -17 8 -45 -39 3 -32 25 
16 -69 13 -1 -13 -12 106 -3 -14 -12 0 0 -23 -13 -9 0 
0 4 0 22 -10 10 -2 0 32 23 17 -1 -36 -34 -30 -6 
32 7 -5 -16 33 0 3 0 18 17 15 19 -13 -1 -36 -15 
-6 -2 -6 39 -6 40 -3 36 5 0 11 14 39 -5 -18 -15 
-3 0 -19 -2 -8 -18 21 10 -4 0 -8 28 -17 -20 -7 -5 
-2 -4 36 -96 18 -2 -33 42 0 -5 13 8 -2 6 -8 -21 
3 -10 17 0 2 -11 48 -14 1 0 16 5 -6 36 -7 -15 
24 1 -7 0 5 -2 -4 55 4 3 23 -23 -56 0 -5 -46 
33 2 5 16 34 19 1 12 -13 31 -5 0 -4 -61 0 4 
0 12 0 0 30 2 0 9 26 -6 3 10 0 -15 -6 -4 
-1 0 7 0 0 0 -13 1 0 1 -1 -3 -22 14 1 0 
9 1 5 17 0 9 13 15 2 0 -1 -9 -18 0 -2 0 
-5 0 -5 -16 0 0 0 -8 -30 2 -11 0 -16 -19 7 2 
28 0 2 10 -2 2 40 -14 5 0 -12 1 5 22 11 0 
1 -8 28 22 -12 5 1 14 -8 0 -3 0 -6 28 -13 0 
0 -1 18 0 0 0 -22 -3 -1 -16 -2 -8 -19 -7 -14 0 
-4 -9 2 14 -6 0 23 7 -2 0 -8 47 -8 -7 -2 11 
0 -3 -2 -1 -1 0 1 -5 6 -1 3 2 26 2 5 5 
2 1 8 -6 -6 0 -2 -33 0 0 -9 15 2 -3 -15 28 
9 7 8 7 1 19 9 0 -1 6 13 0 -13 1 -5 -6 
-9 10 0 -37 2 -7 6 -17 25 3 15 1 15 15 0 -18 
30 -6 -2 -4 -4 29 -2 -12 40 0 1 2 17 1 2 0 
-1 23 -21 -32 3 9 0 27 1 -1 0 -14 0 -1 -18 1 
0 0 17 0 0 22 9 -30 -32 0 2 5 -12 1 4 8 
3 -13 32 -10 7 9 1 0 -43 32 -10 20 -1 1 0 39 
2 -6 0 2 -3 0 28 1 1 7 0 -3 -1 19 -31 -23 
27 -2 2 15 -1 7 -16 24 8 0 24 6 1 0 3 -6 
3 0 9 23 14 1 1 -13 3 -10 0 0 -23 12 -6 0 
4 5 -1 3 -17 9 12 0 2 22 -3 15 -3 0 -7 0 
4 -1 0 28 0 23 -1 -4 31 14 1 3 0 8 -8 -7 
1 -7 30 2 0 -10 0 3 -2 -2 0 18 0 3 0 -8 
-5 1 0 -1 6 1 0 8 13 -6 17 4 -23 0 5 -6 
-2 32 -2 1 0 21 12 1 1 3 -7 0 -18 4 -10 -10 
9 35 -1 1 53 0 21 2 1 1 6 0 0 11 0 23 
-15 -3 0 0 14 0 34 -7 -9 -1 0 2 -1 11 2 -6 
1 0 6 0 0 2 -19 -4 8 -1 1 -4 -42 1 -32 12 
-1 10 5 1 20 2 14 4 3 -11 0 0 2 5 6 0 
1 1 0 11 -12 8 -3 0 32 -5 15 0 11 5 -4 2 
28 2 -6 19 -3 2 10 -1 10 2 38 -27 11 0 32 27 
8 10 11 21 6 -11 1 -6 33 0 1 5 45 15 -3 13 
-21 -2 -1 1 -3 9 22 0 0 -1 -13 -21 -11 1 -1 1 
4 1 31 -10 5 0 1 6 0 -1 -2 48 0 1 -13 -7 
2 37 12 0 -1 -1 -8 -1 -2 0 35 -42 -1 -14 0 -6 
19 1 0 0 0 0 -1 -14 3 1 14 -1 2 0 -12 -30 
4 2 30 15 24 15 0 8 -6 -22 0 0 2 -4 1 10 
-1 -15 6 4 3 -5 18 1 -5 -11 -4 6 3 2 -8 2 
7 -8 -11 -10 11 12 -6 11 4 0 -16 -2 1 6 0 0 
-5 13 -7 8 2 13 -1 -5 9 -2 -7 -5 4 5 1 1 
-10 5 1 -6 -13 -10 2 -1 2 2 1 -9 -13 -8 -9 1 
8 -5 0 -5 21 5 0 -15 0 6 -6 20 -9 9 -4 2 
-9 -9 -7 -5 12 -10 7 1 17 -2 -2 12 -25 -1 -16 -6 
-5 3 1 -2 2 -2 3 5 3 -5 7 -11 2 -9 7 3 
5 -4 -1 -2 10 1 -8 3 -5 -4 -9 4 7 -1 1 1 
0 5 -3 3 2 -1 1 3 3 8 -1 -1 1 -2 11 -10 
-1 1 -4 4 -2 -7 1 5 3 -3 -2 -2 -5 -4 5 -4 
-8 -5 7 0 -2 7 2 -5 0 -7 3 4 -9 -1 8 2 
4 -5 3 5 -1 4 5 5 -8 -3 -4 3 -5 2 -2 7 
1 2 3 -1 4 2 5 -1 -5 -7 3 -3 -2 0 6 4 
3 -5 -3 -1 8 -2 -8 3 -1 -5 -5 0 3 -2 0 -4 
-4 4 -3 7 -1 -1 4 4 3 6 -5 3 -1 0 8 -5 
0 3 3 8 -6 -7 3 4 4 -3 3 -4 -6 -8 0 -1 
-8 -4 3 -3 7 4 2 -5 5 -4 0 6 -8 5 2 3 
-1 0 2 -2 -3 -1 4 -4 0 -5 -2 2 -1 -1 -5 5 
4 9 6 9 8 -7 1 -1 -8 -8 8 -8 -3 -2 3 9 
-2 -1 0 1 2 4 -2 6 3 -6 -10 0 3 -7 8 -10 
-9 -5 -9 6 -6 10 10 0 -1 8 -2 3 0 2 6 1 
8 13 2 8 1 -5 8 3 10 -10 -8 -3 -6 -4 -12 3 
-2 2 5 -3 3 4 4 -1 -7 -5 -5 6 1 7 3 4 
6 0 1 7 2 -1 0 -2 1 -2 2 4 2 -4 -5 8 
-4 0 -2 9 6 0 11 5 -9 -2 3 4 1 2 2 2 
-2 3 -11 0 4 3 -3 -3 8 -3 -8 1 3 -5 3 -6 
-13 -5 -4 1 8 7 4 4 1 10 9 7 4 -8 -1 4 
-1 -6 -3 2 -10 -7 4 1 19 -13 -9 -10 -9 -10 -7 -2 
-5 3 -1 -7 12 8 1 0 -4 9 0 10 -12 8 7 -2 
-4 2 9 -1 6 2 3 -11 2 -7 3 8 3 -4 -12 -2 
-13 16 -6 7 -20 16 -5 -22 4 -18 11 -6 -17 12 -14 11 
-6 -16 29 -12 -12 9 -10 -4 1 36 -15 -3 5 -51 28 -9 
20 1 -1 9 17 2 20 13 -29 -4 -17 19 23 -5 2 10 
-13 24 -9 -3 4 5 15 -5 13 -6 -11 35 4 -3 -14 8 
-16 -7 12 20 -1 2 10 -5 -5 -1 14 14 22 5 9 -10 
-1 18 -10 101 -19 4 3 65 26 13 -13 24 -8 31 -26 -2 
3 -3 3 -7 8 -3 9 0 -3 -1 -4 3 9 -3 -5 10 
8 -3 -13 -3 4 14 -9 3 0 -2 5 4 -1 7 12 10 
5 14 -5 4 -6 8 2 -8 7 4 -5 -2 13 -2 -2 0 
-11 2 3 5 -17 -5 2 0 5 2 -4 -10 4 -10 8 -1 
-5 -3 -7 -15 13 5 -5 1 -6 6 9 12 -8 14 -3 3 
6 -4 2 -1 -1 4 11 -7 12 -9 5 18 -6 -11 -3 8 
0 -2 4 -2 4 0 5 0 -4 -3 0 0 0 -4 2 -2 
-4 -3 -5 -1 2 -2 -3 7 -5 -3 -5 -1 4 -1 1 -3 
-6 8 -4 4 3 1 5 8 1 8 -1 -1 3 -1 4 -6 
1 3 -1 7 -3 -6 0 3 2 -6 1 -7 -3 -6 3 -1 
-4 -1 8 -7 3 4 -1 -1 -2 -6 -1 1 -6 2 5 1 
-7 1 3 -2 3 -4 1 -1 -4 -8 0 6 -5 -1 -1 5 
12 -4 -8 -3 0 -19 3 -10 1 -3 19 -21 2 16 1 30 
-6 5 -12 -15 -10 -2 -15 11 18 -28 -18 34 -15 14 18 0 
9 4 -2 17 -24 22 -9 -34 15 3 -4 -7 -3 29 -11 6 
19 15 14 24 -3 -8 20 -9 10 -4 -12 2 6 3 6 10 
5 0 -15 2 8 9 0 6 -7 9 -15 -5 3 2 12 0 
25 -26 -1 -12 8 25 -20 -17 -7 19 -35 -3 20 -14 16 20 
6 5 1 -12 8 3 9 4 -1 -5 4 0 5 -1 0 5 
16 -9 4 -1 4 7 -1 -8 5 4 3 -7 5 5 -3 -5 
5 -1 -6 4 -8 5 10 9 5 -1 1 -8 -5 1 8 -13 
3 -4 2 -2 0 -4 -3 11 -4 0 -3 -5 4 -4 7 1 
-13 5 9 -5 0 4 -6 13 -2 -3 11 7 -7 6 3 -3 
1 -3 13 -12 -5 10 9 -1 9 -11 3 6 -7 1 -8 9 
-4 -34 -6 -17 17 -19 -14 29 18 1 5 -20 11 -4 -9 3 
26 -30 -3 2 20 1 -15 9 -7 8 18 11 -7 7 4 30 
28 14 -2 16 17 1 -16 8 -12 -15 3 -6 -9 2 -6 -37 
-20 -5 17 -14 -46 -5 -3 -19 -5 0 1 -16 -14 -11 22 8 
-5 -9 13 -5 3 -6 -9 -7 17 -10 -4 7 -2 5 5 -6 
-7 -32 0 -9 -2 3 1 2 -12 -8 -6 10 -29 -16 8 -14 
2 2 3 2 5 -4 6 0 -7 -7 1 -6 -3 0 4 3 
0 1 -4 4 3 2 -5 5 -3 -4 -6 0 3 0 2 -1 
-5 -1 -2 7 1 0 1 4 8 6 1 -2 2 5 9 -5 
5 3 3 4 0 -2 5 7 4 -4 0 -3 -4 -6 1 -2 
-2 -2 7 -4 3 6 -1 0 -5 -7 0 1 -5 7 2 0 
3 -5 7 1 0 4 1 -4 -4 -5 -4 4 1 -1 -3 5 
0 3 -1 2 4 1 2 5 0 -4 -1 0 2 -3 3 1 
-1 -4 -6 1 6 -2 -2 4 -4 -3 -1 2 5 1 2 2 
-5 2 -5 0 0 -1 3 5 4 4 -1 2 0 2 3 -3 
2 1 -2 6 -6 -5 0 4 4 -6 2 -8 -5 -5 1 -2 
-2 -4 8 -4 1 5 1 -1 -3 -5 0 4 -4 5 6 1 
-2 1 3 3 1 3 0 1 4 -2 -2 4 -3 -4 -6 4 
3 2 -9 -3 1 7 10 8 -6 -6 -2 -5 5 0 0 2 
2 0 -5 1 6 5 -7 -8 -4 -5 3 0 -5 -7 17 2 
0 4 -10 11 1 22 9 8 3 -1 -1 -5 6 -14 1 1 
-9 -8 4 0 -8 2 6 -2 1 -2 -2 -4 -8 1 -2 3 
-16 6 0 0 12 -2 -1 12 -13 -3 6 5 -1 21 4 -8 
6 12 13 7 1 8 10 3 8 -8 8 8 0 -4 -11 2 
-6 11 -2 4 1 -9 10 5 0 -2 9 0 -2 -4 -1 3 
-1 -5 -6 -4 1 7 -8 3 3 0 -11 9 6 -9 3 -1 
-11 0 -6 -2 5 0 12 4 9 7 4 1 2 -12 -1 -4 
2 -4 -6 1 -1 -4 1 9 4 -11 -4 -3 1 -8 -7 -1 
-5 -5 0 0 8 9 4 0 2 -3 -1 10 -3 10 10 -1 
-1 8 -2 5 4 1 2 -4 3 -3 3 6 -1 -6 -12 2 
-1 0 1 -1 3 -2 3 1 -1 -3 0 -3 1 -2 1 -1 
2 -3 -2 -1 2 -2 -3 2 -5 -4 -5 2 3 -3 1 2 
-3 3 -4 0 4 -1 5 5 2 5 -3 3 1 -2 3 -4 
1 -1 2 5 -4 -5 0 2 6 -4 0 -4 -5 -4 2 -1 
-3 -5 5 -5 2 4 1 -2 -2 -4 0 3 -7 1 1 2 
-5 2 1 -1 0 -2 3 -2 0 -2 -1 2 -2 -2 -5 5 
-5 2 -1 1 1 -3 5 1 -2 -5 1 -9 0 -9 3 -1 
-3 -5 -7 3 7 1 -5 8 -5 -6 -12 7 8 0 -1 3 
0 10 -4 1 -2 2 2 1 6 5 -1 -2 2 -5 6 -4 
-4 1 3 4 -3 -3 -2 5 5 -1 4 -6 -2 -4 -1 4 
-2 -2 8 1 4 4 0 -4 -2 -5 0 9 -7 1 9 6 
2 -6 -2 2 2 -2 5 6 -4 -9 -1 4 -4 -4 -8 5 
2 4 3 4 6 -1 1 0 -6 -5 1 -5 0 2 6 7 
1 -2 -5 1 3 3 -4 2 1 -2 -5 1 2 -5 2 -3 
-3 0 -5 3 2 4 3 3 5 3 -2 2 1 1 2 -3 
3 4 4 4 -6 -6 5 6 3 -4 0 -6 -7 -2 -3 -1 
-7 -2 4 -3 0 8 3 1 -4 -6 1 -1 -6 7 4 -2 
1 2 8 -2 0 3 3 1 6 -5 -3 6 -2 0 -5 8 
3 -9 6 -14 -15 16 24 17 -17 15 4 24 -13 -7 18 0 
4 1 -3 16 38 -9 -19 11 34 -11 16 20 13 38 3 -1 
-14 14 -8 6 3 -22 -26 6 16 -16 -4 18 2 -22 -13 4 
3 -19 -13 3 3 -5 -11 -10 3 -8 8 -52 17 18 -7 -14 
-1 0 13 -1 -16 11 -4 -11 -2 11 -12 27 -13 -3 5 8 
0 -6 -10 -54 -19 -1 10 -53 -14 -12 -11 -13 -12 -20 3 -8 
-4 2 4 4 3 -2 0 6 0 -6 2 -1 2 -2 6 4 
-2 -5 -6 1 7 0 -2 3 -1 -5 -5 -3 9 -3 5 -1 
-5 2 -5 4 -1 -1 6 8 2 8 -3 4 1 0 8 -3 
1 0 0 5 -4 -7 4 4 0 -5 3 -4 -2 -3 4 -2 
-4 -2 9 -3 1 8 3 -3 1 -1 -1 5 -5 2 3 -2 
-6 -4 5 -1 -3 -2 2 -4 1 -6 1 4 -1 2 -7 8 
-6 -8 1 4 -1 10 15 -11 -7 -6 4 5 -6 -3 14 -2 
4 13 0 -1 0 7 -9 -3 27 -25 -4 2 3 15 12 3 
-18 2 -8 12 3 7 -4 -10 5 6 14 5 13 -2 -9 1 
-4 2 2 -4 -2 -8 3 -10 19 -4 3 -19 8 5 4 -9 
1 12 -10 -5 10 12 9 -12 1 12 -20 3 -12 11 16 16 
8 -9 9 -22 -2 2 10 -30 3 -12 0 -10 0 -33 -15 3 
5 -6 -1 4 12 8 6 7 1 -11 3 8 7 -3 6 13 
6 4 -9 -4 8 0 -2 -6 0 -6 6 -4 -6 3 5 2 
-3 -1 -14 12 4 1 6 -5 9 3 6 -1 9 -6 -2 0 
-15 -5 11 3 -17 1 -1 2 11 -3 -1 -12 -1 -6 3 -3 
-8 8 -5 -7 8 4 9 -4 0 3 5 1 -9 13 3 4 
6 9 15 -1 6 3 8 -10 9 -5 6 6 3 -14 -6 1 
-4 0 -1 3 4 -4 5 1 3 1 3 -5 2 -3 7 3 
0 -3 -1 -2 7 1 -5 -1 1 0 -7 0 1 1 3 -4 
-3 4 -2 2 -1 -3 4 9 7 4 -4 4 -3 1 7 -6 
-3 1 5 5 -6 -4 0 6 3 -5 4 -5 -2 -5 4 -5 
-3 -2 3 0 1 9 2 -5 -6 -5 -2 5 -6 3 8 3 
-5 2 6 1 -2 -3 5 3 4 -5 2 7 0 -1 -3 6 
-2 2 1 0 1 -2 3 3 -3 -4 1 -5 1 0 2 1 
-1 -2 -3 0 2 2 -3 4 -4 -3 -2 1 2 -2 -2 -1 
-4 4 -5 1 2 -1 4 6 3 6 1 2 1 1 5 -3 
-3 0 0 5 -3 -4 3 4 4 -5 1 -5 -3 -2 5 -2 
-2 -3 5 -4 1 5 3 -1 1 -2 2 4 -5 3 1 -1 
-2 0 1 0 0 -2 4 1 -2 -3 -1 2 -2 -1 -4 4 
-5 -1 3 0 7 3 2 2 2 -6 4 -6 1 -4 5 4 
3 -4 -4 -2 6 -3 -4 1 -1 -6 -7 5 8 1 1 1 
-8 4 -6 0 2 -2 7 4 8 5 -3 4 -4 0 3 -8 
-2 4 2 5 -2 -6 3 4 2 -4 5 -3 -3 -3 5 -2 
-3 -4 5 1 2 6 -1 0 1 -3 1 5 -7 4 6 3 
-7 3 2 1 -3 0 3 0 3 -4 2 6 -6 -6 -5 4 
4 -3 0 -1 7 2 -2 3 -5 -8 3 -1 -2 -2 7 6 
3 3 -2 6 3 2 -3 6 -5 -7 -2 -4 0 -5 3 -2 
-3 -2 -2 4 -2 3 9 9 4 8 0 -4 -2 6 2 -8 
1 -1 7 5 -2 -5 4 6 1 -8 0 -9 -4 -6 1 1 
-1 1 5 -5 2 6 -3 -4 -7 -5 2 0 -6 1 5 2 
4 -1 7 2 2 -2 4 -3 -3 -2 -3 8 -2 -1 -2 2 
26 26 25 11 15 -8 -6 -15 -5 14 -1 -16 42 1 0 10 
0 11 14 9 -32 2 10 10 -1 -6 22 -15 37 0 21 -13 
-1 9 -26 0 -23 5 22 12 -4 15 -15 -19 19 11 4 -2 
17 24 -6 36 12 3 -14 1 1 15 1 12 6 9 20 0 
7 -5 -30 4 15 -11 18 18 -25 -1 -18 0 22 -2 6 1 
10 -6 0 5 0 21 7 5 -13 16 -7 -5 46 -9 13 17 
-2 0 3 2 2 -2 3 2 -1 -3 2 -4 1 -2 1 1 
0 -2 -2 1 2 1 -1 3 -3 -4 -2 1 4 -1 0 0 
-4 1 -3 -1 3 1 5 5 3 5 -2 1 -1 -1 3 -2 
-1 -1 1 4 -5 -6 2 1 4 -6 2 -5 -3 -4 3 -4 
-3 -5 2 -4 2 4 1 0 -1 -4 2 4 -4 1 4 -1 
-4 -3 3 1 1 -2 4 0 -3 -4 1 4 -3 -1 -4 6 
-2 21 -3 -10 3 -1 7 3 -7 -1 9 -18 -5 0 7 4 
13 1 10 -7 4 8 6 -2 4 4 -1 -2 18 -3 4 -2 
-2 -6 4 0 -11 -6 9 9 4 1 -4 -7 -10 -7 21 -1 
13 15 0 13 15 0 0 11 -4 10 -13 -5 12 3 9 0 
-19 -7 20 3 -12 -2 0 9 -9 -21 -1 3 -14 -8 3 7 
10 -14 2 3 -4 11 5 3 -17 -1 -12 2 9 7 0 1 
0 -2 4 2 2 -5 1 1 2 -12 8 -8 0 -6 -2 10 
-5 0 0 -4 1 1 -4 2 -5 -4 -9 10 -4 -12 4 5 
0 4 -8 13 5 10 3 5 3 9 4 -1 3 -1 4 1 
-3 11 4 -1 -8 -6 10 0 3 -11 -9 -1 -12 -16 0 2 
-2 -9 13 -1 1 6 5 -2 -1 -7 5 3 -3 6 10 7 
-3 -1 -1 11 5 -6 2 2 -3 -9 -8 14 -3 3 -11 2 
-2 4 3 0 5 0 5 2 1 -1 -1 -2 0 -4 0 1 
0 0 -6 0 5 -1 -4 5 -3 -7 -4 1 6 -1 5 -3 
-6 6 -5 2 4 0 7 6 4 2 2 0 -3 2 5 -7 
0 4 4 6 -2 -5 1 0 2 -4 5 -7 -3 -7 8 -1 
-4 -5 9 -3 4 5 -1 0 1 -4 1 5 -4 2 3 -3 
-5 -1 1 1 2 0 2 -3 0 -8 2 2 -6 -6 -4 6 
1 0 0 0 2 0 6 3 -1 -3 1 -1 0 -4 1 3 
0 -3 -4 1 5 -1 -5 2 -6 -3 -2 1 4 3 4 -2 
-6 5 -4 1 0 -4 2 5 5 6 -5 4 2 -1 7 -3 
-2 0 1 6 -5 -4 0 4 3 -7 6 -4 -3 -5 2 -2 
-3 -5 7 -2 3 5 4 -4 -4 -6 -1 2 -7 3 3 0 
-4 1 3 2 0 -4 3 0 1 -4 -2 5 -5 -6 -5 7 
6 -13 -3 -8 5 -7 7 5 6 -14 -1 -6 2 -1 4 11 
12 -6 -5 -6 6 9 -8 12 -6 10 -2 -7 1 -2 6 10 
14 3 -8 17 -5 2 -2 4 4 -2 -4 0 3 0 15 -5 
-3 2 1 2 -10 -5 3 6 -3 -8 2 5 -17 -11 -4 -2 
1 -6 8 -2 11 5 -4 -4 0 -1 3 4 -6 8 0 3 
-7 -14 2 12 -2 2 -4 15 10 -3 0 20 -9 -9 -11 3 
0 7 4 5 6 1 7 1 -5 -5 4 -1 -5 3 7 7 
-2 -4 0 -1 4 -4 0 -2 6 -9 -5 -1 7 -3 3 -5 
-12 -3 -6 2 3 2 3 7 6 10 4 2 4 2 0 -1 
9 5 2 9 4 -3 4 4 10 -10 -7 -7 -4 -2 -2 3 
-6 -2 5 1 2 5 3 -3 -1 4 -5 1 -8 6 8 3 
2 3 6 -1 -2 -1 5 -3 3 -7 -2 4 2 -7 -11 4 
-6 6 -6 13 -5 -25 28 -8 4 6 24 18 0 -6 -11 -10 
3 9 -3 -25 -12 15 18 -8 49 -31 -6 1 21 15 -1 -22 
-29 -17 -13 -1 -15 7 0 -8 15 -6 13 -2 25 3 -6 22 
-1 -11 -1 13 15 12 -6 5 33 -17 5 -19 7 7 -15 6 
-5 11 -17 -18 13 20 0 -16 0 35 -28 42 5 25 26 5 
-8 11 3 3 -2 -6 -19 -26 17 -4 5 -13 20 -27 -2 -6 
-3 10 -18 -21 -5 4 19 12 -6 -6 2 -5 -8 21 3 -2 
3 8 -4 0 6 14 -21 -19 -5 12 8 -8 -11 -11 11 6 
9 3 -13 3 0 19 6 3 3 8 5 -6 1 -22 -3 -5 
8 -13 4 -3 -2 3 11 -2 3 -2 -15 5 12 9 -9 -18 
-25 8 10 0 -4 -9 -7 29 -13 -5 19 1 -11 23 -6 -18 
11 11 7 -2 -11 20 22 -10 4 3 6 21 -7 -4 -7 8 

