-277 -340 241 -168 356 -226 118 -584 373 413 404 365 -70 144 4 -97 
40 72 -69 83 42 100 131 29 6 67 45 38 105 -42 -48 70 
121 63 -23 90 70 20 -11 127 -34 82 18 -23 -48 29 164 -10 
50 84 68 30 -22 63 -54 124 32 -14 -14 105 -38 -21 -12 52 
-83 19 77 -9 46 -71 -24 -1 84 15 -35 56 116 -7 -14 -13 
-60 115 27 -20 -21 53 88 46 0 0 0 0 0 0 0 0 
-21 58 65 117 -45 -24 -27 -21 89 25 1 -35 14 37 85 -25 
112 -116 -19 16 -50 -64 19 80 -8 -45 7 -110 26 32 -28 -78 
-12 36 -15 65 -80 104 -80 -13 -11 114 58 39 143 43 111 24 
57 -11 19 71 53 0 92 -101 -30 -25 -83 108 -57 115 22 33 
-11 78 12 116 31 47 80 -53 0 0 0 0 0 0 0 0 
83 -147 -50 -28 -88 50 -114 -151 -23 95 -57 87 -52 -8 -79 2 
40 46 152 0 71 -56 60 156 53 33 83 23 -31 -62 -30 58 
99 122 -64 -52 20 49 -1 48 -35 31 -52 164 95 8 94 18 
19 -26 14 41 -16 135 48 -61 -70 -40 26 -4 91 177 17 3 
-15 161 23 68 65 21 -90 43 20 -74 -85 21 136 28 -16 -6 
176 161 -75 147 12 -24 35 87 0 0 0 0 0 0 0 0 
-68 -89 34 80 11 -80 -42 0 -10 -2 -97 -79 9 174 -12 98 
36 -34 -23 23 -111 47 -56 -34 0 -165 79 7 74 -21 -97 -14 
12 -37 -9 259 -45 86 -92 19 175 -106 -184 -50 116 288 45 -29 
-43 169 -37 -21 1 52 -69 94 -79 -124 -36 -144 -31 42 -64 60 
145 -43 -115 21 52 24 36 72 -101 34 -119 -10 41 69 -9 -43 
-57 -33 105 -27 -31 -71 2 -122 0 0 0 0 0 0 0 0 
114 157 76 -217 480 11 127 8 -94 -48 -149 46 -155 124 189 -140 
98 -58 30 241 65 30 -140 -179 233 133 118 206 38 -76 -41 -185 
16 -114 -185 82 18 -4 172 46 -256 -13 60 138 -241 2 -152 27 
141 120 -293 59 -289 -55 175 -116 -254 -117 -186 -220 -107 100 -278 -53 
-201 -143 195 42 93 130 -49 49 -28 136 -35 32 113 201 57 159 
146 81 -53 -99 -117 204 203 -22 368 263 -117 -120 -153 55 166 -90 
20 103 209 -135 187 139 68 -310 -177 160 61 30 -98 -186 127 188 
149 162 71 68 -60 -282 -39 149 -82 29 277 28 166 309 -95 89 
-17 -35 -26 -283 18 151 233 -100 -128 111 179 -52 -141 331 274 66 
-105 33 -82 -3 -177 204 274 -221 179 -110 297 89 -231 172 -190 -85 
-128 107 -97 230 -222 163 38 -258 94 -115 62 -24 137 -31 117 364 
180 -97 173 -58 1 -125 283 -170 -186 -59 134 16 60 -204 375 -101 
-69 -42 12 -19 93 188 -126 181 255 243 23 18 235 -113 17 -19 
-276 -130 -339 -108 -113 -170 87 106 -13 -45 129 -69 -152 24 180 -239 
116 14 166 59 138 -42 -74 -42 163 61 156 83 228 30 181 8 
55 -166 -141 -233 15 80 -157 279 -211 -204 55 239 -80 -112 1 -195 
-287 8 -25 68 91 40 -119 6 -156 83 -27 -34 265 -101 117 244 
67 31 55 116 152 121 -134 -167 -149 -217 -2 -120 18 155 129 -90 
89 -2 -185 31 -59 52 84 -24 -97 -99 53 -106 -16 -62 -134 -14 
-68 82 -79 -11 -72 -127 -56 -46 -224 100 -37 31 -146 -42 7 -17 
130 94 228 -125 -131 -19 28 10 71 -51 -35 -15 19 -134 91 -17 
-17 -52 22 56 11 -109 29 31 30 -39 135 67 7 -23 61 -9 
67 -29 -135 52 50 -43 53 31 39 -18 -22 -48 -94 90 13 -9 
26 75 49 122 20 -17 -11 -94 197 0 81 -45 75 -177 54 -30 
-49 -123 74 76 -162 55 53 -56 -30 -98 -93 -12 44 -188 22 -82 
97 161 -80 14 92 2 -123 -168 -86 -57 1 -43 16 30 -164 44 
-34 -13 73 -76 -48 -58 -140 75 102 -34 -115 -32 56 -58 140 30 
4 -2 -28 -85 62 8 -166 70 -147 82 -23 39 98 -70 -13 143 
-21 53 -27 79 -89 120 171 20 -115 108 -46 16 46 137 -48 73 
78 -75 -141 66 39 70 -67 -201 -30 -13 12 66 -110 -7 52 -103 
7 -53 99 44 115 -74 -9 -23 -88 -15 46 -51 97 49 45 89 
61 59 -80 -2 -104 -51 -87 -1 -39 -56 49 -3 -72 125 95 4 
-3 49 -55 33 136 44 -124 45 -3 -37 41 90 -60 -130 -63 31 
-10 -196 -46 -22 -59 -15 -104 -37 58 33 -35 35 -72 25 -143 49 
1 112 -134 -59 -95 59 -106 65 -220 -4 -97 104 24 -155 30 -3 
-77 104 95 -74 -27 -29 -98 -140 -43 -74 -49 -8 -27 -124 -219 227 
0 -66 5 50 36 -23 -12 -119 -104 -51 107 66 94 177 -90 -10 
11 16 228 -80 -202 204 193 167 35 -14 -110 20 33 102 59 76 
42 -83 22 114 4 -17 -72 -35 134 -93 46 -9 63 62 80 -40 
-167 -143 37 110 -194 31 -16 65 38 -57 -164 97 -62 -184 -45 79 
-113 -120 100 88 -68 -28 -144 -106 -62 -187 28 -27 -53 194 -141 21 
101 -28 13 -107 85 75 -74 -15 32 15 27 104 -21 30 -4 -126 
51 43 52 -36 53 40 13 91 88 5 48 -91 18 -16 22 13 
-50 -21 -69 -87 51 220 24 -28 40 37 -59 -66 -11 191 -74 116 
98 -77 124 -60 -4 174 2 -184 78 35 -1 -15 106 -34 85 2 
26 30 72 34 -16 -158 68 -79 12 5 -36 18 106 2 46 -83 
9 37 -124 12 -101 -41 -172 -63 -58 152 180 -118 106 152 -53 119 
141 48 -50 69 124 119 -21 221 -116 45 19 -8 89 65 -60 98 
-39 87 115 -79 -9 -8 -37 40 173 9 -70 49 20 -9 115 51 
108 4 -8 -123 57 -110 22 -32 137 108 125 40 -102 80 149 -90 
-90 10 58 -120 149 89 36 -11 -155 -56 -142 94 74 -55 34 -1 
105 -12 -11 -16 83 133 -108 7 -100 83 15 51 -59 146 -135 23 
-31 -126 -77 51 -103 -91 59 117 -6 8 -49 100 15 54 -17 -20 
12 98 85 83 -30 15 -88 6 -9 25 -50 7 0 80 -3 138 
-15 -70 -166 -44 31 -123 -146 -39 -7 52 -78 -79 57 38 11 43 
-59 -68 75 -24 80 18 -130 -29 96 59 -72 80 -76 -8 -82 49 
124 89 57 -11 33 -32 73 -38 -30 98 -21 107 87 84 88 49 
-64 -19 47 -36 -80 116 -17 -101 13 61 -167 -50 -4 53 -69 8 
-31 -26 -145 -135 71 -22 -43 -5 -144 75 -9 117 -39 -32 -71 10 
59 27 72 22 28 -79 100 67 -14 3 -78 -77 121 -50 163 86 
-11 -72 -6 84 74 80 52 -86 -32 28 19 -41 32 96 152 109 
-76 -3 -4 -30 59 15 -63 93 -42 9 14 10 88 7 -12 69 
-9 52 -29 -9 -24 15 76 142 68 -169 36 -52 41 -2 41 87 
8 -91 56 56 10 17 78 44 -42 -1 24 20 164 90 31 132 
-46 -16 8 -8 124 -81 -88 -28 -91 99 -158 -117 -91 14 98 -2 
43 -31 119 80 -80 -4 12 -98 80 -174 92 73 -47 20 29 -95 
2 -45 -27 2 -136 -73 137 -44 44 -133 49 60 -13 -155 -90 -76 
41 163 -25 56 -118 16 55 50 -25 -33 -64 -16 -87 168 35 65 
112 -18 -98 -20 -106 112 75 0 -15 5 -74 -47 -126 -78 -21 -24 
39 16 37 55 -33 -64 -66 58 -39 -9 14 9 -84 -78 35 -82 
-80 27 18 -117 -35 -37 28 134 -123 -258 -51 -75 -16 -27 127 -100 
92 13 107 -127 33 101 -3 -9 6 -82 3 -58 -61 137 75 114 
-12 64 20 -41 -7 -77 -126 75 33 -59 0 -162 -87 65 -110 29 
137 25 -104 -10 -18 0 81 -57 54 -28 98 3 9 -44 -28 -86 
-17 -143 -54 -23 58 12 -39 116 -42 -201 144 4 -51 -88 -13 -56 
-6 -159 12 -92 -22 2 -132 -8 -98 17 35 -86 -15 -77 -99 -15 
5 17 172 79 -31 124 -32 -42 10 53 -14 47 -96 0 21 -77 
171 -68 30 8 -39 2 -134 -85 -48 -60 76 73 -42 -26 -56 37 
-109 7 36 -36 -25 -74 -75 -69 71 217 -134 41 159 -20 112 4 
-89 135 176 -153 -76 26 -152 103 67 32 16 -111 4 76 130 26 
135 58 129 -19 160 103 79 72 178 6 268 -22 -79 -118 44 74 
119 -48 -86 4 -150 -78 -19 27 -127 53 125 81 -95 33 -34 -30 
-141 -74 104 -99 14 -86 99 -39 -72 -159 -195 44 119 182 -35 111 
-87 -99 -152 -143 -190 126 -21 104 59 62 170 -179 74 -17 93 85 
106 118 61 48 -76 26 135 95 -218 -127 10 -203 64 -73 209 -173 
91 94 160 -35 -95 -155 -78 89 -21 39 79 55 26 35 11 41 
-46 -114 -55 81 -7 44 -115 -126 30 -20 -37 118 -22 43 59 132 
126 -54 250 -53 -61 -81 -118 34 10 11 36 52 -136 -18 101 -64 
126 -100 -84 52 207 -83 -102 -197 55 -25 -167 56 94 34 4 -94 
3 43 -16 -18 -96 -51 75 -108 -16 120 12 199 39 -85 -129 -20 
-48 52 42 -93 5 49 -172 -88 -83 -138 35 19 59 111 221 -7 
-49 -82 115 79 -41 -127 -30 171 134 -196 -73 -10 4 37 70 45 
-59 -141 -21 -20 206 218 6 -15 72 139 -174 23 11 -161 -128 52 
-24 -18 -1 4 0 95 59 -62 -32 148 53 -129 -57 13 -15 109 
14 -76 11 2 16 60 -43 -45 -138 147 58 21 -42 -191 -13 -36 
-35 66 100 48 -38 -156 40 50 117 41 48 -23 0 149 -39 129 
-18 62 -77 -42 98 75 19 -68 112 51 -132 54 -9 121 27 -56 
-70 -103 -95 69 63 -25 15 127 65 117 21 114 -4 7 -129 38 
129 -4 25 -76 -43 39 152 122 122 -41 -18 73 45 80 -31 2 
84 -54 154 50 100 -40 16 -50 -112 36 102 38 -12 -44 78 54 
60 -140 -124 -98 147 -2 -55 -38 2 123 -161 -100 -16 -103 -65 169 
88 -121 109 171 -120 -58 33 -19 62 97 126 -55 31 -63 65 109 
3 -112 55 68 -20 56 30 -70 89 42 96 -27 -79 159 90 3 
-128 -82 -73 49 -60 -28 -53 -87 52 -49 3 29 143 41 -3 5 
128 -54 -138 73 -55 -38 59 -165 2 -83 20 86 31 5 -45 15 
-49 24 109 1 -51 -21 110 -45 -95 -106 -63 11 17 -35 91 -197 
-15 41 -18 28 14 -223 119 136 32 -21 -15 -41 -50 30 81 -95 
80 -65 37 3 -117 25 -81 -16 133 59 -54 -1 -16 56 -11 37 
-263 14 -245 -195 -86 45 -77 -106 96 -231 -10 -266 191 51 78 -51 
75 41 71 -66 113 -334 190 -116 -124 254 103 274 127 61 77 -241 
251 246 -306 -40 71 90 -170 -397 -61 11 152 -59 -66 -42 -54 55 
281 -33 290 -157 -258 -95 -38 120 -267 -185 -140 173 67 -80 -41 145 
-191 -120 72 -28 -114 265 192 -155 -90 -111 122 -111 160 -257 118 208 
44 -108 63 71 -35 -49 -150 159 -4 175 -197 79 54 118 73 -89 
-54 176 30 10 66 -168 -45 111 8 -86 37 66 -174 111 195 147 
280 159 50 46 23 135 -17 39 0 0 0 0 0 0 0 0 
67 -240 -117 -274 -121 16 129 -90 -52 -152 -66 165 110 47 11 22 
-38 11 171 -123 -292 -189 -21 -72 50 -86 187 -315 -92 -233 1 253 
14 -86 -17 128 -247 -126 -208 -57 205 220 253 -13 -84 264 -153 -130 
-53 -166 -80 -178 -80 161 263 -83 -99 -228 -12 175 81 109 46 -286 
-238 28 -42 66 71 277 -51 25 187 -46 301 1 105 -65 27 152 
-170 76 14 113 -136 91 1 -47 250 -41 -42 190 -34 63 115 213 
54 200 -168 122 -78 -180 -278 -168 33 42 -117 -254 -40 137 -146 325 
173 89 -37 96 103 177 -90 -190 0 0 0 0 0 0 0 0 
169 -167 82 266 -86 160 163 25 25 151 -109 -96 205 130 33 61 
101 250 146 -70 200 220 -266 -14 259 -93 -44 106 117 214 71 -222 
320 -131 135 -26 12 -216 -89 78 41 125 -51 76 51 81 -62 57 
-165 -161 169 97 -32 -141 -66 -106 -205 -105 -111 -88 -122 -125 123 73 
160 -44 -116 196 24 -134 -17 -2 -98 140 15 -110 -56 -188 110 -26 
153 -288 160 -58 46 -333 360 54 -78 -103 -170 -110 196 154 72 246 
41 -210 98 69 -172 115 -101 -11 -63 -89 -74 170 46 63 126 -246 
-181 -46 103 256 -202 41 246 -116 0 0 0 0 0 0 0 0 
50 169 -67 24 37 50 -79 -161 -83 35 -55 -72 23 -66 -152 -54 
65 -163 -163 82 129 50 184 134 18 -16 38 -111 31 -71 -171 81 
28 86 162 -50 -22 -118 -38 109 -72 -156 9 25 104 78 1 -28 
177 72 124 37 -51 6 123 79 -69 -100 -27 -188 -88 -125 7 -99 
43 18 -8 52 39 -44 72 -46 120 -38 -38 -18 -108 84 -77 -121 
118 -47 -5 -104 -23 26 -72 -70 58 -64 165 82 53 -1 -98 -60 
-27 70 -51 -36 12 43 6 -16 -144 -188 -53 46 -156 -68 -126 -182 
-96 -2 113 74 170 167 14 16 -33 -45 171 -4 -26 -126 71 122 
-21 33 -69 60 -91 -103 15 117 -148 -190 59 -177 -105 -4 57 -5 
-61 51 -21 -2 -69 120 -4 61 100 -24 96 -11 126 -141 26 144 
-81 23 108 1 -44 -41 126 43 -105 -21 -89 7 67 -4 87 -139 
81 -11 121 -75 -25 -60 27 70 -140 -85 89 59 84 -107 95 -100 
82 -15 34 -90 154 -151 -115 19 -3 -31 25 -18 -128 -154 -6 -144 
80 -22 -180 29 6 -84 -57 77 119 119 58 11 17 -65 10 41 
40 -117 14 29 -87 -37 -77 87 158 -56 -173 -88 74 -22 -107 30 
-129 -38 -93 -170 25 24 -96 -39 51 46 18 -129 -65 -179 -138 176 
56 -80 26 -18 6 -55 -10 -97 -160 22 36 -109 -40 90 -136 -66 
71 43 -113 -39 -35 -6 -98 92 36 145 98 -126 -127 -44 -89 -60 
-93 -63 134 -45 125 -35 -68 -14 128 -87 156 142 -15 69 -91 23 
117 38 -3 155 -12 65 -52 -46 103 -92 -179 -72 84 79 107 -20 
112 -53 20 41 93 -5 -95 77 114 7 -69 -11 74 -5 -28 -177 
-81 114 18 61 52 17 32 44 -8 -70 -134 -28 -6 -151 -41 -105 
-36 -172 142 -118 97 186 -62 65 -29 -162 -188 41 -23 -181 -193 -113 
118 0 198 52 38 -133 74 120 -95 -68 -164 189 -26 -205 184 184 
-73 13 -27 52 -149 38 -68 -80 -35 12 90 121 -1 209 185 17 
25 -117 -92 -171 16 52 20 50 60 196 131 -39 -118 -29 -65 -27 
-7 132 -27 -225 148 -125 118 77 -47 6 -105 132 95 -229 -109 -146 
20 -187 -60 149 93 95 16 -74 -7 15 73 136 -93 59 6 -122 
50 21 -25 -14 81 -82 10 -140 12 -19 -251 153 -127 -46 -111 51 
21 93 17 -16 -82 67 31 22 -13 71 29 30 -39 123 209 206 
125 -62 104 -10 82 126 -4 -137 18 -11 134 72 123 185 48 -8 
-41 64 31 28 112 83 3 103 38 20 -11 -40 18 4 68 -52 
-27 17 26 57 176 45 -51 74 64 71 15 -96 23 82 48 2 
7 4 -44 88 59 -13 114 112 116 50 -157 40 124 58 -126 -33 
-132 30 -74 47 138 176 -111 -16 -4 38 62 61 -114 -74 -133 125 
-146 -22 -136 14 63 -73 7 62 -14 95 81 39 -6 161 67 -98 
45 103 14 -37 11 56 -129 -18 97 12 -54 73 -66 -21 -54 -62 
144 -21 48 -47 -80 -96 -95 144 133 254 -18 -121 -127 -7 110 -144 
73 -75 -4 -5 12 99 40 -25 156 -19 38 -23 63 -108 153 -88 
-79 -96 64 -68 -44 -13 -21 -66 5 80 -2 194 84 109 152 35 
-68 145 46 107 109 33 31 36 156 110 8 58 -55 74 122 -92 
-99 85 -68 -73 29 -28 -56 108 -82 43 23 -73 163 -58 71 -76 
-87 154 49 183 -28 -28 23 91 107 66 18 7 -57 65 -50 25 
-138 -1 -84 -13 21 88 115 -59 -105 44 157 -75 139 33 -75 179 
-57 26 -100 -73 64 61 177 -166 -64 -62 -60 49 169 -105 -116 -129 
-106 4 -26 -109 -8 -124 -58 -24 -56 8 55 -29 -22 36 -3 41 
-103 -94 -105 -31 -56 -77 -71 -41 94 -37 -16 -44 -40 3 -66 51 
-38 3 -22 -37 107 54 -46 27 30 -41 31 -72 -8 -56 -27 -89 
14 -42 21 -42 62 -49 73 15 0 7 57 54 -15 -59 -28 -12 
-21 -66 -8 -93 21 10 -16 -38 -51 9 -89 -72 -55 -3 -72 -28 
40 112 32 -21 -25 -21 -9 48 18 18 64 -42 -9 9 -100 -41 
-14 -70 -130 -82 50 6 16 30 13 -38 33 45 -43 -1 -20 -88 
-15 -52 7 8 -31 48 -45 18 -1 -26 -97 -91 22 25 -13 55 
-44 -40 -59 8 18 79 -45 28 -50 71 -19 -22 65 -50 65 -18 
-30 19 19 -11 -159 14 -4 -48 43 -82 75 -38 -6 29 11 -59 
-78 19 -78 -42 48 -25 -36 -52 -104 -28 -32 -54 103 -40 -20 -33 
-21 19 -56 -3 -132 -3 16 -71 27 -61 19 -23 61 -49 -62 6 
-93 -82 -32 -22 -36 -11 -34 -71 -44 36 106 -49 -14 -29 -116 11 
31 84 -10 -26 -4 -23 -17 89 -2 -100 -47 -3 -145 -100 -18 13 
46 -57 -127 -11 -83 -50 52 -3 -41 -46 51 -39 -31 41 11 -39 
-23 -51 -118 -106 0 -29 16 -26 -33 68 -29 55 47 47 17 26 
78 -45 -67 -50 -18 30 -15 -30 -48 30 -42 21 -6 -45 -16 41 
27 55 -80 11 -45 6 42 40 2 54 27 -103 -5 -47 -24 37 
-41 -178 63 74 -33 -45 -7 -4 63 15 156 -62 -33 18 59 47 
-67 85 -83 -20 -30 76 43 -109 -33 -101 102 49 -103 -59 -7 -72 
50 111 29 -52 50 40 -129 45 54 147 -18 111 -229 30 -3 43 
-35 -74 -66 -42 -4 51 -24 -12 71 13 -176 -62 47 55 70 96 
-97 -57 -107 8 -100 -57 -118 -123 68 -56 -64 52 -105 69 -75 52 
64 79 -35 -114 -23 -31 117 107 64 -72 34 -129 123 50 -70 34 
94 72 122 -77 -72 -17 -71 -3 52 -25 -13 27 100 -20 160 -17 
-101 -87 -52 -38 11 -10 169 63 -78 -4 190 -97 -93 -6 81 -9 
-62 31 -51 -11 88 21 110 -35 116 34 107 -37 -97 20 -25 -25 
-66 -68 -73 -18 -57 -83 30 -32 93 -109 121 139 137 -49 -1 79 
-61 48 41 -57 19 -72 18 -25 -50 -36 -63 10 -95 62 0 45 
9 51 106 -41 -12 -37 -4 -29 68 -86 115 -10 69 -33 81 -58 
-42 -91 40 -82 -15 80 0 161 58 139 -41 -119 56 12 32 -170 
83 -57 78 -111 -27 -57 16 1 -24 2 -54 3 -105 1 47 13 
38 -72 -11 60 -64 -51 -72 84 -44 -59 32 28 -31 118 -6 102 
49 39 -44 -42 -100 -94 2 80 -42 -24 -82 114 -18 -27 27 -65 
-87 93 28 99 194 -163 3 87 -42 117 1 32 78 -79 -54 -49 
-117 31 -82 20 27 60 36 -3 126 -20 41 33 -43 23 95 19 
-46 64 -29 -28 67 130 -52 83 61 118 -89 -23 140 -179 91 42 
20 94 41 117 43 -58 235 -7 26 82 43 -71 64 -61 -3 69 
86 -143 43 -38 55 -54 -2 -117 90 21 7 -127 -103 95 7 -6 
-123 1 127 -75 44 -19 -48 -127 -131 223 71 -33 -183 58 90 9 
-118 -83 122 4 -49 -86 -28 -165 186 -72 113 0 -31 -112 -28 -223 
56 -138 -109 -52 -35 -58 -48 157 -34 -12 -147 -71 64 -108 -22 13 
104 211 -106 135 -47 44 -4 -10 -20 91 -73 76 38 -78 18 -69 
154 -31 -70 -58 -17 -86 -7 -6 -16 39 -9 -36 -10 66 131 52 
87 28 -20 49 -48 -70 -59 -58 -134 18 39 -15 12 110 -43 83 
-8 -27 56 159 43 -17 99 -134 -214 5 -138 91 -42 112 -161 -17 
226 -16 -5 74 -51 47 -12 12 0 22 -28 95 21 18 -15 87 
131 -10 -208 -89 28 75 28 36 -89 -67 -62 83 37 85 -62 -60 
3 135 62 88 -134 -68 -115 36 -95 -81 66 -21 -54 6 23 -11 
73 -163 20 95 130 44 -116 -251 51 -38 -128 76 99 78 12 -97 
26 77 44 42 -55 8 121 69 12 -77 -88 -57 174 -150 9 -16 
64 -23 -177 13 -56 -17 82 -126 -88 -119 96 8 38 -83 -21 -72 
30 -12 109 -38 -115 5 -148 -150 -14 17 -30 -24 -3 101 -44 20 
32 -34 -87 -69 36 63 -29 99 -111 -27 -128 91 -7 -31 93 36 
34 74 -135 64 -21 -88 -54 -30 21 -22 -26 69 -24 61 -90 12 
-23 28 -157 -69 7 -26 -55 76 -107 17 -38 4 -91 -79 -52 1 
53 -29 -10 118 22 26 -18 -56 1 16 32 -62 60 -10 13 -4 
3 46 -6 -48 6 10 27 -27 34 1 -87 -15 -5 -59 7 -1 
51 40 -52 -101 -123 -53 -11 76 -91 83 144 122 -37 -17 -15 -50 
-126 42 -27 -7 19 117 -35 -8 -53 67 -65 76 10 50 66 26 
-31 -57 57 11 -50 -47 98 -38 58 10 -77 35 -15 -50 97 -28 
-37 -62 -44 -18 50 64 92 -62 51 -64 50 75 -122 -54 162 43 
38 39 -7 -11 -117 110 -97 -3 16 -51 140 -28 -28 -16 -82 32 
68 -3 49 -75 -24 33 -23 117 -34 -146 39 -89 43 -82 -74 6 
-60 29 98 -58 15 90 91 49 -70 -76 -43 46 12 -14 -22 28 
-61 19 50 32 -132 93 -6 -8 -136 105 -4 111 -60 72 72 22 
18 36 71 -44 60 37 -87 14 -55 -27 -20 -26 -62 81 58 -3 
27 4 33 -45 -90 14 -98 -79 -40 -18 90 -22 -44 21 -14 86 
-74 -55 -65 42 -3 -29 100 42 103 -35 -33 -32 -4 77 32 26 
-91 11 73 124 -31 -64 18 9 31 92 -63 33 58 90 -56 -96 
-105 99 45 -91 26 69 -3 70 194 -86 -28 39 -82 14 -26 -121 
-91 50 -57 -31 10 -11 62 -24 -60 -12 -70 16 38 -23 33 92 
-30 -80 -47 151 -36 -21 -67 46 10 -34 2 22 -17 57 -20 -27 
24 -86 110 27 110 35 -84 13 15 -85 49 56 -74 -15 58 -63 
129 21 -12 -12 34 -43 -38 1 -46 70 -13 -12 64 47 -17 -23 
116 86 10 71 -27 117 96 -92 -29 6 41 -62 8 105 36 130 
3 30 -121 107 -74 -66 -57 -12 58 -8 29 62 -69 111 -14 -12 
49 -87 48 67 83 49 16 -16 -53 49 29 44 -67 31 -4 51 
119 -21 181 64 -42 -49 -62 120 46 -31 34 -73 58 26 -88 56 
37 -36 55 111 56 -38 -30 33 17 12 163 -55 21 85 -50 70 
-147 -39 -39 -124 -19 33 69 7 -25 -129 24 -106 -146 -84 -17 -65 
-16 -103 -35 -66 4 -51 -20 -100 88 53 -56 149 37 15 115 4 
18 12 113 156 33 1 65 -1 7 78 -94 -56 -42 -63 19 -33 
33 54 1 -6 46 60 -7 7 13 -52 73 37 51 81 134 28 
31 -27 125 -88 -18 -49 -18 -11 -15 -60 -100 43 -58 -35 65 20 
-26 -40 -21 -19 -114 38 84 20 112 16 53 -36 85 -17 -105 47 
-66 67 124 30 121 91 -89 43 -42 130 -2 -33 22 6 30 37 
36 -55 79 175 -58 119 59 13 8 21 -86 -121 19 61 -21 -31 
41 -10 -3 80 51 106 -13 16 -42 2 11 130 110 78 30 29 
-58 -56 -13 17 -47 33 -52 5 81 15 -12 -89 93 -31 -77 -45 
-25 40 -7 23 17 11 13 4 -60 -13 -8 45 -37 -52 -39 22 
-8 25 -30 28 -18 9 -15 -35 30 -57 12 -29 -7 49 -42 -9 
-47 -10 46 25 49 -48 24 -56 28 -19 18 18 -80 22 -14 -71 
16 19 -10 10 12 -4 3 9 31 39 -38 16 3 -35 14 -13 
1 -38 42 13 -43 -10 17 -22 30 -19 17 13 32 -78 17 42 
-69 3 13 -31 12 25 -78 18 14 79 22 -5 -32 -51 37 19 
-32 -21 -25 -53 13 -17 14 4 -33 -31 -13 -9 -62 -18 -65 -4 
-71 -39 -4 -5 -13 18 -14 -5 11 32 27 -32 -7 20 -20 7 
-23 -5 -33 -75 -15 -13 -28 21 -3 -2 20 6 -2 -33 5 -10 
7 66 -14 -10 -16 -14 10 14 30 5 -5 12 -18 -10 -17 4 
-28 1 -18 22 -2 17 -46 68 0 11 -5 -15 -6 -31 -1 -30 
-101 42 -27 7 4 0 3 73 -51 -21 21 20 -41 20 39 -2 
-25 12 54 16 -40 -19 -44 -22 24 -17 -6 27 -45 5 -11 -13 
-69 6 13 -4 -40 17 36 -21 35 -38 -24 -23 12 2 34 -51 
22 25 22 20 -10 -35 -59 -7 12 -12 -14 5 16 8 -41 -37 
-23 22 11 27 42 -11 -25 -64 -42 17 8 6 -54 -8 7 9 
-9 -14 11 -65 10 -3 38 13 -1 -3 8 7 -25 -3 -38 -18 
-36 17 -35 -61 -19 -63 -5 -15 -25 7 -24 41 2 -37 34 -48 
-15 16 28 -6 77 17 9 0 -30 2 -25 -53 -46 -17 0 -2 
-51 -18 -20 -43 -20 -2 25 6 -61 -32 23 -17 7 -8 1 -45 
4 -21 -26 51 15 -41 0 -7 -21 -11 9 8 -55 -37 -40 7 
-1 27 0 3 -57 21 -25 -43 -38 -11 -44 4 -16 -37 -48 31 
82 -76 -21 29 7 -46 13 7 -6 37 -18 12 42 12 23 -41 
35 -7 -57 4 48 -83 -44 -14 9 36 30 1 8 116 -43 -22 
14 -2 -14 -57 36 22 -20 -42 -32 -14 -34 -28 54 13 -12 -80 
1 -51 -31 -24 0 -7 -20 -53 -50 14 8 -18 10 32 -20 34 
77 -4 33 11 6 22 -25 -53 39 12 -5 -59 41 -29 24 -34 
-11 34 -17 -12 -5 5 38 25 17 -48 -66 11 10 -5 -6 -33 
-3 -17 17 -48 52 50 -61 26 -56 -1 6 15 -35 -15 18 -11 
51 -29 -50 27 -56 -32 -1 -21 -34 -2 59 -9 5 25 -14 54 
-10 -65 52 -2 23 9 -24 13 -22 -32 -82 -11 22 -9 37 -16 
-29 18 37 -67 5 -49 4 -36 -30 48 -25 3 21 9 3 -13 
-31 -62 -40 -63 33 -49 -6 -18 14 44 4 -51 -24 -15 -8 -29 
73 22 -2 12 7 46 -13 18 -24 52 46 -11 -20 4 -82 -11 
-20 61 5 -25 13 -8 -3 4 -18 -27 -85 -39 -8 -22 -3 -27 
-9 22 36 -24 -46 -5 4 16 25 -43 20 -13 23 38 -21 68 
1 -63 15 -35 -10 26 -39 -38 -6 16 18 -15 42 28 -5 41 
-43 -84 17 -42 -25 53 54 19 -4 124 22 70 15 -20 -6 40 
2 1 -53 21 -57 -47 -55 -36 22 53 -17 -40 -12 0 26 -1 
-14 13 3 17 -32 55 6 -20 -7 -3 -23 -4 -25 33 9 15 
-45 -13 34 30 -50 -9 -14 -19 -2 -5 11 12 -3 -27 -95 5 
-36 2 -7 32 27 -64 19 2 12 -6 35 19 -7 -32 -86 10 
-5 58 3 22 30 -43 21 -21 -58 79 25 45 23 1 4 1 
10 4 -31 31 -10 -12 11 -7 38 37 2 53 29 -17 68 49 
-59 30 -18 18 98 -30 58 -47 52 -10 -54 45 62 -31 53 -25 
22 17 16 33 -28 25 -30 -60 42 -5 59 32 14 4 -9 12 
10 -1 -19 32 -9 37 5 43 17 25 19 -81 47 15 16 29 
6 -11 -20 41 -6 -25 -31 26 -16 29 24 41 -13 30 18 -12 
-25 -53 -24 2 -43 -27 -10 47 40 65 -10 -36 24 -32 10 51 
14 48 -10 -40 26 -1 -71 15 -54 96 39 7 -7 48 -2 -16 
12 11 27 15 -24 -35 -53 69 -29 -29 -2 -8 4 10 14 16 
20 -36 29 22 -1 32 -16 5 18 -29 -29 -8 68 -3 10 -14 
-1 20 39 31 15 5 5 -44 18 20 5 -11 -41 -28 -9 -41 
-32 -23 3 -9 28 -42 6 10 -67 -26 61 -7 7 -50 -1 -13 
-19 -9 -2 30 15 -3 -5 23 0 -2 -5 -13 -18 98 -26 -25 
-26 38 -19 36 -39 -22 37 -15 27 35 -5 -30 -25 -3 21 74 
-20 12 -30 59 -25 -21 17 -11 -1 22 17 30 35 -12 43 -30 
17 68 -56 4 42 -28 61 -17 11 -33 48 0 -2 49 101 5 
41 -17 25 8 7 -2 -13 3 43 -18 1 -12 -40 -33 -3 -5 
-15 16 -17 22 2 -6 19 -25 34 39 51 13 -26 65 2 11 
11 -23 8 -24 4 0 33 0 -26 -15 -30 -34 -8 15 39 -11 
45 -59 -14 -2 31 29 -32 -31 -15 -17 38 -10 38 21 -33 -11 
-29 -6 9 -23 71 -47 -10 63 5 11 19 -31 -4 2 -44 -27 
-22 -39 17 -48 -49 14 6 -32 -33 -58 27 -23 -60 -3 -36 42 
46 -10 28 -4 -63 -12 3 67 26 27 22 33 57 -20 28 21 
26 60 -15 -25 -45 26 8 11 5 13 -34 23 -20 33 7 20 
-21 -16 -27 73 22 -16 -67 -7 -25 11 28 -4 23 9 16 44 
23 23 -31 -12 11 -6 -5 27 -18 -3 4 -20 34 -34 -2 58 
21 26 -21 30 29 -18 -3 24 43 24 -16 7 -34 -6 -50 -25 
-9 -7 41 -10 59 -5 38 -19 -40 5 10 -15 38 13 10 -18 
-12 18 34 -21 10 32 2 -9 15 -23 -11 88 -38 1 9 56 
65 -14 47 -42 -13 -77 -6 -7 -26 30 -40 -12 39 -20 -2 39 
17 28 -18 -1 18 -40 7 15 22 -16 22 39 40 22 -31 39 
-21 8 18 -20 -8 -36 39 -34 -18 2 -11 22 -16 -28 36 -9 
45 3 -6 -14 2 57 13 37 -37 -18 -25 10 15 4 12 -55 
10 -7 10 6 16 -22 19 -1 -21 17 20 -21 -7 -17 -18 -3 
-6 32 -39 -16 32 11 -19 -34 18 13 -38 2 -39 -11 6 7 
11 -32 -1 9 -1 19 35 2 12 -27 -29 15 44 -17 -32 -3 
-16 -15 -19 19 -8 10 -2 31 -3 27 -22 25 15 -22 22 15 
58 55 51 -26 -48 -4 7 0 16 14 15 3 28 -9 27 -4 
-14 43 14 5 41 3 -8 79 28 6 -10 5 31 17 -24 0 
-8 -37 21 -16 25 -11 -4 -49 -28 7 11 -8 -6 5 0 16 
25 9 25 -21 6 -23 26 -25 10 -8 -19 -12 0 44 -38 42 
26 3 -7 10 -11 19 -25 -30 50 37 -41 27 27 -7 -12 -12 
13 -48 -5 16 31 -28 -9 52 -6 -31 33 -18 24 33 -13 61 
4 34 11 -82 48 14 22 -9 -1 7 -8 -4 15 -41 40 59 
26 -33 5 -16 -15 -2 12 -8 -2 -27 14 5 -62 -56 19 24 
9 11 -21 7 -60 -17 -1 11 6 18 41 -5 -9 -49 39 -30 
-39 39 21 23 -29 23 -6 9 -9 18 -2 21 -28 26 15 16 
-23 -25 -10 52 -1 23 -21 -8 2 -17 -19 -10 -12 -26 26 -28 
52 -38 -13 20 31 -4 21 56 -1 14 -13 -8 -10 40 -32 9 
45 8 -22 14 -19 -14 -1 -30 21 16 -19 32 16 -31 59 -47 
-8 7 -15 -24 6 19 1 24 -27 -15 -9 24 -5 -19 53 -7 
-9 4 -4 37 -31 -13 72 42 10 13 20 -20 -30 -9 33 4 
-24 1 -1 0 -27 19 -27 -1 20 -14 21 2 -20 9 -15 -2 
-6 -9 34 21 -10 29 44 27 13 -29 36 -6 12 -47 -42 -12 
-39 16 5 -4 -11 -5 -3 20 -46 -3 51 -5 -40 38 4 17 
-14 31 31 15 3 -8 32 -3 20 35 -3 31 22 -24 -5 -1 
-17 35 -7 24 -8 -42 26 8 9 -29 -25 41 -45 10 5 -4 
8 -15 5 -40 -14 -29 -22 -66 -15 24 10 5 -33 8 -33 42 
23 -18 -5 -11 -13 -9 32 12 -18 28 -45 -17 16 -24 -7 -18 
12 -36 -8 -3 -11 43 24 8 7 2 -5 8 7 19 28 -7 
25 -2 -33 -35 20 -7 9 26 8 -54 18 29 -12 39 17 22 
38 28 -7 14 22 43 5 0 18 -22 -13 -5 14 -2 -9 -11 
19 -23 24 55 11 -12 -9 25 26 -29 43 14 27 -2 -52 5 
-25 14 -58 -42 13 6 49 14 25 10 -66 -5 28 56 13 70 
-38 -33 -1 -33 -12 12 3 16 16 7 34 26 -18 -8 29 -34 
-23 -22 -6 22 -46 -21 -30 -31 27 -8 -33 -7 2 -32 6 -3 
-4 36 32 52 -13 -17 -24 6 21 -10 32 24 -78 -5 54 -19 
11 -2 9 2 2 48 -7 24 48 -65 0 67 11 -22 -28 -3 
31 -2 46 26 118 30 63 49 5 25 -33 72 -20 2 3 0 
-52 -13 -26 -33 -6 -57 16 14 16 -33 19 47 -4 2 -1 41 
56 -28 19 -21 24 57 -16 23 -16 44 33 38 -22 -5 53 0 
25 22 -25 -24 28 42 18 -6 -2 30 -41 -24 52 44 44 24 
-34 10 52 2 -27 15 3 -31 15 22 17 -15 42 0 -33 8 
47 9 -2 -19 42 7 -29 56 56 -24 32 -50 -19 39 -23 -53 
84 24 63 3 -55 11 -33 -5 -12 14 29 -79 18 -31 27 8 
7 21 -11 8 60 -17 -57 25 -13 19 -30 -22 -32 -40 -14 17 
-9 3 47 -8 -15 -22 32 68 32 -12 27 112 1 -45 55 11 
-26 35 29 31 54 -96 40 -1 -7 -30 -39 -38 115 19 30 13 
25 -6 -2 21 -45 35 -50 -30 -57 -18 43 -87 31 -63 40 40 
33 -24 17 54 -113 -19 24 16 -26 -30 22 3 -18 10 -25 63 
-11 -19 -30 -20 -17 8 80 -30 -11 41 8 20 25 -2 -6 -30 
20 98 -14 18 7 -11 4 -24 -9 -62 -29 -12 -56 -23 5 49 
59 -3 -47 -33 -37 12 26 -69 32 50 -28 7 2 29 7 50 
42 24 5 2 -72 25 21 -11 28 -5 -28 -16 29 14 16 -6 
5 90 -34 -39 35 -7 13 -35 -21 -9 51 -40 -12 -71 14 24 
58 10 43 -42 -1 28 11 46 -52 14 11 10 49 33 34 18 
42 -1 -13 21 5 15 -8 49 -32 -6 -37 -9 -1 13 -57 -27 
-26 -61 -37 61 -14 27 26 24 16 16 15 5 64 5 -28 13 
-30 -23 5 -10 23 11 -17 24 -9 1 32 7 3 51 -19 0 
103 23 -27 9 27 2 9 -10 12 -33 -26 -4 16 12 -26 20 
31 -15 -10 20 -20 24 13 -17 -3 -39 61 45 -13 -49 -19 2 
-7 51 19 27 -25 -6 18 21 -1 11 29 -3 -12 25 3 12 
-36 90 -3 -2 6 32 27 7 -48 27 45 20 -5 23 50 -1 
42 55 21 46 -24 8 15 10 -4 21 -52 -29 38 -47 34 41 
36 9 6 -48 10 -33 -20 -50 -28 -17 10 -41 7 -28 13 -30 
4 25 2 -3 -65 -1 -13 37 17 -22 31 -13 6 55 -22 -29 
-3 -8 -36 -15 -105 13 32 6 48 -47 0 -4 33 -33 -20 -51 
-40 -29 26 -31 17 11 41 -54 -11 -25 5 19 -21 34 -8 11 
7 -13 4 -7 -35 -17 3 -31 -10 -8 63 5 20 5 12 52 
-2 -30 -35 -10 31 20 73 -7 -26 26 71 43 36 -2 33 22 
-58 -18 -27 37 12 16 -48 -92 -2 22 11 51 15 -19 -8 1 
40 -12 -29 29 -39 -33 -7 -9 12 14 34 -1 -7 23 29 4 
22 -6 29 9 -21 -27 21 18 -42 46 45 -20 -11 -5 -23 9 
-22 31 -20 27 36 -23 -27 -45 -35 -9 -10 -92 27 15 -67 6 
60 15 85 -24 30 2 -56 -4 -7 -23 61 16 -18 2 -74 -10 
89 25 -29 14 34 -34 41 13 -58 11 -18 -67 2 -35 8 -9 
37 16 -38 32 5 7 56 -30 13 8 -70 -18 -19 -30 141 -52 
-13 16 39 -23 -33 -65 -61 13 -26 2 41 0 -16 67 -12 -18 
-48 75 -35 -74 -77 25 17 -3 -60 6 -53 13 -14 -12 45 5 
-6 17 -9 -23 -14 -4 -36 -13 -44 -30 -5 -23 9 22 -93 44 
-69 16 -9 -22 -31 -16 -33 35 48 -33 -3 56 -43 -2 -6 -2 
2 52 26 61 -16 15 20 -66 29 9 14 15 -43 30 22 12 
-9 8 -1 -43 -16 -30 -41 18 -33 -22 -34 0 -59 -86 -63 -17 
35 69 -78 -50 -31 -43 13 -27 -5 -38 33 -18 -23 -5 18 -31 
22 29 -31 39 -13 -39 19 45 34 -34 13 -7 -84 41 -61 -31 
-27 -3 35 23 67 12 18 14 -7 -85 9 -64 82 6 -13 -4 
13 -10 -14 8 13 83 -36 -16 5 -29 42 -8 -68 29 55 75 
-11 -42 -21 20 -56 25 72 -2 -6 88 -20 11 -42 -22 65 -25 
25 82 -4 -6 6 -32 -38 -16 -12 -9 30 19 -28 -22 29 23 
13 20 -38 -15 38 -50 6 -51 47 -6 -18 43 -42 37 -10 -23 
21 -22 14 2 -20 -138 -16 47 -34 -15 -1 -44 36 49 50 51 
-28 -76 -20 -3 43 7 -50 -7 -3 7 45 6 -12 -5 -61 -53 
121 8 36 -81 -29 -75 2 54 -48 -39 55 -8 84 29 34 93 
-34 -4 18 49 -33 -4 37 -48 -46 3 42 65 -65 -91 -22 -2 
35 -14 -36 37 -46 37 -4 -11 -40 -40 -31 36 -31 -31 -4 -17 
-13 24 -45 9 29 -11 -45 1 -39 83 -67 -17 -4 54 14 34 
32 -24 74 -65 -41 53 -43 17 -30 -30 -16 17 18 -50 -10 -53 
-57 -70 -43 -36 3 78 -58 -40 -19 6 18 -24 -5 7 20 -36 
20 -14 15 7 -35 -14 47 -16 71 -46 17 33 2 -9 -1 -1 
-43 -12 2 13 -56 49 -16 28 -1 -4 -59 49 80 53 43 -37 
74 -15 43 27 29 42 -30 29 -17 -70 -13 12 -37 46 36 -9 
17 -54 -47 6 73 37 35 -27 -5 -12 30 -29 1 -24 37 23 
-21 2 44 5 47 -4 23 -12 -27 -28 28 -19 -19 14 36 55 
22 35 50 32 10 9 -62 33 8 -17 -9 -3 -34 53 -5 37 
41 -23 32 -47 65 36 -24 -19 -26 -19 -17 33 -49 26 -35 -21 
13 29 7 -47 -51 -26 -22 26 -6 -15 -28 -31 2 33 -36 8 
56 -10 -24 -31 -10 -9 59 38 -51 56 1 -52 50 13 -8 -59 
-40 -35 37 5 -66 118 9 -8 59 -57 -19 45 -25 -13 -3 6 
9 -34 -17 -7 -33 -60 32 7 -3 -39 10 21 7 -9 -17 -32 
12 20 -10 35 2 -32 5 -5 11 -64 -20 -9 -2 -44 -16 -13 
-33 -9 53 -32 -14 40 16 -18 -27 -22 -18 -8 23 7 -22 8 
-12 18 7 -14 34 0 11 22 4 47 21 7 -6 -27 -13 -64 
32 15 14 -20 -20 -82 6 -16 11 -14 21 6 0 -36 25 13 
-62 -8 32 -12 -38 47 -26 -8 -19 -18 26 0 -36 -23 35 10 
0 19 2 -42 26 -19 -16 -31 19 7 -4 -20 -5 -10 -25 3 
-44 -24 -28 -18 -37 -16 16 30 -14 19 -32 -14 -35 -34 -56 -36 
-52 -49 1 -34 -48 -27 -35 21 -10 -12 -42 -26 -75 4 -42 -33 
7 -22 -44 -1 -45 -42 12 24 -27 -55 -28 26 -41 25 11 -3 
-31 3 -14 28 -18 -27 28 11 -25 3 -14 -61 -50 12 -14 7 
-10 -20 5 -2 -16 0 8 12 9 19 -24 -39 9 -13 -18 4 
-35 7 15 14 -5 6 -16 -35 10 -22 -22 15 -22 37 -14 -56 
-65 -6 -23 -2 2 1 34 0 40 -43 -20 16 30 -15 40 -4 
-4 19 -36 22 36 21 30 -6 14 -51 -30 14 -10 -6 5 -33 
-42 4 -15 -38 32 -19 9 -34 -20 10 34 9 -43 -26 -13 -51 
-37 5 10 -7 22 1 5 18 -9 -29 18 8 -10 7 19 -47 
-8 7 -6 -52 -13 -34 -22 -3 -9 19 -4 15 12 -10 0 -1 
-46 -24 -4 -32 34 -19 8 -39 -1 1 -45 4 12 -78 10 -36 
-17 5 14 -25 -5 8 -22 17 1 9 -17 -19 -64 -20 -14 -49 
-11 -13 -15 -32 32 -26 6 38 -35 -54 -3 -36 31 34 -31 7 
-55 -20 17 -18 -26 7 -2 11 12 -7 28 -7 -5 -14 -13 -27 
-13 25 28 12 6 -34 3 -34 -45 -42 -21 19 44 33 -7 -31 
-6 -11 -9 1 5 -31 -8 -19 1 -11 12 -1 -3 45 -2 9 
-12 33 -19 -40 -10 -20 -4 11 -9 37 -92 16 31 -35 -38 -34 
9 -23 22 12 1 12 21 22 1 13 -18 0 22 -6 21 -23 
21 -61 -1 -21 -7 46 9 -46 -10 -19 -5 -17 -22 -7 25 15 
-28 3 -3 23 6 53 -5 -5 -22 -40 23 4 2 -1 13 -26 
-68 -61 9 37 2 22 -26 21 -28 -10 0 -69 -40 21 -16 -17 
13 1 10 -5 28 -13 23 -17 47 -9 22 4 7 22 6 16 
-33 -29 34 -62 24 -20 25 18 -18 6 -18 54 -48 27 18 -34 
2 7 -39 7 -61 -33 1 -8 -21 14 -12 33 -18 26 8 51 
-43 -39 -68 -48 12 -26 -8 5 -6 -21 -55 2 26 21 11 -13 
-27 11 1 -6 -19 36 -7 -35 34 40 18 58 -11 7 18 27 
40 -5 -3 6 -26 0 12 56 -27 -6 36 -64 40 17 12 -23 
7 -20 2 -41 -20 25 -4 57 16 0 -26 23 -29 -8 -17 -5 
-2 -13 -1 0 14 -1 0 33 26 9 -14 -21 0 -14 -16 -6 
-2 0 -14 0 0 0 -1 0 0 2 -6 -10 12 -16 1 0 
5 4 -19 -8 3 -21 56 -11 -27 0 -6 6 -12 1 29 0 
-6 0 -7 28 0 0 0 15 12 -2 -14 -1 -53 -4 -31 2 
5 0 11 7 -2 30 -31 -44 1 0 -9 0 -13 7 11 5 
1 24 4 20 -10 -5 -1 15 21 1 5 0 16 -19 -32 0 
0 1 49 -1 0 0 1 -2 -10 23 3 1 -4 -14 1 0 
-22 26 -5 -7 11 -23 0 1 -1 0 -1 9 0 1 -1 15 
0 -7 -1 -1 2 0 -25 -12 -6 1 3 -1 4 -10 -21 -2 
-16 0 5 -11 -2 2 -17 12 0 0 0 9 22 3 -6 15 
5 4 -2 0 2 -12 -6 0 0 -3 -13 -7 5 0 -13 -19 
-8 -14 -2 2 1 -11 -15 -14 -32 1 18 -2 -35 -24 0 25 
17 11 -39 -6 1 -28 1 15 -49 0 0 1 -21 0 -2 0 
-1 -19 24 -14 -43 -6 0 24 2 -1 1 -16 17 0 14 -10 
-4 0 -12 12 0 -15 15 -16 7 0 6 -7 -20 -1 -3 1 
1 -9 -17 -6 -15 7 -6 13 -7 -18 -8 -27 0 0 0 -39 
-27 -29 0 2 1 0 9 4 -3 -3 0 -24 0 14 -4 -9 
-23 -1 -11 5 -1 -17 0 -38 33 0 16 -6 2 0 4 -25 
-13 0 -4 -19 -23 2 -4 -26 2 -36 0 -1 -12 13 -13 0 
-15 13 0 -6 -21 6 30 0 0 -20 -1 -1 -3 0 -18 0 
1 1 0 -16 0 -31 -12 -2 17 10 6 -6 -1 6 15 -21 
5 4 -3 9 0 -14 1 -6 4 5 0 -24 -1 3 0 1 
1 2 1 0 19 -4 1 2 -13 -11 -5 1 3 0 26 -18 
-1 20 -1 1 -1 0 8 0 1 26 -6 0 -28 26 -3 -4 
10 33 -2 -1 4 -1 -29 -3 1 -1 3 0 0 -27 6 -8 
24 24 -2 3 5 0 15 -3 -43 3 0 0 0 39 -10 35 
-1 0 -1 -21 0 0 -5 -18 12 -1 -2 -19 6 -4 -3 -1 
0 -12 -19 0 12 -10 40 1 -10 -15 0 0 -2 -5 4 0 
-1 1 0 -6 -9 2 15 0 -38 -11 4 1 -19 -2 0 -5 
-11 -4 2 -16 1 -1 -16 0 -18 4 29 21 29 0 26 -7 
-7 -16 -23 -27 0 -33 -5 25 7 0 -1 23 -38 19 -5 -16 
-2 0 -29 0 -1 18 -1 -3 0 0 -6 9 6 -4 -3 -2 
-10 0 -35 -34 -2 1 3 -4 0 -8 2 -33 1 3 -27 9 
0 15 -35 0 -2 1 11 -1 -2 0 -6 -35 -1 -3 2 8 
-26 -1 -2 0 2 0 0 11 7 1 -12 -7 26 0 -21 1 
-5 -6 -25 -33 -3 -7 3 7 -34 3 -1 0 0 -3 -2 12 
3 -16 1 0 -34 -2 0 5 -14 22 41 -19 0 4 -3 7 
1 0 -1 0 0 0 -8 0 0 0 -2 1 14 -18 0 0 
5 0 1 -27 3 -18 5 9 8 0 -1 20 4 1 -14 0 
0 0 2 7 0 0 0 -13 0 -2 11 -2 27 7 1 -3 
-9 0 9 7 -4 5 -38 1 -2 0 3 0 7 1 -14 0 
1 -4 -4 -11 -9 1 7 9 12 -1 -6 0 -6 -20 -23 0 
-1 1 21 0 0 -1 12 -3 -8 1 -1 2 16 11 9 0 
1 15 7 10 0 -17 6 -6 0 0 -6 18 4 -4 -3 6 
0 -9 -2 0 -2 0 -13 -3 10 -4 -4 -5 0 -6 -20 1 
-20 -1 -16 16 2 3 -13 22 0 0 2 25 12 6 -1 -16 
5 -4 -4 -15 -7 2 -7 0 -3 -3 -16 -8 -17 0 -1 25 
-8 -31 0 -3 0 -17 12 -4 -16 0 -17 -1 -25 -7 0 21 
-23 18 -3 -2 -6 43 1 25 -30 1 1 0 -14 0 -4 0 
-1 -29 -5 -5 -8 -18 0 9 -1 0 0 -5 -8 0 -8 -23 
1 0 -8 -13 0 -20 0 -4 -7 0 7 -3 12 0 -3 9 
3 8 -35 14 12 20 -10 -13 18 -19 20 -27 3 14 0 -43 
-25 -21 0 -4 7 0 -3 -2 -1 -12 0 -24 2 36 17 -1 
-9 2 -13 -43 0 3 8 -30 -1 0 -20 -9 -3 0 8 -27 
-19 0 -9 20 -3 -1 0 3 3 21 1 0 13 -17 10 0 
-1 7 -3 8 17 -17 -15 0 -1 -23 -9 -14 -5 0 -20 -1 
0 0 0 -30 0 -28 43 -11 -16 -2 9 -3 2 -8 -26 -12 
0 -12 2 -9 0 -5 0 -17 -7 -13 0 -33 0 -6 0 -40 
-4 -1 1 0 -5 27 1 -15 -12 3 21 -3 18 5 17 13 
-1 0 1 -2 1 -20 7 0 0 -16 -10 0 -9 -23 8 -4 
-19 -17 -1 -1 -45 1 -25 -5 -1 -4 -6 0 0 7 -4 -23 
-1 23 -2 2 -9 -2 1 -16 22 1 0 -1 -1 7 -18 17 
-2 0 1 8 0 0 -10 -4 -5 17 -2 19 32 3 28 -9 
-1 9 10 -1 -10 2 -18 -2 13 14 0 0 -2 -6 9 0 
1 0 0 0 -13 4 9 0 -43 -11 -10 -1 25 4 3 2 
-16 2 6 -7 -10 1 -10 -2 -3 -8 -29 -15 -24 0 -2 -6 
27 -2 -1 15 4 -3 1 -17 -3 0 1 12 -23 -5 -4 7 
19 0 -13 -1 -4 23 -11 -2 0 1 -13 -16 0 1 1 2 
-11 2 -21 23 -1 0 -4 -13 0 -6 -5 -49 1 1 -2 12 
2 -17 -23 0 -12 1 -11 -1 3 0 7 -12 -1 -32 1 19 
-27 -1 0 0 0 0 0 -12 -1 0 25 3 17 0 9 5 
-13 1 -16 -32 -19 -32 -1 0 -19 -20 -1 0 -2 0 -1 3 
1 -32 0 0 -52 -4 0 -59 -64 13 34 21 0 30 -24 3 
-1 0 -11 -1 0 0 -23 6 0 0 25 13 -14 -48 -11 0 
-9 -11 -6 -16 -17 -13 6 44 16 0 10 -4 -43 2 -35 0 
-9 0 -23 -54 1 0 0 -24 -43 7 28 3 20 -28 45 -6 
-1 0 20 -10 -7 18 -29 56 12 0 27 -1 -1 -6 -5 -2 
11 -36 -28 -29 -22 -14 14 32 -19 2 -36 0 -27 -14 -19 0 
-3 3 -17 2 -1 1 19 -5 19 -49 3 5 2 4 -16 -2 
17 -13 -5 26 -16 50 -6 9 -4 0 -39 48 -30 -5 -1 -2 
-1 -1 -3 2 -9 -1 31 47 -21 -11 -26 2 38 -24 -42 -9 
-39 1 -20 -9 -11 1 -31 -15 -2 0 -37 55 -39 1 -45 -11 
1 -7 -8 -5 -11 16 -11 0 -8 -6 -19 35 -8 2 -22 32 
9 -21 -3 -10 -13 4 6 -12 31 5 -46 2 -28 -19 0 -51 
7 -28 40 -29 33 61 -3 14 -7 2 1 0 -11 1 -20 1 
-4 -46 -13 -18 26 -33 0 47 -6 -3 -1 23 -13 4 -18 -3 
-8 0 -27 -25 -2 -27 -29 -9 -55 -2 -12 29 25 1 11 37 
0 18 -40 -2 17 19 -9 -25 -15 13 23 22 8 9 0 -24 
-6 -2 0 -5 -2 0 -5 -9 9 -5 0 -12 -6 -16 -3 -33 
28 -3 -34 -14 1 5 -4 -39 -49 1 -18 27 -8 1 12 -60 
35 -1 -32 49 75 -4 9 -57 2 40 2 0 -1 -12 -18 0 
0 -40 -12 -14 6 -51 -5 0 2 -2 6 11 12 -3 -5 -2 
-3 -6 -5 -10 0 -41 54 -11 47 19 -13 -7 -2 -29 8 55 
-5 -9 32 -36 0 -11 -1 6 15 18 0 -8 1 -6 0 -62 
30 6 7 1 -58 47 -5 -14 16 -12 -2 -13 9 1 -18 22 
-2 22 -4 -6 5 12 6 0 -5 -25 1 2 -18 -21 13 -23 
-45 -60 -7 -1 5 5 -12 2 -6 2 -6 -1 0 51 -27 -10 
-34 -34 -10 1 -12 2 -64 -61 19 -7 1 -2 5 10 -31 -36 
7 -1 10 -7 -1 0 -10 -3 -21 35 1 7 -26 13 -1 -6 
-11 42 44 0 -50 12 -27 0 0 6 0 0 -15 -4 20 0 
-6 -3 0 13 28 -22 15 0 -44 35 -14 1 67 -45 -36 -4 
-14 25 -3 31 -27 16 4 14 43 -8 -45 -59 -50 0 -39 33 
-11 -3 41 44 -13 26 -6 -41 -11 0 3 26 -10 16 43 0 
-13 1 -9 1 -9 10 -44 -5 0 5 26 -34 -2 0 1 13 
9 2 -21 65 -1 -4 -3 -3 0 -8 8 -35 0 -11 -15 -36 
12 -44 -12 0 8 5 -27 -8 -2 0 42 26 -4 -23 -1 -19 
-29 1 -2 0 6 4 1 -25 -25 0 32 -1 -19 -1 5 -40 
-33 -11 -8 -16 -27 18 2 -13 -26 11 -2 1 -1 -87 5 -2 
-7 44 -1 0 34 13 0 52 29 -78 -68 -4 0 -33 9 9 
6 0 -18 0 0 -1 9 5 0 7 44 5 16 68 14 -5 
-1 -6 138 23 -23 18 -9 9 -47 0 -22 17 5 -2 47 1 
5 0 45 7 3 0 0 -10 70 -3 -45 0 -41 0 16 22 
-6 -1 -27 20 17 -37 17 -16 -1 0 -9 -6 -47 49 -27 25 
-22 57 2 9 35 14 -16 13 -26 2 43 0 -5 0 24 0 
5 -10 -47 -2 -1 9 -20 12 43 14 -6 29 49 2 22 -2 
10 -39 -21 -49 35 6 15 -9 0 0 27 -30 7 -32 -37 -28 
0 33 3 6 9 4 44 15 -38 6 -7 6 -69 17 -10 -9 
12 -2 24 15 -18 -10 -1 -76 0 -4 4 -125 38 -8 -2 56 
-27 1 7 26 26 -69 -3 -4 18 9 29 -46 48 7 0 10 
-1 47 4 0 -9 -12 9 27 80 30 76 7 -3 -3 0 11 
3 -101 -14 63 -60 -95 15 8 36 -1 0 22 -6 4 -6 -2 
3 23 27 -13 25 14 0 -58 14 1 10 -61 11 10 -5 77 
7 -1 31 33 2 4 92 46 5 2 -38 -10 8 2 -11 -27 
14 13 43 5 -4 -10 46 -2 -24 -12 -43 9 3 -37 1 55 
40 120 0 9 27 0 26 2 0 14 2 119 -7 -15 15 -33 
14 -2 0 48 2 -42 -12 30 57 4 46 9 8 0 -33 123 
-36 0 0 38 -37 -5 -8 16 -3 31 -4 -4 -27 39 2 0 
20 36 5 -19 -3 0 -42 0 4 2 4 49 28 6 -37 8 
5 2 2 -11 -3 34 -32 25 -35 -33 -36 -2 13 16 -33 -3 
-2 33 17 51 -2 23 0 58 27 -25 0 41 -2 10 0 71 
13 7 -6 -9 31 -24 -8 33 26 26 -3 27 -30 0 -28 -22 
-1 20 1 10 5 58 -24 13 3 51 18 5 -29 11 -6 11 
0 35 0 -5 -23 -5 35 -11 -11 -11 9 0 0 7 -14 -1 
37 38 1 -1 5 -4 20 19 3 9 1 -8 -3 -87 14 -9 
7 -1 31 -59 1 13 15 51 9 -76 11 -52 -34 4 12 27 
-12 -48 -36 4 62 17 -8 -2 -30 75 -1 0 7 -10 7 0 
-1 -1 0 2 -20 -3 -70 0 51 62 -22 -5 26 -8 34 5 
24 -33 -7 67 -10 14 13 -14 1 -19 26 3 33 -4 28 -48 
-15 8 14 -41 26 11 3 -7 -10 0 -18 1 6 48 -55 4 
-3 -5 44 -2 0 50 14 -17 4 -3 -49 27 -37 -3 3 6 
3 -2 40 -24 11 3 -36 41 0 62 -19 15 2 5 72 15 
-23 57 29 0 37 5 27 7 -7 0 21 23 -4 83 6 -51 
1 -1 3 0 -4 0 -6 44 28 5 -71 9 44 -2 52 -32 
3 17 -3 26 0 -7 4 22 19 -49 4 0 5 114 9 -6 
1 -18 0 0 36 1 0 7 1 12 7 8 0 0 -1 4 
-4 0 -6 0 0 0 -1 1 0 -1 2 1 -15 -24 0 0 
-3 1 -58 0 -6 15 -7 -31 -7 0 -3 -21 16 -1 33 0 
0 0 -11 -21 0 0 0 23 1 -2 -13 1 -42 -4 -16 -2 
-2 0 16 -24 0 25 -23 -10 1 0 -9 -1 6 -11 18 -1 
-3 10 18 3 0 -1 -1 6 11 2 5 0 8 -23 -9 0 
0 0 16 -1 0 -1 1 6 7 -4 -2 -8 -6 -32 -8 0 
7 -11 -12 24 0 15 -25 2 1 0 -7 -9 3 14 -7 -2 
0 -5 0 -1 4 0 -18 0 4 -3 7 4 3 -14 -24 0 
-23 1 22 -19 -3 1 -14 40 0 0 3 5 -13 -3 17 22 
-6 1 -11 6 -1 -3 -6 -1 2 -5 -21 7 6 -3 6 -29 
9 1 -2 24 0 -3 -31 7 -17 9 20 -2 -13 -15 0 -15 
9 14 9 -23 3 -27 -6 -2 -24 0 -2 -9 -13 0 -8 0 
-4 -34 16 0 -2 -4 0 -8 -3 1 -1 6 5 0 31 -6 
-2 0 -7 12 -1 -34 1 0 7 0 9 2 2 0 -2 -9 
-3 -15 -31 -24 -6 -6 -15 16 -17 -36 0 -18 5 -20 0 -15 
-28 -27 0 -8 -16 0 -1 3 2 9 0 -23 2 -32 13 -34 
-1 0 -11 22 0 3 -22 -8 12 -1 -3 13 7 0 1 5 
3 0 -20 -24 -10 -2 -4 1 1 -14 -2 -2 3 30 -3 0 
-24 -8 -2 -25 4 -10 40 0 1 -3 1 -16 -26 0 1 -1 
-2 0 -2 -29 0 -16 -39 0 16 1 4 -2 -4 -24 21 7 
-7 -9 11 30 0 -19 1 19 -5 45 0 -8 0 -3 0 -22 
7 -3 -8 -1 -10 -24 2 -7 -7 7 -21 -5 19 -1 4 -18 
3 -13 -4 2 0 21 7 -1 -1 22 -26 1 12 1 -5 6 
-3 -4 0 0 16 -2 -35 -5 0 1 -5 0 0 -19 0 -8 
-20 -21 -2 -4 10 1 -23 6 -13 -1 0 0 -1 27 -6 -9 
0 0 -1 -15 0 -2 26 17 9 4 1 -10 11 -5 -10 -1 
0 -32 19 0 -15 2 52 -4 -10 -25 0 0 -30 -1 -22 0 
0 -1 0 -7 4 -9 3 0 -32 -4 36 0 -36 -21 -20 1 
-12 -4 -3 -17 8 -4 -10 0 12 -15 3 30 5 0 -18 -21 
-26 8 -24 -12 1 -11 2 12 7 0 -1 -6 -35 -2 0 -32 
9 0 -5 0 4 -13 -15 -1 -2 0 14 13 -11 -16 -3 -4 
3 1 -18 -34 -3 -1 -4 11 0 -2 6 -40 -1 1 -13 -21 
0 -4 -10 0 5 -6 13 -4 0 0 -8 21 0 16 -3 -16 
-29 0 -2 0 5 2 1 22 -5 -4 -21 -14 -17 0 -20 -15 
-15 -10 -22 -23 -31 -5 -2 -2 -3 33 -1 0 -3 -24 0 5 
1 -4 -1 0 24 0 0 -13 38 3 19 22 0 -4 -8 -3 
-1 0 1 0 0 0 -6 3 0 -1 6 3 3 -29 -2 0 
-17 -1 -37 14 -5 0 1 -20 43 0 0 -6 -22 -2 36 0 
4 0 -38 -60 -1 0 0 18 -1 4 -24 1 -17 -17 -44 -1 
-11 0 2 -34 0 27 19 -12 -4 0 -8 0 -1 9 13 -2 
1 15 -5 21 -20 4 -4 28 29 3 -5 0 -6 31 -29 0 
-1 0 23 -1 0 -2 15 3 -8 -15 5 -11 -19 -31 -6 0 
3 9 -9 14 -12 6 -36 9 0 0 -17 -4 -3 11 11 -24 
0 1 0 -2 2 0 -42 18 -13 7 -2 2 -9 18 4 -1 
6 0 11 -34 1 3 -1 7 0 1 12 11 -34 -4 1 29 
-19 9 7 25 7 18 6 -1 -1 3 9 31 25 -3 6 -40 
0 -4 4 35 -2 -20 -18 29 -37 16 36 -2 19 14 0 -31 
25 28 12 3 59 -13 -1 -5 18 -1 0 6 22 0 8 0 
-3 16 5 -4 -3 3 0 -12 1 1 -1 -5 -2 1 5 9 
-3 0 5 25 0 17 -12 -14 -6 0 -1 -24 10 -2 7 -5 
-3 -14 10 -41 6 0 11 13 -26 18 20 6 0 -8 0 18 
13 -5 0 4 -24 0 -29 3 2 13 0 -17 -1 -19 14 -35 
-5 1 24 37 1 -5 -12 29 18 0 30 -1 2 0 5 -5 
-1 0 10 -34 -17 -2 1 -18 2 -1 0 -2 -20 -1 -19 -1 
-3 -28 -1 16 -20 -19 29 0 -2 15 6 -17 2 0 32 -1 
-4 -1 -1 2 0 31 -22 9 54 4 1 1 -4 -2 31 30 
9 13 3 -20 0 23 0 8 -3 31 0 5 0 -4 0 -14 
16 -1 3 0 1 -2 0 -22 7 27 -24 -1 4 -5 -20 -19 
-1 10 -1 2 -1 17 0 -1 0 37 -25 1 -8 4 -10 7 
33 -18 -1 0 16 -3 36 1 -1 4 2 0 0 -11 -2 28 
-17 0 -1 -2 14 4 -9 -8 -28 1 0 1 0 20 20 -21 
0 0 -8 -38 0 0 60 9 -9 17 3 -41 -23 -2 -14 1 
4 -11 16 1 24 1 51 -2 -12 3 0 0 -32 -5 -3 0 
-1 0 0 21 3 7 14 0 17 -5 31 0 -37 -41 -26 2 
1 -13 7 15 24 -5 9 -3 17 6 8 32 31 0 -50 -32 
-15 -9 -33 3 9 48 1 -11 -7 0 7 -13 31 -6 -21 -25 
-11 0 18 0 1 -33 13 -2 -1 -1 23 8 -28 -10 -2 -5 
5 2 15 -3 5 -1 -15 20 0 -4 5 -3 2 1 -26 -9 
1 -17 34 0 21 -1 12 -3 -3 0 13 4 1 20 0 -1 
28 0 0 0 3 5 2 35 -17 -1 -22 -9 -73 0 -19 -26 
6 5 7 9 25 43 2 -7 7 31 -1 0 0 -17 4 -1 
-7 -8 -1 7 0 -5 2 -5 2 -3 8 -8 -4 -4 2 6 
-1 3 -9 -2 8 -7 -4 11 1 -9 -10 0 -2 1 6 -7 
-4 -2 2 10 3 7 6 5 9 12 1 2 -2 13 4 0 
4 5 5 2 -3 -2 6 1 5 -9 -1 -5 -13 -5 -2 0 
-2 -1 9 2 1 9 1 -10 5 1 -4 5 -9 6 0 2 
-3 -7 1 0 1 -5 -3 0 5 -7 -11 6 -8 -5 -9 2 
5 5 0 -2 10 3 6 5 -10 -9 1 3 0 3 5 6 
4 2 -6 -3 6 0 -7 5 -2 1 -9 -1 7 -4 3 -8 
-7 2 3 8 0 5 7 4 7 5 0 3 -1 5 4 -5 
5 6 3 9 -1 -6 2 4 1 0 -1 -7 -5 -5 -2 -5 
-8 -1 1 2 -1 9 0 -6 2 -4 2 6 -10 7 -1 2 
-3 -9 1 -2 0 2 1 2 7 -2 -1 9 -1 -2 -3 3 
0 17 8 5 1 3 10 0 -9 -10 6 -4 -5 3 5 -3 
3 -4 2 -2 5 6 -6 3 4 -2 -9 2 15 1 3 -12 
-12 -2 0 -5 7 -3 2 3 2 4 -2 2 0 -6 8 -8 
15 1 -4 11 5 -11 4 7 2 2 -7 -10 0 -3 -6 0 
-5 -7 13 -7 -9 5 -1 8 0 -11 2 4 -13 0 0 3 
-3 -8 3 1 -7 4 6 -6 -5 -3 -4 0 0 6 -5 10 
-2 2 -1 -6 -1 0 2 2 1 -7 -1 -3 -2 -3 2 -1 
0 -1 0 2 6 4 -7 4 -4 0 -2 -3 7 -2 3 3 
0 8 -7 7 1 -3 6 2 5 2 4 -1 -4 -3 8 -9 
-4 7 3 3 -9 -3 2 4 5 0 1 -9 1 -4 6 0 
-9 -7 12 -2 -3 7 3 3 -3 -10 4 3 -10 2 11 0 
2 0 4 6 3 6 7 4 -10 -8 -2 6 -3 0 -5 4 
-9 -2 3 9 0 -1 -1 1 0 0 -3 -4 -4 -11 -2 -5 
-6 -8 -10 8 -1 -4 -4 2 -3 -4 -7 -3 11 1 2 0 
0 11 -4 3 8 -10 5 14 9 11 -4 6 -1 5 6 -9 
-1 -1 -6 7 -2 -5 -7 2 6 -7 6 -8 -10 -3 7 -8 
-1 -2 13 -3 6 9 -2 -12 4 -5 1 7 -6 0 18 1 
-13 2 3 1 -4 0 4 1 -7 -8 2 -3 -3 6 -10 4 
1 1 3 5 4 2 5 3 0 -6 1 -6 2 -2 2 0 
1 -4 -4 3 2 3 -2 4 -6 -7 -9 2 3 -2 2 -3 
-2 3 -2 3 2 4 3 8 2 3 -6 1 -2 -3 5 -6 
2 -1 6 5 -4 -7 -1 3 4 -6 3 -4 -2 -6 5 -1 
-1 -5 6 -4 1 5 -1 -6 -1 -8 -2 2 -7 5 4 -2 
-2 2 4 2 2 -1 3 -3 -1 -6 0 5 -1 -3 -3 6 
20 2 8 11 4 -7 -4 -26 -7 11 34 -34 9 4 -14 -1 
24 12 8 -6 -11 -12 7 -8 -4 -7 -9 4 15 -17 16 -17 
2 -4 15 18 3 -1 17 -13 -6 -6 -11 -21 -3 14 23 -4 
23 54 -12 26 26 15 -6 0 1 6 -20 18 1 1 -20 -3 
-11 1 21 -1 -9 -14 17 -2 -15 1 -16 -1 -2 -9 -2 5 
12 -32 -3 34 6 -2 -30 2 -4 21 -28 -5 -3 11 17 -5 
-1 4 4 0 4 -2 1 3 1 -3 3 -2 1 -1 4 2 
2 -3 -6 1 1 0 -3 3 -2 -2 -3 1 6 4 -1 0 
-7 6 -1 1 5 1 5 3 1 4 -5 5 -1 3 7 -4 
0 0 5 4 -2 -8 3 4 5 -8 2 -9 -6 -6 7 -4 
-2 -6 3 -4 4 5 -2 -3 -4 -7 -1 -1 -5 1 6 -4 
-3 -1 4 2 0 -3 1 0 0 -7 3 4 -5 -4 -4 4 
-2 -1 2 2 7 3 2 2 -6 -6 2 1 0 0 -1 2 
1 -3 -5 3 9 -1 -5 3 3 -4 -3 2 7 2 1 -6 
-6 -1 -4 4 2 -1 7 9 1 7 -2 2 -3 3 7 -5 
2 7 3 3 -4 -7 0 5 3 -6 -1 -3 -2 -5 0 -5 
-6 -5 2 0 4 5 2 -5 -1 -6 3 7 -6 3 8 1 
-7 -3 6 -2 1 -2 4 3 3 -8 1 4 0 4 -4 5 
-20 0 -27 -21 -13 31 18 10 9 5 6 -12 -11 -1 5 15 
-9 -2 18 12 11 8 8 -20 -1 2 1 -6 -5 6 11 -6 
9 -16 -10 -2 -7 -4 -3 -1 15 7 13 11 -18 20 10 2 
9 -9 11 -14 17 -12 27 -8 5 -4 -12 -6 -3 14 18 -35 
-18 9 25 3 -24 -8 -10 23 16 -18 9 -12 -22 12 0 2 
0 -7 12 -14 -14 -6 -14 -17 13 2 -7 -5 11 10 -9 -1 
-7 9 5 0 0 7 3 7 -4 -9 5 -3 -2 -4 3 3 
-5 1 -2 -4 5 -4 -4 1 -8 -6 -1 2 8 -8 1 2 
-3 8 -4 3 3 -6 9 10 1 5 4 -2 0 5 5 -8 
4 5 -4 6 -6 -10 0 1 -1 -11 -3 -7 -4 -12 6 -6 
-5 -10 9 0 -1 6 2 -6 2 -8 3 4 -9 3 8 4 
3 4 8 7 -3 4 6 2 -1 -3 0 6 2 -5 -7 5 
6 1 6 5 10 -4 -1 -1 -4 -8 1 -10 3 0 4 11 
13 5 7 4 -4 0 6 -1 2 3 -3 -11 14 -8 9 -11 
-4 0 -6 2 -7 11 12 9 -5 0 -3 -4 8 12 10 -6 
2 21 3 14 2 1 5 7 4 0 0 -3 -12 -6 3 -2 
-11 -7 -2 3 9 11 -2 5 -4 4 4 13 0 -1 5 2 
-5 -3 12 8 -4 -1 3 10 16 -7 -3 3 2 -6 -2 9 
-7 5 -4 0 1 -6 6 9 3 0 2 1 2 -2 3 0 
-2 -6 -11 -6 2 1 -8 3 -7 -3 -9 5 0 -5 -1 0 
0 6 -10 3 6 7 7 2 9 13 3 0 -1 -9 -3 -1 
5 0 -3 1 -10 -8 4 -2 7 -12 1 -3 -6 -5 -1 -1 
-2 -7 6 1 7 6 7 2 5 1 0 9 -9 6 5 3 
-7 -1 0 6 0 -2 5 -4 4 -7 5 8 -5 -7 -15 0 
1 1 1 0 4 0 3 3 0 -6 0 -4 0 1 0 1 
-1 0 -3 -1 5 0 -2 2 -7 -2 -2 2 6 -1 1 -1 
-5 4 -5 0 3 0 7 5 2 8 -2 1 -1 -2 4 -2 
-3 -1 0 4 -4 -4 3 3 4 -7 1 -6 -5 -2 0 -2 
-2 -5 3 -3 1 4 2 -1 -3 -5 0 3 -4 -1 1 2 
-6 1 0 -2 0 -1 2 0 -1 -2 0 3 -2 -4 -4 3 
-1 -9 0 5 4 5 2 3 1 -5 4 -3 -3 4 3 4 
0 -1 -4 -1 13 -3 -2 7 -2 0 -10 -6 3 9 2 -4 
-7 2 -3 7 -2 1 -2 8 13 1 4 -3 3 12 4 -10 
6 -7 10 -3 -5 -12 5 6 8 -4 -6 -12 -8 1 -6 0 
1 -1 8 3 -1 11 3 -5 4 -6 1 -2 -13 9 9 5 
-3 -10 8 -4 3 -5 3 -4 8 -11 -2 6 -3 -1 -3 6 
-2 -2 2 2 4 -2 4 3 -4 -3 2 -2 1 -3 1 0 
-2 -6 -3 -1 5 -2 1 3 -5 -6 -4 1 7 -3 3 3 
-6 7 -3 -1 2 1 3 9 7 6 1 0 0 -1 7 -4 
-2 2 2 2 -2 -7 3 6 5 -5 4 -5 -4 -3 6 -2 
-1 -4 7 -6 0 7 1 -6 0 -2 0 2 -6 4 3 0 
-3 -4 5 -1 -1 0 3 0 0 -7 0 3 -2 0 -3 5 
-3 2 1 4 -1 -2 2 0 0 -3 5 -5 -2 -4 1 0 
-3 -7 -5 -1 2 -1 -3 5 -4 -6 -4 -2 4 -2 3 1 
-1 3 -7 5 2 -5 4 11 9 4 0 3 0 -1 8 -4 
-1 2 -1 3 -6 -8 3 2 5 -3 6 -4 -3 -5 5 -5 
0 0 10 -1 2 7 1 -5 -1 -7 -1 6 -5 -1 12 0 
-9 3 4 -2 0 1 6 0 -5 -7 2 -2 -5 0 -6 7 
23 25 19 -2 2 3 4 11 -1 -5 7 8 -11 -15 -2 -3 
13 0 5 2 -14 20 18 -24 16 13 26 -1 20 -18 -24 -15 
-12 -12 -17 -10 -12 10 11 13 -2 -9 -2 -9 23 -23 -6 6 
-23 7 -9 9 2 14 -23 15 14 13 11 -3 -9 -10 10 -9 
-1 13 -18 -19 12 -23 5 8 -5 11 11 32 1 16 5 6 
14 29 10 4 2 5 29 -13 9 -3 34 10 18 -7 -9 9 
-3 7 5 4 2 0 4 1 -5 -6 4 -6 1 1 4 0 
-1 2 -4 1 1 -3 -6 2 0 -2 -6 0 10 -2 -1 -3 
-5 3 -2 3 3 -1 1 7 5 3 -2 1 0 -1 6 -6 
3 6 1 8 -1 -8 3 7 0 -2 0 -7 -5 -4 0 -3 
-4 -3 10 -4 -1 3 0 0 1 -9 -2 5 -9 5 8 0 
-9 -3 1 -3 -3 3 7 0 -3 -8 0 -1 -1 1 -5 10 
-2 -1 -1 2 5 -2 2 4 -2 -5 -2 -3 -4 -2 5 4 
0 -4 -2 0 4 4 -2 5 -6 -2 -5 -2 6 2 5 -1 
-3 1 0 -2 -2 3 5 7 4 7 0 2 0 -2 6 -7 
1 3 1 0 -8 -5 2 5 4 -7 2 -9 -5 -4 5 -1 
-2 -9 5 -5 0 7 0 -6 -1 -2 0 -2 -4 2 6 3 
-1 0 6 2 0 2 2 -4 2 -6 -3 7 0 1 -6 6 
2 -4 -9 -5 1 4 8 5 -4 3 3 -7 -1 -6 4 4 
8 -2 3 -3 4 5 -5 -2 -3 1 1 0 7 8 1 -6 
-3 -2 -3 4 -10 16 2 15 14 1 -11 -3 -4 5 9 -14 
-1 -4 6 -1 -2 -6 11 0 -2 -3 -4 -6 -10 -4 1 -2 
-9 3 1 2 -1 8 -7 6 -4 -7 5 -1 -2 8 0 -4 
4 -6 6 -6 1 -1 0 2 10 -14 -4 3 0 -7 -7 8 
-2 1 2 4 3 -1 5 6 0 0 2 -1 -1 -3 2 -1 
-1 -5 -5 -2 5 -5 -2 1 -4 -6 -6 2 7 1 2 -4 
-3 4 -5 4 5 -1 6 6 4 7 -3 3 1 -1 6 -7 
0 -1 -2 2 -6 -8 0 6 3 -6 4 -6 -4 -5 6 -3 
-5 -2 6 0 3 9 2 -4 0 -7 2 1 -8 4 5 2 
-8 -1 3 4 -3 3 6 3 2 -6 -1 2 -3 -1 -6 4 
-1 21 1 3 2 -16 14 -2 -21 -4 20 -11 -2 -1 -2 0 
3 -3 1 -7 8 9 -14 3 9 -4 -20 4 10 0 2 -13 
-9 4 2 -6 -2 -1 5 -7 0 7 -6 0 -6 -6 13 0 
8 12 -5 19 15 -1 -3 4 6 -5 -16 -3 9 0 -5 -3 
-6 -3 8 4 -1 7 2 6 3 -2 -7 8 -9 -3 -4 5 
7 -20 -8 -2 -6 6 -2 -5 -17 5 -11 1 -7 8 -7 3 
-11 5 -12 1 5 15 5 -3 -5 3 14 -14 -11 -5 -2 -4 
5 -8 10 2 8 -6 5 -2 -2 4 -1 -7 8 -3 -8 -17 
6 -5 -4 6 0 -1 10 18 13 5 -10 2 -10 14 27 -8 
12 0 1 2 9 1 0 13 -7 3 8 2 -7 3 -2 -12 
-16 7 18 1 -8 8 -8 -4 10 -23 2 9 -14 5 5 7 
-8 -7 11 -9 3 -8 -10 -5 11 -6 -3 -8 11 13 2 5 
-5 5 4 4 6 2 3 4 2 -5 1 -2 0 -4 7 6 
-1 0 -4 -2 1 3 -4 5 -7 -6 -8 0 9 1 -1 2 
-4 5 -5 6 0 -1 2 7 1 3 -2 2 -4 -3 4 -10 
-3 1 2 4 -2 -3 3 1 6 -6 0 -10 -2 -3 3 -1 
-6 -1 3 0 -2 6 1 -4 0 -3 3 3 -4 5 5 0 
-5 -1 3 2 2 0 4 0 2 -3 2 2 -5 -1 -5 6 
3 9 0 -14 9 13 11 -14 -5 -6 9 -14 16 -9 1 9 
9 17 27 0 -1 -1 -12 -10 3 -7 -4 7 7 2 32 2 
-14 4 -4 20 -12 20 7 9 9 3 0 -6 8 12 0 10 
9 19 15 22 18 19 6 -7 6 -5 -7 9 11 20 17 0 
-19 -2 -13 6 -20 -17 5 22 -10 -6 -16 -20 8 7 -2 9 
52 -17 0 1 -6 25 -15 -7 -24 7 -19 -10 29 -7 13 5 
-5 5 -4 12 -14 8 11 6 15 2 0 7 5 15 3 -1 
-17 17 7 -15 -7 -6 6 3 -3 -3 -1 5 -15 -16 -2 14 
-1 1 -4 10 14 -5 -4 -1 -5 2 13 -11 10 23 -6 11 
-13 7 14 -14 2 11 -5 -2 -13 6 5 -1 4 4 15 5 
-3 0 1 0 6 -6 11 -9 18 4 -5 -22 -6 -11 -5 1 
-9 -2 -6 14 6 -5 -13 -7 1 10 -26 -6 4 8 10 -7 
-4 -1 0 -1 0 -3 0 2 0 -7 2 -6 1 -10 0 -2 
-4 -5 -10 3 10 2 -7 5 -2 -5 -4 5 5 0 1 5 
-5 7 -7 7 5 2 7 -1 2 7 0 -1 3 -2 6 -10 
-3 -2 -3 2 -9 -9 4 -1 7 -6 5 -8 -8 -8 6 -1 
1 -4 4 -2 3 9 -3 -4 -3 -6 2 4 -4 1 11 3 
-4 -4 4 5 2 -4 6 4 -7 -3 -3 8 -3 0 -4 6 
-2 3 3 1 7 -5 1 2 0 -5 1 -4 -1 0 3 5 
0 -1 -7 -1 4 4 -5 1 2 -2 -9 1 2 -5 4 -4 
-4 1 -7 3 3 7 3 3 3 7 2 -1 -1 -5 5 -1 
2 -3 3 5 -6 -6 6 3 1 -3 -3 0 -5 -1 -2 -1 
-6 -1 4 1 3 6 0 0 -3 -3 -1 5 -6 6 5 1 
-1 0 2 -2 3 3 6 -3 3 -1 -2 9 -5 -1 -10 3 
4 4 5 -2 8 0 0 -3 -5 -5 6 -6 -6 2 2 6 
3 0 -4 6 -2 5 -3 3 4 -7 0 -3 8 -3 6 -1 
-7 -5 -6 4 0 3 9 5 1 4 4 1 -1 3 5 -1 
1 5 -1 9 -4 -8 6 5 7 -5 0 -5 -4 -6 -2 1 
-7 0 -2 2 4 5 -3 0 -5 1 -2 0 -6 9 5 0 
3 0 6 3 3 1 1 -4 2 -5 5 4 4 -3 -7 6 
-1 3 3 -1 3 -4 2 1 1 -3 5 -3 0 -6 3 2 
-1 1 -1 -1 5 1 -6 3 -4 -9 -5 -2 6 -2 2 2 
-1 1 0 3 5 0 4 4 7 7 -3 3 3 2 8 -6 
-2 -1 2 5 -3 -5 0 3 0 -4 -1 -3 -4 -5 3 -1 
-7 -1 4 -6 1 5 0 -2 0 -1 1 6 -5 2 6 0 
-2 -2 4 3 1 -2 6 -2 2 -8 -2 3 -3 -6 -4 4 
-3 -2 0 3 6 -1 5 0 1 -1 0 -7 2 -7 3 1 
0 -2 -5 1 4 2 -1 1 -1 -6 -2 -1 1 -3 -3 -1 
-2 2 -5 6 1 6 8 8 3 7 3 1 -2 1 7 -8 
-1 5 3 4 -8 -7 1 1 1 -8 1 -4 -4 -6 0 -4 
-3 -2 3 -3 5 7 -4 -1 -2 -1 2 2 -8 7 3 3 
2 2 2 0 1 4 6 -3 -2 -5 2 5 -4 -4 -3 6 
3 -7 0 -2 -23 15 9 3 25 -2 3 -9 4 0 -2 1 
-9 0 13 -23 -6 -7 6 -7 -16 11 -6 2 7 -16 0 -5 
21 0 -6 13 15 -5 -4 -4 -1 12 1 -14 9 36 8 -10 
-11 9 7 -13 1 -12 4 -7 -15 -1 -2 2 -7 -2 31 -18 
-9 -2 10 -20 -5 3 12 -1 27 -13 15 -19 -6 -15 3 -4 
-8 -19 11 14 -5 -22 -28 -6 9 14 -19 -9 -4 19 9 17 
-3 10 -3 6 0 10 0 1 3 -4 6 -5 -4 -6 4 3 
5 -5 -1 -5 5 -1 1 -2 -6 -3 0 -4 15 -4 -3 -9 
-5 0 -3 4 -4 -5 6 8 5 4 -1 4 -1 5 14 -3 
8 0 -6 5 1 -6 -1 4 3 0 1 -4 -2 -3 5 -8 
-8 -2 14 -1 -4 9 -4 3 -2 -11 2 9 -4 0 12 -2 
-5 1 8 0 -5 2 6 0 4 -6 1 -5 1 0 -10 11 
1 -5 3 -13 0 2 3 12 2 -4 1 0 5 -8 7 3 
-2 -6 -13 -2 6 10 -7 0 -7 3 -4 4 0 -6 2 11 
3 14 -2 5 1 9 6 4 7 4 3 -1 -1 -16 3 -6 
-12 1 6 7 -17 -5 -7 -3 4 -5 -5 -7 5 -6 14 -1 
-9 0 0 -6 6 3 -2 2 -3 1 10 7 -5 7 9 1 
8 7 9 0 0 6 10 3 -7 1 1 17 2 -5 -10 10 
-2 5 2 6 5 2 7 3 -1 1 4 -9 -3 -8 3 7 
-1 -5 -4 2 6 2 -4 2 0 -5 -3 0 5 -1 -4 -4 
-5 5 -4 1 2 -2 7 8 7 8 0 -1 -2 -2 5 -5 
0 1 -2 3 -3 -9 4 6 0 -3 6 -1 -2 -3 6 -5 
-3 -3 7 -3 2 4 -2 -1 -2 -7 -3 5 -7 6 12 4 
-6 3 3 3 -2 -1 5 5 4 -3 2 2 2 -7 -4 5 

