664 -30 -553 500 -386 -322 178 -16 -202 98 335 -61 45 109 41 -709 
-29 -33 90 62 64 64 106 179 -121 104 -16 44 -55 -98 -32 -62 
46 104 -27 7 24 30 26 85 93 91 -43 63 -28 10 0 37 
-38 130 19 -104 -68 43 -75 -73 135 24 122 -5 -128 -43 -19 73 
11 19 17 67 -12 1 72 44 8 29 -105 27 -7 -13 106 19 
14 -23 5 -79 -102 32 -10 -6 0 0 0 0 0 0 0 0 
81 -108 102 78 -93 125 137 -23 -50 55 15 115 27 78 56 -83 
48 -10 42 125 -24 -48 59 9 -53 98 -84 -16 -53 99 -24 46 
-15 162 -76 97 149 24 75 0 136 -69 -57 113 -59 -72 15 -12 
80 158 66 -35 57 -86 -33 105 -58 23 78 -68 -41 157 15 -96 
-38 30 50 -54 51 121 48 -7 0 0 0 0 0 0 0 0 
-127 -37 -58 72 -39 -90 -44 0 -6 38 87 74 -75 13 16 27 
8 68 -111 -86 -134 128 24 132 -149 -53 51 26 -20 -24 -13 -45 
-57 -142 -42 -51 53 86 102 -104 83 -43 -108 153 6 -7 -6 59 
-130 3 -69 68 -28 -129 -149 -131 -70 -9 -44 46 -127 -159 -151 53 
-30 22 -107 -39 68 43 14 13 -130 21 -94 -120 210 -131 95 9 
158 -2 -72 0 -74 -74 84 104 0 0 0 0 0 0 0 0 
54 15 116 15 -100 50 -25 0 66 56 38 0 45 61 21 103 
-50 107 2 25 8 59 70 32 -13 75 -78 65 -14 49 18 -11 
-9 20 26 93 70 26 108 39 51 90 9 -12 79 20 64 98 
-36 -42 50 51 65 16 -24 -34 -71 -84 -39 1 13 5 -110 -20 
-43 43 100 17 -30 -66 68 -25 45 35 96 -55 73 65 -6 96 
34 33 75 58 -9 9 -14 102 0 0 0 0 0 0 0 0 
-3 -19 96 -148 -225 6 200 27 -75 -162 -146 44 179 65 -66 -52 
-294 104 -157 -195 -49 -136 -116 -123 -51 39 -17 -161 67 -6 -100 -97 
-236 -175 -69 -14 -7 115 10 123 -199 -64 32 -164 -140 -57 8 -158 
-140 23 -96 -190 97 179 -199 -304 -156 128 66 382 -220 12 16 11 
14 -102 -78 189 -1 -29 26 84 -101 150 -77 -42 135 3 93 -17 
-142 126 33 -227 118 11 -227 -66 -52 55 -39 237 32 -47 -252 108 
-132 -168 18 107 -47 175 -102 -43 78 -97 -62 -92 173 20 -38 -34 
161 51 -11 15 71 -166 -166 189 -130 99 15 -139 149 -150 -181 279 
86 175 226 150 120 -41 12 -35 22 114 100 -103 -113 -74 33 -23 
-58 228 -123 -37 -2 -16 143 -196 99 4 -150 148 -151 80 118 -151 
-21 -140 -74 126 -167 66 -36 56 -17 113 8 92 -90 -86 85 -88 
83 137 55 -97 82 95 -18 -41 95 144 60 -146 33 -184 -20 165 
160 -137 -204 -117 -194 -143 -59 -32 -11 -92 68 -91 -47 118 68 30 
-135 151 -19 -46 -46 -204 173 -13 2 11 28 51 -110 -138 -50 -29 
-231 96 141 -22 -41 -7 211 17 -154 167 228 110 -135 50 -115 34 
-181 -94 -42 -1 61 14 -130 -141 -26 164 146 -22 83 114 -57 -135 
222 33 206 -8 67 129 -84 -197 93 -21 220 -91 40 -2 -145 -152 
-23 -27 -155 204 -217 -119 149 -108 -8 66 -42 -104 120 -141 -54 -161 
-47 26 -36 53 49 38 -4 16 -77 53 26 -44 -31 92 44 88 
-62 4 -88 -64 -110 -89 -2 16 -1 62 -53 -54 -71 -3 10 -101 
-6 2 68 10 -92 -2 -41 -114 11 -24 6 -134 -1 105 8 -13 
89 -54 -52 -30 -14 -54 -30 22 19 61 2 -32 49 -79 17 60 
11 -5 122 -61 32 115 -91 20 65 -40 -4 78 93 20 130 -64 
80 -89 -9 22 -107 22 -69 -88 37 13 0 -87 -113 -33 44 41 
-120 -17 -57 54 -136 -14 30 31 -30 29 -14 -13 61 21 -31 67 
-119 39 32 10 34 132 43 -50 -78 6 -107 -29 -35 72 -22 169 
35 24 -17 39 -21 -25 98 0 111 0 -10 -183 -120 32 37 -131 
24 87 1 55 -84 91 -88 -42 -10 125 36 54 4 22 66 20 
-26 -92 -41 9 -30 -7 94 -99 87 -9 -17 66 -46 -72 51 -32 
2 -48 -89 86 -1 13 87 -24 26 -18 42 154 -144 -60 -52 48 
133 4 28 -151 -82 61 -51 41 -76 80 -15 -12 105 69 -105 -35 
-58 57 75 -29 25 -25 11 108 6 -4 -46 -76 -66 -157 -42 46 
88 77 35 -42 5 52 4 24 32 -44 -69 -102 65 -31 30 -82 
-2 -7 33 -74 -89 36 46 -30 62 -36 26 -73 89 -80 17 -23 
-15 -106 -67 166 -30 -65 -19 154 58 -13 58 -120 120 104 -22 73 
0 -13 -100 71 -150 7 -105 19 37 134 51 -55 -171 194 9 101 
7 47 -26 -20 23 -83 -5 -24 -180 -13 68 -163 -164 -124 27 -40 
-87 2 -48 -34 187 78 -66 0 -48 -80 148 -131 85 39 130 -34 
-77 -59 -5 -192 87 -11 -118 103 -10 108 7 61 34 146 55 12 
51 37 -90 2 115 -23 89 -57 48 15 -24 -11 -17 143 -38 -57 
1 -19 -13 -51 -10 79 41 -65 -109 -68 28 32 57 -51 4 28 
-88 -59 92 195 5 -128 -74 51 -1 66 -69 -88 7 -5 -69 136 
92 -31 70 -33 34 -23 -113 1 -74 74 144 -91 2 -60 168 12 
13 15 2 120 -11 111 56 -107 22 -100 -2 -15 -11 -47 51 -67 
48 52 110 -19 9 -93 2 47 13 -6 33 0 78 22 -101 -110 
16 67 -20 -106 -33 -2 57 59 2 -56 3 -39 26 -10 -108 -54 
-146 -91 -78 -93 38 63 194 61 122 -11 -42 57 -59 -3 67 -43 
-41 -116 128 -38 -73 -21 -7 -18 -15 83 94 44 -37 33 -31 19 
-25 -73 36 55 39 78 35 -96 -178 -4 -11 -46 75 -148 -23 -82 
85 -74 100 132 -187 -38 122 72 -254 -56 95 -114 -132 -52 -15 -91 
-45 91 -74 -99 88 -132 -8 -39 -51 -76 -9 142 -115 49 56 -176 
59 -137 20 78 -23 -81 -114 -7 34 -114 117 -36 -49 -130 30 -197 
103 -194 -190 83 -33 -177 113 -138 -27 -64 95 -53 29 58 -19 108 
-27 10 56 -28 166 -113 115 -3 86 118 102 95 -85 -43 -36 -101 
33 169 114 -182 64 127 -74 27 38 -150 -90 -19 91 -100 -16 -160 
138 -20 -178 56 -10 27 -51 37 -110 -85 78 -60 62 -2 -44 -161 
-108 106 18 -140 33 -54 20 70 -23 -28 -126 82 214 -37 76 50 
108 104 -58 194 -94 -165 -27 -11 -174 29 27 -66 -14 12 -52 100 
139 8 -52 232 -54 -34 40 104 -11 -12 -66 -90 -44 8 -21 -30 
22 131 -167 105 -143 -38 -145 -37 -84 47 156 -132 51 -70 -204 -106 
-112 127 86 95 18 35 133 -98 -28 -32 87 -68 70 0 2 -175 
-111 129 -73 -109 93 20 42 121 -88 9 -124 117 -114 30 16 25 
-151 31 -8 -107 34 32 33 113 -79 -61 -128 111 -96 -260 96 -91 
6 74 82 -59 -135 13 -79 43 -72 -114 -44 -108 10 145 -10 -14 
61 -11 -74 95 80 -20 97 -54 10 32 -98 -10 -68 -87 38 167 
88 -1 16 2 -56 -8 155 -4 83 -78 27 3 63 -30 84 -116 
-71 27 82 78 148 146 -122 32 -58 105 -108 52 -120 -19 28 74 
111 -24 -134 -114 176 39 -159 63 -19 -1 79 66 40 89 0 56 
-65 -94 125 144 47 -99 9 20 126 -52 137 64 75 55 107 -102 
-77 14 -114 -6 -106 95 -75 -98 32 195 -79 22 4 -3 -5 -36 
55 -56 -92 30 74 178 91 93 114 81 137 119 -32 159 41 -49 
-66 54 -76 12 96 112 65 117 -102 33 37 -41 -100 36 94 -1 
-25 83 -115 48 -24 -82 60 -5 45 -146 103 -160 13 -147 158 9 
52 -90 -33 54 156 -63 -83 -24 65 -91 81 98 73 161 -17 -58 
177 54 -89 -12 -5 84 18 -120 -10 -2 -118 43 -87 26 87 52 
64 -33 22 -25 106 -70 3 -29 91 -40 113 66 -68 38 -9 8 
24 -144 -42 9 4 -48 8 68 -74 -136 0 142 -182 -66 -29 -4 
-3 110 171 -27 103 51 53 -48 69 34 94 61 56 -21 7 140 
135 -44 40 -63 -163 -45 84 -43 -88 16 -66 -7 -197 -40 -47 -49 
158 -20 -138 23 60 26 94 -49 131 100 -116 163 148 5 138 -1 
-189 2 -31 84 -2 4 147 11 3 53 -139 -24 10 82 -19 -205 
-8 193 32 72 48 -73 -35 171 41 -55 -71 -41 -139 45 -21 185 
146 -44 99 31 99 10 73 -50 153 7 -54 38 67 -141 12 81 
-112 9 -6 -85 -41 72 -30 44 129 -25 4 -45 65 136 4 -20 
-73 -75 -136 -12 -60 -37 34 -151 134 116 -143 78 -164 29 -37 4 
37 -110 -61 152 46 -55 42 -54 23 17 -134 6 -16 95 47 131 
-1 61 30 -59 -44 -60 130 -70 -140 125 -103 -44 -39 -85 -79 -89 
-183 -72 -50 12 170 -18 29 177 -11 23 -162 32 -64 57 69 -32 
-63 64 56 -133 -31 87 36 -232 51 -50 208 -72 11 103 -102 92 
48 -36 70 22 -41 -116 109 17 145 13 -185 -84 -147 19 -49 -92 
-20 -39 50 -133 189 60 4 38 44 39 -96 155 -9 10 -117 -100 
-13 -75 -135 -79 -25 94 -30 38 48 -84 -32 -40 42 149 -22 220 
23 -78 63 217 35 -159 153 -53 37 -56 61 76 15 34 9 16 
-29 54 63 98 -126 -49 -46 -122 -50 -116 130 -60 116 87 -76 70 
157 -152 -17 -115 186 4 -221 132 67 93 -149 -61 -45 122 131 72 
-11 -2 333 70 -23 -84 -70 120 -72 -154 -80 -101 -57 -39 -26 -74 
-130 -8 26 -61 40 -89 8 -61 58 155 25 21 43 -46 67 139 
39 188 80 159 -179 52 -135 -28 -34 92 -125 -14 -56 31 -87 -3 
120 -13 16 91 -46 219 -98 52 98 -51 -95 124 -88 -131 -73 -7 
-70 24 116 -68 136 -85 -35 42 79 -76 9 -71 -131 -181 -49 163 
-138 15 -29 -45 71 -41 -44 122 -23 -53 84 -10 -98 92 -17 49 
103 -4 16 39 73 -57 92 -86 -9 -109 120 -8 -7 88 -63 16 
-64 164 -79 -76 -23 -188 57 38 214 62 -61 -187 66 80 4 -129 
-99 34 94 70 -28 -96 54 -60 -27 12 273 38 -62 -280 107 8 
84 -85 -40 86 33 82 -107 154 1 -129 87 -17 11 -162 156 -178 
43 -133 46 108 90 60 -113 -31 31 25 -91 -51 -122 -129 89 73 
109 123 -12 97 38 195 -1 -24 -29 51 -4 68 -22 -105 31 -109 
-91 27 -167 26 -111 -117 -53 28 -121 -27 -128 -164 186 52 85 -19 
-260 -57 93 78 59 117 62 -227 -71 216 -39 105 -59 -184 5 -261 
-55 181 10 160 -41 79 -126 95 -158 -140 -29 -171 6 3 -30 -6 
142 67 -56 5 -60 -83 28 35 -257 -96 -137 73 -211 26 -55 23 
185 -122 -56 39 174 32 -15 70 -270 -205 7 83 29 -29 -28 -110 
-208 160 -110 -162 -21 126 -117 -51 -52 120 -77 103 -83 -67 372 -27 
92 31 214 126 162 -295 126 -176 131 -52 -28 132 -3 -287 -10 -73 
23 27 94 -104 82 -188 -191 10 111 134 -85 -21 -106 -121 -88 57 
15 0 -15 182 -76 93 14 -92 0 0 0 0 0 0 0 0 
-165 43 157 182 192 36 -58 -68 130 -65 -169 -122 82 -148 147 -29 
-58 52 37 -15 -157 69 -16 -91 166 -117 -143 -313 -32 129 -64 -26 
162 177 124 39 -234 148 -13 16 94 123 -43 82 97 -278 -58 25 
-127 -16 -50 -8 -162 35 -280 -60 108 105 100 63 -42 -182 -135 -113 
234 -7 167 -325 144 60 -98 59 -249 -164 131 -192 10 -28 72 40 
12 68 291 -122 -172 -124 -181 90 -41 210 175 -290 -200 7 176 105 
-15 160 318 -66 -169 125 157 158 21 29 -84 -169 22 -105 -114 98 
10 61 176 -180 -286 31 -80 161 0 0 0 0 0 0 0 0 
137 -88 -55 127 -211 41 85 -51 -266 -30 147 130 -117 48 -55 60 
-30 -53 -7 -96 -78 3 114 -113 -249 165 -61 -8 79 -131 -175 81 
-122 -166 335 -122 -68 10 -44 -86 -4 -67 -195 -32 -17 -130 -51 189 
175 -78 129 27 -167 175 127 -265 38 135 -64 -208 -180 5 -12 180 
-281 57 88 41 192 -261 -190 85 56 -54 -12 -136 -199 34 -129 -179 
39 21 28 -10 -58 99 -70 -149 -67 -207 -37 84 -4 -230 9 2 
-11 204 90 -8 -53 11 176 12 187 51 6 -165 1 39 -44 -70 
143 74 -64 209 -265 239 -44 137 0 0 0 0 0 0 0 0 
195 271 -38 60 177 87 -128 -19 25 -30 36 4 91 -168 153 6 
-61 -178 -87 141 53 64 -65 171 -104 94 -140 -24 167 -92 159 -108 
-135 -31 73 88 -48 63 80 28 -85 128 2 -8 43 62 -29 162 
-107 -51 -148 -30 5 -44 -78 -30 61 -3 -12 93 24 57 108 3 
14 59 43 -43 77 32 38 72 51 30 -51 72 36 29 -14 140 
-132 -31 64 -23 -43 43 102 -107 -14 21 -76 -31 53 26 137 -24 
74 -66 -88 -83 -45 -47 127 84 -77 11 59 47 42 -22 -2 73 
-60 -27 -74 51 -27 -78 -71 88 -10 146 -91 120 116 74 77 43 
-94 49 56 -200 -72 -219 113 -12 -65 52 -116 -189 -12 -51 0 15 
-79 52 153 -79 -89 -45 -108 -86 -33 32 -55 84 57 204 4 115 
-18 -159 81 -70 0 -158 -58 228 21 126 0 118 124 40 -91 85 
92 136 165 16 -133 -101 -38 47 251 -57 61 158 44 -31 34 23 
-74 145 -141 27 -89 200 104 -110 164 33 60 -218 150 29 41 106 
5 -3 -75 3 -64 -40 149 -75 131 4 18 61 124 54 -73 -58 
-18 -121 133 -34 17 -48 -132 -36 70 -5 -42 -129 -134 -58 -14 215 
48 18 171 -33 37 -74 146 -16 76 19 91 -51 -163 136 26 33 
-102 -96 54 -62 30 110 -52 -159 -37 17 -57 88 125 19 -83 52 
91 26 57 59 13 83 -60 78 -97 61 91 -58 -65 -14 174 25 
-66 -189 31 -3 30 58 47 -86 -10 -64 -28 -81 70 -50 -98 -63 
-183 78 98 -163 -63 -75 -110 -139 -70 -72 -130 57 80 -15 51 26 
55 55 -148 -21 -69 -9 -6 -44 -74 -10 36 -160 108 0 -31 63 
39 83 92 -71 30 3 46 -124 -68 3 9 -56 -124 -91 86 32 
-11 -106 -28 112 -122 125 55 64 134 -126 -94 -27 4 -18 -58 -134 
98 17 -62 -43 -60 -46 -26 39 133 125 -79 10 -61 -94 62 -20 
52 -186 -65 184 -66 123 -24 -92 -14 -53 -16 -21 -28 -94 175 98 
-103 -42 -50 -12 71 3 87 -62 -111 28 37 134 61 147 -47 110 
-40 1 -18 -71 -20 -67 -38 -178 21 -129 123 -100 -45 13 -32 -2 
41 -87 97 -18 -29 -32 -16 -97 -4 -55 140 -51 -78 58 -82 32 
-94 0 -53 4 82 55 30 -165 17 -68 42 -46 -3 -65 -65 -177 
43 -73 -85 -18 1 -19 23 -85 119 84 46 -36 -23 -124 -86 -40 
-36 -46 -49 56 0 -1 -21 -13 -23 -95 1 82 52 35 -84 113 
-39 30 22 -30 -11 -74 13 26 -1 70 26 5 8 -35 -18 -1 
70 7 66 -77 30 -79 23 -104 20 36 127 -11 66 56 28 67 
-94 -58 13 -104 -34 -8 31 70 22 87 -21 22 72 68 -9 14 
-62 -88 -13 -46 -100 49 -17 -102 -110 -49 86 -35 -25 20 18 128 
67 86 44 55 -73 19 19 4 109 21 34 -22 -59 -34 -40 16 
37 -3 8 -35 -123 57 -73 2 53 -70 52 -10 -5 -11 15 62 
-45 101 6 -31 -46 -27 -32 -64 -76 -2 121 95 110 -17 -25 65 
-43 -64 96 -110 -93 -92 -25 -71 58 -24 38 -85 134 10 -76 -8 
-13 -23 38 -99 -9 84 80 -33 0 89 -4 116 100 -114 -91 -57 
-15 -56 91 -92 78 67 -58 -52 -72 17 -10 34 2 -42 -38 31 
96 -98 -105 114 -56 -47 -16 -45 -57 -55 -27 6 -48 -22 -50 3 
-45 46 2 -19 22 -21 128 54 82 -2 -71 33 -57 77 58 -81 
112 45 -26 -38 119 41 16 -10 10 118 69 -25 101 62 -13 13 
-39 51 83 -69 84 -105 123 51 -61 32 -34 -8 -12 8 101 -45 
-98 -39 7 -31 -34 -80 -2 25 -10 -152 -49 78 -107 39 -95 63 
36 81 -179 151 73 18 -29 15 70 14 -6 0 -17 -13 29 93 
40 133 63 19 109 -19 83 60 24 -4 -64 -9 9 34 -57 -100 
80 -49 -122 -93 -43 52 87 86 -56 70 27 -1 -78 19 -15 -62 
53 82 -64 -15 -28 149 -46 129 -17 5 39 11 5 -40 125 -3 
23 -50 44 144 -117 -120 117 -81 14 93 65 -50 -136 -2 -44 37 
-35 79 -13 77 55 28 -22 -21 -28 -29 0 53 23 14 16 -59 
77 -59 -16 86 146 186 10 -12 164 52 37 -25 14 24 11 40 
-40 25 51 -26 23 28 -55 -11 46 -76 108 -46 102 -67 -57 56 
123 107 -35 -101 39 -91 0 -50 96 -63 72 -71 -26 129 -7 -85 
-137 50 3 -149 93 76 -107 32 193 -29 4 60 60 -5 66 -138 
-88 58 -56 -79 34 161 19 97 75 -23 11 105 -19 51 -47 35 
19 105 22 -100 -79 -40 11 -92 -35 -105 126 -7 -8 28 127 151 
79 98 34 3 -104 98 114 -60 -1 115 -13 -32 0 -136 27 4 
13 -40 31 -55 -3 112 173 -69 67 2 17 168 87 48 -59 -12 
-62 3 40 229 40 8 -52 -72 -41 51 70 30 -36 -40 -58 -79 
47 -37 -135 -73 -76 127 -82 -24 114 -108 -119 -1 -66 118 -33 -62 
-43 -98 -2 106 29 93 79 -30 -167 -57 105 -107 -73 -127 -13 39 
-107 -24 98 19 -52 68 75 116 75 181 3 85 90 39 83 -5 
-86 -24 -48 13 185 -88 70 71 -29 -54 -41 11 -11 41 12 32 
14 -22 -96 86 -49 97 6 -10 203 106 -77 83 84 31 34 4 
207 -22 25 -7 0 29 48 -40 -110 -37 161 96 -171 -3 28 44 
16 -59 -25 197 55 64 98 46 37 -63 -79 115 7 79 93 -5 
77 -47 14 91 17 -130 28 -88 110 41 -33 84 50 -23 -1 -49 
111 94 21 -59 63 -79 126 -17 -81 15 69 11 -112 -66 -154 -53 
-27 34 -23 83 21 36 -61 3 62 -139 86 145 31 128 -109 68 
95 41 -36 62 -54 -148 -36 54 20 -46 8 58 8 41 83 12 
141 2 -39 6 67 54 166 32 48 61 84 -31 -11 42 -44 -160 
60 -100 -110 -86 2 -75 -39 -14 32 146 -16 -2 -5 34 71 -35 
39 118 -23 66 -1 -47 68 -35 85 -40 31 73 -20 29 77 -31 
52 -75 -149 -49 86 -79 23 -5 -19 -72 -129 -22 63 -35 -63 160 
43 155 -49 25 -47 -176 70 -121 -34 111 -75 1 59 -81 -62 -125 
61 147 88 95 147 -92 -79 -24 93 181 57 27 -53 -56 -76 140 
11 -75 -1 55 196 -25 65 25 -24 32 107 107 27 -39 72 38 
120 -9 -15 6 -89 59 -32 62 -26 -36 34 -122 -20 158 -2 33 
95 -33 -27 127 29 95 -7 152 23 129 -4 64 66 -112 -116 52 
-28 -45 40 -20 45 -35 -46 -84 -21 -3 -95 -31 58 6 -15 -74 
38 76 -49 11 109 -80 14 0 81 40 74 26 -105 40 -10 13 
67 9 -37 18 7 66 -41 51 34 -17 35 -61 32 49 60 119 
-32 -35 105 -47 31 11 -1 42 50 14 81 -11 14 45 8 -73 
-38 31 -21 43 40 46 97 -51 -57 -85 -61 0 -7 -79 -12 14 
31 40 -66 -11 98 -38 -23 163 68 10 -29 -41 29 -39 -22 -23 
-13 -12 41 45 44 -73 -56 44 -84 15 -7 45 -2 -60 -54 -28 
-60 -38 96 31 -27 0 -97 60 77 50 -58 -13 -19 97 -24 -15 
-10 -90 56 67 37 -57 57 -14 57 34 31 28 14 37 -36 -17 
-17 -70 44 73 -30 33 115 -5 29 -61 73 6 67 33 -17 -50 
5 -2 -19 -5 -67 -30 13 28 20 65 -20 -31 -81 22 7 -25 
-60 78 -69 -62 33 -20 30 -16 71 21 4 -31 67 67 35 -20 
-5 -47 -4 49 110 -39 -60 51 46 -67 -11 67 -98 6 20 78 
-1 84 25 25 -29 -98 -39 -17 78 -34 5 32 5 7 30 -84 
54 94 53 0 -21 -23 34 6 -70 30 -62 -80 14 11 65 -53 
-26 -3 99 -42 -76 99 -114 55 7 -53 -14 -29 115 5 18 47 
-1 -65 2 0 65 -9 16 -12 43 55 84 77 78 -72 22 36 
2 -44 17 13 -3 36 27 5 -17 -33 -13 32 -48 -68 -16 -55 
41 -27 36 -52 109 -32 -73 -10 -26 112 -26 4 -62 -36 19 8 
-31 -52 36 -106 -22 -49 -38 1 17 68 -19 16 153 31 17 -148 
-56 -56 15 -79 95 81 -5 -28 66 -93 34 22 -48 55 42 -9 
48 84 21 43 79 23 36 -85 12 39 -40 -23 94 71 17 -34 
-42 22 114 48 -6 -84 42 -78 -5 -99 -12 63 66 50 3 -30 
-91 135 18 91 -44 121 7 -8 -77 -90 26 78 -26 -47 29 -12 
-23 5 -82 3 62 -139 -123 36 67 122 23 223 58 31 13 34 
-134 -32 19 -92 -32 66 -21 -72 59 -75 33 0 -70 110 -190 -59 
48 9 -86 4 -50 46 -1 -2 -33 34 17 44 -102 106 -68 -59 
90 -39 -3 17 138 123 56 20 0 -7 -103 78 -50 -43 -35 45 
-28 56 -55 0 -96 25 -10 39 -121 17 -100 -67 -18 19 -8 58 
42 -39 -31 -101 96 130 36 -100 -11 93 -73 49 51 -83 99 -66 
-40 -114 37 48 0 -64 -25 67 -34 24 -74 -29 28 -41 -95 -25 
-36 -54 -79 -63 81 -21 -31 -38 -34 21 -36 -12 -145 -36 92 34 
118 -2 47 47 -8 -19 11 -47 -66 -24 -48 -100 111 10 37 154 
-10 47 37 -4 -81 26 8 32 24 -40 59 28 -39 14 4 99 
-150 18 23 -41 70 -35 26 -59 -42 -18 33 34 79 -2 31 32 
-30 106 64 -53 56 55 30 -28 10 9 35 -20 -34 -39 25 -34 
-49 1 -112 80 33 40 16 101 106 -71 -38 -15 27 151 55 49 
-27 -53 21 -84 75 -20 -106 -86 35 18 14 -32 -44 69 75 104 
109 -86 17 89 -54 -99 -14 58 47 -5 45 65 60 1 -54 21 
39 59 -57 15 99 93 14 86 -73 89 104 -64 36 -109 28 40 
-54 -51 1 69 -68 -15 84 44 17 -68 52 -30 -25 -115 -25 -53 
-8 -79 -5 73 -41 -70 44 4 -29 39 127 95 88 89 86 15 
31 43 -43 -21 24 -36 -117 -131 44 -74 -6 -91 112 -25 55 98 
18 -80 -42 -84 20 -40 -34 -25 -81 29 -8 32 -80 -55 50 6 
39 8 45 51 2 -76 -92 -110 -36 -115 25 58 -11 -13 46 -22 
101 7 -64 -43 -17 -74 -45 73 -55 -97 42 16 68 -77 36 -32 
60 12 -2 -79 -48 21 -2 42 -57 13 -61 91 -14 124 52 11 
44 64 -49 -93 40 -97 -20 -75 48 114 71 6 -144 -20 20 46 
59 -7 8 18 -39 -12 1 31 21 -87 -155 47 -1 -4 118 -25 
63 5 6 114 -90 27 64 -28 -96 48 75 -96 25 58 146 -6 
113 57 17 -71 42 -34 60 42 89 -68 -41 -49 14 5 -51 110 
-49 -40 -34 -53 -14 -189 -56 -36 -6 -10 1 74 16 -86 -18 -81 
73 53 27 19 -122 -76 -48 -41 90 -70 -10 -103 -99 55 -47 -6 
27 47 105 59 61 72 75 -33 -151 -39 -69 12 -8 17 81 26 
15 -28 13 6 -9 57 -57 14 -4 -22 -13 13 65 47 11 24 
28 0 74 23 -8 52 21 5 35 69 -28 -25 20 2 41 41 
-7 -4 -98 20 37 -55 44 -26 -20 1 -4 8 -60 84 14 -7 
-22 34 49 72 39 20 -21 -32 57 7 45 -37 44 28 21 9 
25 36 40 -8 -26 -5 -61 22 50 37 -9 60 -18 -71 -44 57 
53 0 -9 50 10 -54 34 4 8 15 13 33 17 -43 -37 -70 
25 38 -18 24 41 -43 20 11 -30 47 38 43 -41 -47 -8 45 
-4 2 15 46 -47 10 13 11 18 18 0 73 9 73 3 14 
-23 6 33 58 93 11 -31 15 37 14 -41 21 -15 -14 -61 36 
-16 7 75 -9 46 -57 -37 -6 -9 62 -3 -1 -30 12 23 38 
46 55 47 76 -14 59 -34 22 37 49 0 -53 78 60 -16 25 
-28 60 -1 8 45 39 -24 57 -3 48 10 48 -45 21 -28 -12 
24 -53 33 14 17 -5 -59 36 -19 70 66 62 52 -33 -48 17 
9 75 29 17 -13 0 -14 9 61 71 25 53 -46 10 -38 53 
43 -33 44 15 5 -33 -39 52 -52 -59 -18 55 4 64 20 -24 
-70 -102 16 -27 21 0 -45 -3 48 -47 43 -39 -2 54 -74 -6 
-20 -25 -21 -6 14 25 33 42 -16 43 6 25 19 104 -7 28 
-36 -17 -35 19 -1 8 -5 -11 25 -46 22 -27 -23 -31 12 8 
7 -61 22 -54 -12 25 4 14 21 -22 10 25 -50 103 -75 -15 
-21 8 -28 35 19 2 70 -51 31 -14 -42 31 -9 -32 -26 27 
-66 1 -56 6 18 7 11 -23 -49 33 36 20 -44 -15 41 -12 
-29 -26 -70 13 32 -66 -1 75 -5 -61 -3 -43 -52 55 49 54 
12 -57 2 126 32 4 60 -21 36 24 52 -27 0 0 36 6 
1 8 -8 -26 76 -9 10 56 4 1 -7 -8 -17 56 -40 15 
-24 26 11 -70 17 1 20 -24 -23 16 35 24 -14 23 44 -29 
-25 -82 -27 19 51 -37 -2 8 -11 -23 19 -3 33 33 4 9 
-51 -35 15 -29 34 22 4 56 -40 -52 61 17 -17 -22 -70 -17 
-13 -12 -7 -5 1 13 -23 -53 -14 42 -7 -21 -2 66 -51 20 
61 44 1 49 41 2 -52 39 8 -5 34 35 1 -23 18 13 
33 -79 3 27 -91 -4 5 -8 -51 -2 -47 -21 -26 -2 4 -20 
26 -17 -14 22 30 0 39 16 -4 -9 -30 1 42 -5 1 -14 
-6 68 -73 -19 23 16 10 -28 24 -7 38 42 21 -4 -12 -11 
5 11 -2 8 35 22 -39 -18 70 -22 7 -17 10 28 10 -53 
57 11 92 13 54 45 -36 31 -55 -6 -19 -8 12 20 9 30 
-53 8 25 -36 -12 -7 65 27 37 64 -18 72 -12 -13 49 21 
25 12 81 9 -85 38 -40 -24 18 11 5 -13 18 14 -36 6 
40 -14 1 -18 -10 51 11 -79 55 35 23 -13 39 -45 3 -10 
21 -12 -20 -9 13 17 4 -19 3 10 -21 -87 14 48 20 2 
-8 74 27 6 24 -25 -16 -25 36 38 62 35 -14 -14 -8 -48 
-29 37 -40 11 -42 42 -33 42 -10 21 -24 -6 -15 -3 -12 32 
26 -70 1 12 -19 14 12 13 -28 -17 27 27 41 -57 -35 4 
1 22 74 -33 22 -17 -1 1 9 -3 -11 49 7 37 38 -3 
-24 74 20 11 -42 -78 2 -1 -62 74 -55 25 -82 3 -38 9 
9 -62 15 -10 34 -11 14 -13 29 -1 -11 -35 -22 42 1 42 
-19 10 -29 -16 9 7 -8 -9 47 9 1 -28 -29 -111 43 24 
23 14 -7 47 38 15 -60 -4 67 -6 -38 15 2 -5 -3 15 
-6 12 0 -6 -22 15 34 90 17 -5 22 2 -28 -13 45 2 
-53 2 -55 -5 -2 -53 -2 -23 7 -12 32 -44 -52 -8 14 -15 
13 -3 41 -3 -8 10 -46 -3 0 21 -29 18 -22 -14 36 44 
22 26 -22 10 30 27 -57 -5 58 -86 1 51 64 21 -47 -34 
1 37 -23 15 -49 -27 -22 1 -2 2 3 29 56 -28 16 -69 
-82 -27 -14 6 -4 37 -5 -35 -29 23 -39 -14 10 -11 -22 55 
42 52 95 -19 73 7 -17 -21 27 -17 17 1 -40 20 16 25 
-51 29 -60 -58 2 -23 14 -64 21 11 16 49 6 -46 -30 -53 
35 0 -2 -17 56 -27 59 3 -14 -2 54 -65 -37 1 34 28 
-29 -9 -14 -16 9 1 -24 -38 -38 49 -11 -2 -3 -8 -18 11 
36 31 16 45 -35 -32 -9 4 -34 -52 17 -22 -11 94 -25 55 
-5 21 -7 29 28 42 -48 -5 -4 13 13 10 -10 -18 18 -50 
39 -5 -2 -48 -8 5 0 -52 26 31 11 -13 23 -13 0 -15 
16 23 -132 -9 18 -37 -23 -22 -26 14 18 -10 31 109 -11 4 
41 -13 -29 -35 25 12 -26 -5 -11 -47 -68 4 -8 17 17 -9 
26 -26 -65 -15 2 59 -37 -8 66 16 52 -8 14 10 2 10 
37 17 28 -50 -33 -3 4 52 41 -34 -11 -23 -5 29 24 -65 
-30 -6 -22 3 11 50 1 46 -31 24 16 -21 -46 4 -27 -25 
22 -19 13 52 54 6 -3 26 -51 -61 5 -7 15 10 35 -16 
70 -2 -47 -35 -81 -63 23 -25 11 -12 -3 -43 1 -4 -14 -7 
2 2 51 39 -56 25 7 -16 7 41 -70 -41 28 -10 25 -14 
0 47 46 -74 30 13 31 5 22 -3 -39 -30 -48 7 21 -59 
19 11 35 19 27 5 15 0 47 49 4 -28 -27 -23 17 -13 
-37 -22 0 18 -46 -39 71 32 -1 72 36 39 29 18 -1 -12 
-39 15 -15 4 -10 5 -18 -10 -12 -32 -27 -7 9 -5 -7 15 
-19 0 84 22 -30 7 35 65 -30 -33 -1 -4 -14 -44 23 46 
-23 -16 27 70 -64 10 5 110 14 14 16 29 -12 8 44 -40 
-30 -41 0 -24 -23 88 3 47 35 -59 41 -38 10 82 -12 34 
-65 40 -3 61 -23 -30 19 -34 -59 26 31 105 -106 -12 -24 83 
-17 21 -63 12 17 -23 27 -23 66 -9 25 57 30 -6 28 -19 
-9 6 -8 -39 55 -19 -34 22 -29 16 37 12 30 -18 -50 41 
-40 40 46 36 -34 -48 -21 -5 21 -1 -28 44 -23 32 -73 -6 
60 12 54 -49 -1 24 34 23 -5 -28 37 48 -111 -8 33 54 
-36 -60 -43 -38 -56 -3 6 -17 -25 -3 -35 -29 27 92 45 14 
-34 -28 69 -7 -3 59 33 -67 -42 5 11 45 -43 29 67 -9 
21 2 -74 -48 -17 48 -68 62 69 -29 -10 -33 17 -8 2 57 
-73 -12 -62 -63 -5 97 -31 10 13 42 -12 -13 2 -6 -21 2 
-67 21 61 -32 21 -24 -35 -92 -62 9 42 -40 -27 -2 -16 27 
-17 72 30 -10 -39 -29 33 -113 -58 43 -13 62 10 -63 63 -8 
-12 41 -10 105 -90 11 48 4 17 -33 9 -13 -19 -33 -60 -45 
-5 46 5 75 -74 -12 19 -8 49 36 23 16 52 -2 -37 -16 
0 -14 15 21 35 36 -6 -17 -3 -139 -97 7 33 -26 -41 -6 
-19 -2 -63 -52 -45 -35 -40 -25 1 -24 4 -3 52 -3 -14 -56 
5 3 -9 27 -39 25 7 4 59 -15 58 -7 24 37 42 41 
-23 54 -34 21 11 17 -3 52 17 -15 8 -15 -42 -5 -1 -41 
-6 -43 -30 26 28 3 28 -29 -9 -9 -55 1 18 18 1 33 
36 14 -42 -6 -17 16 29 56 44 -1 11 -17 18 -25 -19 45 
10 39 30 54 -88 -89 -100 35 21 -20 -6 -1 14 25 -12 -78 
78 -56 6 15 -26 -9 -25 7 15 78 -2 -15 -2 34 13 8 
50 10 16 27 -13 -40 -55 9 -38 7 -33 9 -16 36 30 3 
20 15 7 13 -12 11 76 -66 52 -25 10 30 -9 -10 2 3 
-29 -44 -63 -8 8 -21 45 4 3 32 59 -42 0 -63 -26 -10 
36 71 14 26 7 47 -24 47 -46 21 -19 -56 -40 -23 -37 -23 
54 -11 15 -49 -8 4 -57 21 23 0 2 7 -51 -103 -50 -8 
12 18 10 -87 61 8 1 -30 -7 25 -19 6 -21 -5 19 -27 
39 -21 44 17 -68 -11 -39 -10 9 43 24 -59 -25 -7 1 31 
-11 -11 14 146 -41 -11 -4 -23 70 20 15 -84 10 -52 -24 -45 
-44 0 -11 -29 -29 25 21 -15 -5 35 -54 -4 53 -9 -6 -38 
58 17 -10 -17 -27 -19 -2 -19 67 48 56 -42 -73 -25 64 -68 
-25 18 -4 40 -66 8 26 -12 3 73 9 -25 -21 -50 22 -26 
-98 -27 5 25 7 -40 40 -33 -43 31 10 -7 -60 -9 -54 52 
25 57 35 -41 34 10 37 29 -46 0 -15 3 11 23 44 47 
0 -32 12 28 0 -67 13 49 -26 -9 3 14 -11 -2 -6 -29 
-10 -15 -15 -4 3 -8 -2 8 19 25 -26 39 3 -45 -43 -10 
0 -28 25 15 -19 23 -19 34 26 11 -34 15 -5 32 4 16 
-15 -4 33 -9 -2 18 15 -8 -1 -8 -12 -5 -9 -3 -9 -41 
-14 -15 17 10 32 -29 -34 45 -14 16 21 4 4 0 -8 13 
-62 -31 -16 1 -20 19 -22 -1 2 5 10 -20 -54 3 -17 23 
13 -40 -21 -59 15 -12 30 12 43 20 34 -5 -69 -3 -11 9 
13 -72 -37 -27 -37 9 -24 4 10 -9 26 -3 -1 8 -12 -22 
63 -16 5 -17 -29 9 -17 -30 -32 -10 -22 -17 -16 30 38 -41 
10 -56 -49 -21 -41 4 -27 8 14 -28 -31 -3 -9 -3 -19 -17 
4 -11 -33 17 -12 41 5 -9 -8 -1 16 21 7 -28 33 -4 
2 -36 27 6 -29 -1 10 -19 28 24 19 -38 13 30 -3 -11 
-39 15 24 9 -27 4 19 -7 -22 -5 1 10 -3 -43 0 -11 
-35 20 -21 18 -13 -12 17 15 -20 -1 0 12 11 -1 -11 -39 
-17 12 -5 -11 10 -1 -7 -10 6 -6 -10 -8 43 19 -15 15 
5 41 -5 -4 -9 1 -19 17 9 -50 -21 -6 30 -36 5 7 
3 23 -34 -25 -46 -25 26 4 2 -29 8 -35 10 -42 -35 -26 
-18 20 6 -2 -1 -29 7 28 -1 2 -5 24 2 10 8 9 
-43 -2 -10 28 -5 8 -25 -15 34 -8 -1 -5 10 -19 1 -8 
2 -12 8 16 12 3 9 -9 17 -10 -23 -52 -9 28 33 -18 
-40 -1 -23 4 3 -43 2 12 17 19 -4 -1 33 -2 -35 -35 
-7 -2 27 23 -6 -4 25 -21 -5 7 14 -3 20 6 -31 11 
-1 -48 4 -28 -2 -6 35 27 35 26 -57 -8 -9 9 -2 -9 
-3 -48 -31 5 -15 2 11 -21 2 -10 2 47 -7 3 -8 33 
20 -21 0 -3 -3 -17 -5 -13 44 33 30 7 -14 2 -27 -6 
34 -2 -23 -8 -9 -20 34 35 -38 12 7 -13 -3 -25 15 9 
13 13 -1 5 34 -16 -7 -12 -3 9 -24 -33 -7 13 8 30 
19 4 21 -8 6 20 3 15 -40 -17 10 7 -25 -64 -25 1 
-20 39 3 -26 -21 -4 5 -21 -7 1 -22 -18 -17 -15 1 -19 
-7 26 19 10 -31 18 -2 -9 -4 -4 42 15 14 14 -23 6 
-22 15 -34 10 -52 8 -5 -18 9 14 -1 49 22 -10 1 -1 
-24 -1 3 -7 -48 -39 -8 10 -40 7 14 13 -4 -46 2 56 
23 8 -44 1 -5 -15 -15 18 3 5 0 14 13 1 5 11 
0 17 1 39 -5 31 2 -31 11 19 61 -12 2 -4 22 -1 
-39 -28 -26 -22 13 -3 -9 33 -3 8 34 2 -14 15 -15 25 
-16 2 -4 -30 -6 -10 9 11 20 25 -26 5 -20 15 13 61 
-21 -15 11 -26 51 34 -102 24 -2 -2 10 -38 -51 26 74 41 
15 -67 26 9 -11 0 -8 37 28 62 68 75 36 111 -40 0 
-71 57 -90 13 15 -10 15 23 28 -2 46 29 -31 1 32 46 
9 -49 68 59 -32 54 23 34 16 -17 2 4 -12 -18 2 33 
-32 17 34 4 49 71 0 110 35 -27 -3 12 65 47 -2 21 
15 2 -57 29 -49 3 39 5 14 1 9 -15 -21 2 -40 -35 
25 -65 28 16 15 1 -11 0 -41 -95 4 -7 7 -27 -2 44 
-33 32 -47 20 -3 30 12 50 -64 16 -17 45 20 13 31 13 
62 28 33 46 31 -50 25 -34 -82 12 61 -43 85 -13 21 54 
-18 -19 9 5 4 20 16 44 -28 49 -41 19 72 5 10 30 
-29 -21 -10 -48 -6 35 -21 -32 14 -26 15 25 104 -69 5 -54 
-63 36 111 26 27 -44 8 75 -23 -17 -23 45 -46 51 3 1 
46 -10 -9 -34 -55 41 7 -38 22 4 44 -62 26 -33 -12 -23 
28 -13 14 85 -59 5 53 -35 5 115 -33 13 -25 3 -1 23 
29 48 -60 36 15 -46 2 -24 19 49 17 -5 -16 -41 -1 -52 
1 -11 5 -11 26 14 35 -15 2 -22 -19 0 -18 92 -23 35 
-31 -40 9 7 -5 44 78 4 -4 28 -16 11 30 10 -11 31 
16 22 79 54 -12 -12 6 47 -50 -21 57 -59 19 -15 -16 24 
-17 27 17 -106 45 49 -2 73 20 12 -16 1 -24 59 -40 -47 
-19 25 29 48 -47 29 54 26 -37 -63 -34 18 87 29 10 51 
-2 1 22 60 -6 -37 -34 -46 15 39 -46 37 -42 -76 9 -6 
50 36 37 -76 17 -39 -30 -3 24 -12 -69 14 0 67 -27 52 
24 -74 -31 71 32 9 -2 55 25 42 37 -9 10 7 60 0 
27 -40 -6 -7 -36 61 -28 33 -1 16 -43 54 4 -54 41 -60 
1 27 -1 22 -2 7 59 -14 2 8 84 17 -26 -21 46 20 
70 -15 -25 -1 13 -6 41 24 -21 10 19 -23 -6 62 -15 -19 
-41 -29 -39 -11 -11 36 -41 -40 -42 -18 -25 -12 19 -10 -33 -24 
75 -11 -32 -2 8 -29 32 -16 8 7 -17 27 55 36 9 4 
50 29 -21 -14 41 30 53 1 -29 15 39 32 -2 -18 -27 1 
-42 -38 21 5 -19 -29 -9 -19 -16 14 -8 0 0 -33 -26 -52 
35 -58 -68 23 -11 13 25 24 -42 35 21 4 96 -8 4 -51 
-59 -27 -13 -68 11 12 8 55 44 19 41 -21 24 30 -36 -58 
-1 45 30 -53 -34 -33 26 -11 40 33 17 -5 4 -22 24 -52 
53 19 7 75 57 79 -118 -2 -33 11 -23 -38 -90 4 20 -21 
-49 -5 21 23 44 29 17 -10 90 -31 -39 -30 -34 8 16 0 
-22 10 5 -1 66 -22 -31 -64 9 -36 30 19 70 30 -18 11 
22 -16 26 -6 -2 -3 -22 -22 29 15 -1 18 0 -32 -1 15 
-10 8 28 0 3 14 -39 19 -4 -21 -14 -21 -26 29 9 -15 
13 23 -18 10 11 12 4 7 30 -10 5 10 -3 2 11 33 
-28 -8 -7 -10 -6 24 -48 31 -1 6 -14 18 12 0 -10 -65 
21 3 -2 8 3 -66 10 -23 -16 -17 -47 -48 -10 13 12 13 
-53 0 -28 11 19 -29 -33 5 -7 8 19 41 -49 6 -1 -34 
-18 22 -23 -39 -25 -15 -8 -5 5 -13 5 -24 -7 4 -21 24 
-11 7 -19 5 -3 0 -20 -24 13 -21 -9 7 -11 18 23 -12 
-1 -52 -9 -5 8 11 -2 3 -24 -4 -7 -7 14 -6 1 -8 
5 -18 -11 19 -37 -27 15 4 37 -22 -6 -16 3 10 -3 -10 
-19 7 -39 24 4 2 -25 0 15 -2 -4 -15 -21 22 0 -17 
-18 0 -15 -13 -47 -48 9 6 17 -15 -2 -28 -4 -10 -31 5 
-45 15 7 -9 31 -10 7 -28 18 6 -28 26 -22 26 7 -10 
-62 10 -5 -12 -7 1 11 1 2 -31 -17 -3 13 11 -46 -10 
-21 9 14 -43 -15 -8 -17 -16 -40 21 15 -2 -3 -9 11 16 
-18 12 -15 -4 2 -7 -15 -3 -12 -42 -11 -13 -5 6 -2 10 
-3 34 11 -22 12 -28 7 -14 -12 -31 7 -11 5 -11 6 -22 
5 -40 -16 2 -20 -18 -2 -22 26 31 7 23 -2 -7 2 -6 
-25 0 1 -26 4 0 39 42 -4 -15 6 -7 16 -4 12 -2 
0 -20 8 -24 14 -14 12 -2 -14 3 -9 -40 -22 27 -1 12 
23 -5 11 -19 -2 -3 -12 19 29 -18 9 -8 -6 1 19 12 
18 -22 -19 0 -11 12 -11 -42 16 27 -54 -3 20 2 28 -38 
6 2 7 -8 -18 -10 -25 -17 31 44 -31 -3 -20 4 -12 -15 
36 -21 -6 -4 -8 -11 -16 -32 -19 -4 -9 -6 -19 9 28 5 
-1 8 -11 -8 -3 -30 -4 -27 -5 -10 -18 1 -1 17 33 -8 
7 1 19 -4 3 10 -13 -5 39 4 -6 -6 0 -38 39 -14 
-15 2 -25 -23 -1 -14 2 -7 -2 -7 -12 -22 -8 2 -24 23 
-4 -1 -13 13 29 22 4 -10 -17 -26 27 3 -3 -17 16 -28 
-20 -6 5 15 -27 -14 0 2 -10 -34 -6 -20 12 -20 -5 -1 
9 -3 -14 -6 -18 0 -17 -2 -3 5 27 -9 -7 -28 8 -17 
-10 0 20 -19 18 1 -14 -15 -1 30 18 -53 -5 3 -20 -24 
-24 -3 5 -13 -12 -7 4 43 -26 -2 29 17 -17 -4 1 -22 
15 10 -25 2 19 19 -1 10 -21 -11 11 2 7 -10 19 -12 
-19 -11 -34 20 -7 6 47 -25 -57 -1 -24 3 3 -17 2 -13 
-20 5 26 -5 -6 -1 1 5 -17 -32 -13 -15 21 -3 5 -24 
1 -10 9 -40 10 -13 14 8 2 -13 9 7 10 -3 8 -8 
1 -37 2 0 -64 -1 0 -30 -15 39 54 -60 0 0 1 4 
1 0 -19 0 0 0 -11 -1 0 -1 -3 -5 4 -19 1 0 
15 -3 -30 -6 3 11 41 26 -1 0 -4 21 16 1 -53 0 
-3 0 13 -6 0 0 0 2 -17 -4 -3 -1 47 18 -29 -7 
5 0 7 -19 -4 8 -45 -3 -5 0 11 -2 -3 -61 -18 0 
-4 -14 -24 -20 -25 -2 5 25 20 -3 -11 0 2 -26 -40 0 
-1 3 7 1 0 -1 -8 -3 5 -11 -2 8 20 -4 5 0 
-16 52 1 0 -17 4 26 -6 1 0 15 -3 0 -8 -6 11 
0 -2 -3 0 -1 0 16 -9 1 -14 9 -5 9 -22 -33 -13 
-19 -2 -40 12 -6 1 -20 1 0 0 10 9 19 5 7 -45 
10 -3 0 -13 -10 -2 -12 1 -4 -4 -12 8 1 2 -24 -12 
-7 -28 1 22 3 -17 16 24 -38 -3 -41 -3 -11 -4 0 19 
-11 53 6 2 -40 39 3 18 -26 1 0 0 -22 -1 1 0 
-2 -20 0 19 -30 -8 0 39 5 0 0 -4 -3 1 -25 -17 
-1 0 -16 -3 0 -14 -20 21 15 0 -6 -24 23 -1 -7 6 
4 0 -47 23 1 23 -7 -17 40 -8 25 -36 1 6 0 -37 
-5 -6 0 2 7 0 -16 -5 -1 -16 0 -19 1 19 -2 14 
-12 2 -15 -37 0 -39 4 -9 -28 -1 -31 -8 -6 0 4 -22 
-9 0 -6 22 -8 -3 0 -3 1 26 0 2 32 -37 -4 0 
-13 -12 0 27 24 -33 -22 0 -1 -23 -14 -16 3 -2 10 -1 
6 1 0 -6 0 -27 51 -11 -58 -28 6 -8 3 -15 2 -3 
-2 -22 31 2 0 -46 0 -9 -4 -32 0 -41 0 -7 0 -40 
6 -1 1 -1 -14 15 2 -3 9 -30 -10 -3 16 7 22 39 
0 11 0 -3 1 -29 12 -1 0 -8 1 0 -13 -18 -3 -2 
-40 -5 -2 -1 -10 3 -17 -9 1 -6 -6 0 0 -31 -2 -23 
23 -19 -4 3 -11 -5 -47 -23 23 0 0 0 1 18 -7 37 
-4 0 7 29 0 -2 3 11 -4 28 -6 36 24 7 42 -10 
-3 42 -19 -2 -46 3 -16 -3 3 -16 0 0 15 -4 5 0 
3 0 0 -8 -24 -7 34 0 -42 -14 1 -1 -2 2 -14 -1 
-2 -5 -3 -42 9 -2 -3 -1 -16 -13 -19 -12 -40 1 -1 49 
26 -10 26 11 20 -14 0 7 -24 0 0 26 -27 -7 2 0 
0 1 0 -1 -2 7 -19 0 0 1 10 -11 -16 8 4 1 
-6 -3 -38 8 -2 -1 29 -29 0 -7 -3 -33 -1 1 -14 7 
0 -47 -19 0 -5 4 -5 -3 1 0 -11 -5 -1 -23 1 10 
-35 -4 -2 0 4 -2 0 -8 11 2 29 8 40 0 -20 37 
-21 -6 -18 -24 -12 -23 1 5 -9 2 -3 0 -3 9 -2 -5 
-1 -24 0 0 51 7 0 0 59 49 -53 11 0 -5 9 -8 
-6 0 9 1 0 0 15 2 0 3 -21 10 -4 -72 3 0 
-41 4 -19 -24 -2 -11 -18 -17 49 0 -3 21 -13 -1 8 0 
-5 0 -27 -15 -1 0 0 29 -48 4 -67 -3 -27 -27 -102 4 
28 0 4 -47 1 20 -12 -60 -1 0 -17 0 5 39 -26 -5 
10 29 16 44 15 -16 1 41 34 2 -7 0 20 -31 -15 0 
1 0 47 -2 0 1 -5 10 -28 35 3 47 -8 -7 -1 0 
47 -2 -12 3 -10 -5 -52 0 2 0 -15 -8 22 6 -16 -10 
0 7 -2 -1 6 -1 -47 21 -10 -3 20 1 19 -33 2 9 
-16 2 -2 -39 5 5 -41 25 0 1 20 16 -23 -1 0 34 
-10 -9 1 19 9 -7 -11 -2 2 -4 -12 7 43 4 4 -2 
-12 -40 -4 39 -12 3 -37 -12 -59 -40 53 0 -11 -4 0 -4 
-13 26 -8 -21 16 5 -3 14 -20 -1 0 -5 -11 1 3 0 
-1 -37 9 16 -37 -10 0 -2 -3 1 -1 17 8 -1 38 2 
-5 0 -29 13 -1 -41 -5 -29 27 0 -16 10 -8 -3 -16 -7 
-13 -34 -3 -15 -7 4 0 23 -18 -28 4 -3 1 -17 0 -9 
-40 -17 0 3 -13 0 -28 1 0 -6 0 -43 -4 -29 -23 -49 
8 2 0 18 -1 -20 20 -2 51 0 44 -3 10 0 1 -3 
-17 1 -8 -68 -14 1 -6 -15 -3 -31 3 -3 -21 12 25 0 
-30 16 3 24 -16 20 26 0 -3 -27 3 -47 -25 -2 -27 -1 
3 2 -2 0 0 -7 22 15 -2 23 6 2 -9 1 41 -6 
-3 -3 -38 8 0 -6 2 49 -9 55 0 -46 -1 -1 0 -5 
4 1 -7 -3 27 11 2 -6 -8 -16 -14 0 -22 -13 -26 23 
1 10 -4 4 -3 -9 -15 -2 -3 59 -4 2 -31 56 -13 -17 
8 36 1 -1 6 -2 -20 -4 -4 2 0 0 0 -25 7 -12 
-32 0 2 3 23 0 8 -4 -58 4 0 1 -1 58 -3 7 
-5 0 23 -3 0 1 9 6 14 -12 1 -54 -18 -6 -11 3 
-2 4 -40 1 38 4 38 2 -30 7 0 0 -45 7 -25 0 
1 -2 0 8 -4 -18 10 0 -28 -9 45 -2 -53 23 -34 -2 
1 1 -5 28 -18 -3 0 -10 14 8 47 20 58 1 28 -44 
-41 29 -55 -20 6 15 -8 -20 30 0 -6 -32 -13 -6 -33 -33 
-16 -1 24 -3 1 -36 -16 -1 1 1 17 -7 -35 -1 -1 -7 
-8 -1 -28 -1 5 2 12 10 0 0 -1 -41 1 1 -6 -13 
-2 16 -37 0 12 -1 2 -1 12 0 -24 -3 0 24 0 -26 
-26 3 -1 0 -2 6 3 -16 -10 -2 -69 -5 -60 0 -46 1 
-20 -31 -21 -28 -19 6 -3 -4 36 38 0 0 -2 13 -2 11 
-1 26 0 0 16 0 0 0 15 -10 20 -16 0 -13 3 0 
1 0 -6 0 0 0 8 -1 0 -1 5 1 0 9 2 0 
5 0 20 -21 2 3 12 -16 -29 0 6 7 32 -1 -15 0 
-1 0 16 24 0 0 0 10 -8 0 -4 0 -8 32 25 0 
-17 0 -16 33 6 3 -39 -13 -1 0 2 0 -10 -12 3 -1 
1 -24 -31 -29 0 -1 -1 -1 12 1 3 0 6 -36 17 0 
0 -1 -6 0 0 1 -3 4 -16 -7 1 9 24 4 9 0 
9 -5 -4 -2 9 -8 -21 -5 3 0 -1 3 1 1 -5 -26 
0 4 3 2 -1 0 -3 1 8 -1 0 1 -27 -11 -26 -8 
-11 -1 -1 7 -3 0 -10 24 0 0 -8 -10 7 2 10 1 
-10 -2 -7 3 2 -25 -6 0 2 -2 -16 -21 6 -1 4 22 
-10 -26 0 18 0 -11 -11 -3 14 -41 5 0 -33 -19 0 29 
7 -5 -8 -13 12 -17 3 -7 -48 0 0 -12 -12 -1 0 0 
4 -25 7 7 6 -18 0 2 -4 0 0 16 15 0 -9 -3 
3 0 -10 -5 0 -26 -2 9 25 0 1 10 34 -1 -19 -11 
1 -21 -47 17 -16 -13 24 5 6 -19 1 10 2 4 0 -46 
-30 10 0 -4 -1 0 -39 2 -1 -14 0 14 0 15 3 23 
-34 2 -31 24 1 -11 21 -24 11 0 -21 0 2 0 -4 -2 
18 0 -12 8 -23 0 -3 5 -3 9 -1 0 8 -11 8 0 
18 5 11 -7 12 6 -2 0 -1 -8 4 -12 -26 0 -1 1 
-2 1 -1 -31 0 -18 -17 0 -14 -15 -4 -1 -1 -15 12 3 
2 4 4 0 0 0 0 -1 -2 -14 0 -13 0 2 0 36 
-7 -3 0 2 -7 -14 1 21 -11 6 -7 0 0 -4 1 8 
3 -17 2 1 0 -23 -21 -1 -1 -3 29 0 14 -16 15 0 
-20 -6 3 0 -39 0 -21 -1 -2 2 -4 0 0 -26 -4 -22 
8 -13 3 0 -9 -1 -1 15 -15 1 0 0 2 -17 -7 5 
0 0 -11 3 0 -1 -28 -8 -8 0 1 7 16 -4 16 -9 
-1 -18 -10 0 -24 7 -27 -5 -4 7 0 0 11 2 -4 0 
0 0 0 -6 -7 -2 9 0 -23 -13 -7 0 -7 12 15 1 
-32 5 9 -16 -14 3 -5 9 -26 0 -14 -3 1 0 9 -26 
-11 -15 -28 -26 9 -26 -4 -11 -4 0 -3 -23 -26 -2 -5 9 
46 1 -1 -1 5 31 -29 2 0 1 17 -1 13 -4 0 -2 
13 -1 -41 6 -2 0 14 -6 0 -1 3 -38 1 -1 -8 1 
-2 15 -28 0 3 5 -33 4 -11 0 -39 15 3 -13 0 23 
-29 1 0 0 4 -2 1 -16 -14 -1 -28 3 21 0 8 40 
-17 8 -34 -33 -31 14 -3 -2 -12 19 0 0 -3 15 0 -9 
-6 31 -1 0 -18 -4 0 9 36 -5 62 9 0 -11 6 -3 
-3 0 -16 0 0 0 -10 2 0 0 -7 5 5 26 0 -1 
43 5 51 -11 1 -39 22 -5 28 0 -2 18 10 1 11 0 
0 0 7 -22 0 0 0 8 -23 -1 -19 0 -44 -19 33 5 
20 0 10 36 2 -10 -55 -51 9 0 -18 -3 -8 -5 74 3 
-3 -13 -26 30 -27 -13 -1 42 -10 3 -14 0 0 -25 -41 0 
-1 -3 38 -1 0 -1 62 4 -37 -7 2 -26 17 -4 15 0 
-19 26 3 35 40 8 -20 -10 0 0 -23 70 3 -7 23 11 
0 -10 -6 3 -10 0 -19 25 4 -5 -31 -3 -22 -11 4 2 
-27 1 15 15 1 5 3 -20 0 1 -3 18 19 -1 22 44 
6 -12 -4 4 4 -25 -17 0 2 -4 -12 -3 -23 -3 -5 -4 
-50 -25 -6 -31 9 -22 -5 -25 25 -8 19 -1 -37 -31 0 4 
42 -9 35 -25 92 -12 -3 13 -18 -1 0 5 -12 1 8 0 
7 -14 -15 -34 16 2 0 18 -7 0 0 -43 28 -1 1 21 
-6 0 -2 -6 0 -30 4 -6 -33 0 19 -26 39 -1 15 6 
-5 40 -15 -5 -4 9 9 5 -96 -36 54 14 -3 12 0 -32 
4 34 0 -18 5 0 20 4 -4 -21 0 6 1 35 6 -21 
-36 -1 -1 7 0 16 14 -30 35 0 2 -12 5 0 18 -5 
24 0 -9 71 -22 -1 -6 -10 4 0 1 0 -53 24 -5 0 
38 32 19 29 1 31 -3 0 -5 -12 -7 -6 -27 1 -36 1 
-2 -1 -4 -36 0 -9 -8 1 69 -27 -2 -2 0 9 1 17 
11 12 0 3 -1 31 -2 -39 11 -25 0 -8 0 -1 0 18 
-17 -5 7 -3 -3 12 0 11 -5 8 -23 13 -23 -6 40 -14 
2 22 5 5 0 5 -28 0 2 19 -25 -1 3 -10 24 -12 
-17 6 5 0 -28 -2 -14 -11 -1 5 -8 0 0 22 -6 -29 
-40 22 2 1 -7 -2 23 15 -33 2 0 1 1 -17 -13 30 
4 0 -8 -25 0 0 1 2 7 6 2 -8 -8 -13 11 8 
3 -42 -28 0 12 -9 -16 -8 -5 32 0 0 10 -2 19 0 
-1 0 0 -6 -3 15 35 0 -9 22 25 0 18 22 11 6 
-16 9 -2 4 -13 3 -5 15 -22 1 -10 -71 8 0 -9 -25 
42 -10 -33 -13 -6 -5 -2 20 9 0 3 23 -51 24 10 41 
48 -2 -39 -2 -8 82 -12 -1 0 0 54 -4 47 -5 -5 -1 
8 -4 -16 -15 -15 1 -15 -18 0 -6 0 -13 1 1 -28 -7 
-3 40 -12 0 -5 9 -17 3 -7 0 10 -29 1 8 1 35 
-28 0 1 0 -7 3 0 46 -32 -3 -6 16 -23 0 12 -2 
-18 24 -25 -6 -15 20 -5 5 -33 -54 -1 0 -6 -1 -3 18 
6 31 -1 0 -55 8 0 46 -46 -71 -41 -166 1 -9 4 -5 
14 0 -22 0 -1 0 16 -8 0 -2 5 -29 19 89 -4 -4 
37 -13 54 -41 -6 9 27 10 -158 0 -25 31 44 3 -99 -1 
-37 0 -15 121 2 0 0 -30 72 -5 23 4 30 67 85 -1 
23 1 -67 54 -2 5 25 -39 -11 0 -22 -2 -2 -32 -39 2 
11 26 16 -34 20 9 7 -86 -50 -7 16 0 -51 -29 -25 0 
2 7 -7 -2 1 5 -36 -29 17 99 5 -47 56 82 17 0 
-15 57 26 -70 -31 -58 89 -15 -4 0 -14 23 66 -41 13 17 
1 -3 9 -4 -10 -3 -42 -64 22 -20 8 -3 -69 -3 8 -34 
36 -5 -30 48 -18 -33 -3 6 -1 -8 27 -15 52 -33 -30 7 
30 -5 -23 -79 -8 -75 13 0 2 7 -18 -71 -64 -6 2 54 
-20 11 0 -51 -6 20 -2 6 15 45 -50 4 -19 -7 0 140 
-38 31 -66 45 -31 -20 6 -5 20 0 -2 5 0 -6 -11 1 
-5 8 16 -22 25 -45 0 -17 13 -7 10 -1 15 -6 -49 4 
9 0 42 13 -3 23 4 62 74 0 4 3 -40 6 -40 -48 
8 25 -23 37 -34 -55 35 -16 36 -24 -44 -27 -11 -12 -1 11 
13 33 1 16 19 0 17 2 -6 9 -1 -2 8 32 75 96 
-75 6 19 -70 -3 -118 30 -47 -34 -5 -45 -35 -26 -1 -13 -35 
25 -4 30 48 5 0 -1 53 -23 69 3 -8 27 -8 47 1 
-16 56 -1 -54 -15 37 -41 0 -8 -22 16 -11 30 6 -72 7 
-5 8 13 1 1 32 -32 -28 -115 -2 22 10 2 19 -84 -94 
-2 -18 -3 34 -7 -34 9 -59 -3 -86 0 16 -3 6 0 85 
-13 3 15 5 35 -54 -2 54 -21 -78 95 7 -39 19 72 -26 
-3 -17 9 -3 -5 -72 -11 3 -1 -24 28 -4 12 -54 -40 80 
-13 -32 -10 -5 -27 11 34 2 17 -16 12 0 0 -42 -21 2 
57 -7 -5 12 -22 -13 50 40 72 2 -2 3 15 -50 -28 -11 
-4 1 -23 26 2 7 -88 -46 38 -35 -1 68 45 2 18 -18 
-7 11 -96 0 9 -4 -41 -8 36 -10 0 0 51 -17 11 0 
7 -4 0 -5 -73 16 -11 0 5 41 -70 -2 6 31 45 -7 
-4 11 -17 -111 37 2 0 -4 -79 -37 14 -16 -36 1 46 98 
36 -21 46 -72 24 -84 -9 24 -47 1 -20 -14 -16 -37 72 22 
30 2 -98 -8 -4 49 -5 5 8 4 -15 -53 85 7 0 16 
-3 -14 -8 -21 -6 4 32 -30 0 7 -3 -1 -9 9 -61 10 
-3 -13 2 0 -45 3 14 1 22 -1 -66 -29 0 4 3 71 
1 -2 -3 0 -8 0 0 11 41 10 -4 42 164 0 -23 71 
-2 -3 8 20 23 -40 -10 7 -24 -73 -3 -1 -12 47 4 3 
1 16 0 0 26 1 0 6 -15 2 -32 -17 0 -6 -7 -6 
-1 0 15 0 0 0 10 1 0 1 0 14 15 11 -1 1 
-13 2 -12 18 -4 4 -32 7 9 0 3 -6 -4 -1 0 0 
2 0 12 3 0 0 0 10 6 4 5 0 -11 -1 -25 1 
16 0 -5 2 4 2 15 -6 7 0 3 2 9 0 -16 1 
1 -21 9 -4 -11 -15 -4 -18 7 0 -1 0 8 22 11 0 
1 1 2 0 0 3 -15 6 -12 8 -2 5 -3 0 -5 0 
5 0 5 5 -6 5 -17 0 2 0 -10 -5 11 5 -5 -11 
0 0 -1 0 3 0 -16 39 1 -2 5 3 14 20 23 -6 
22 0 -8 -19 1 -1 10 24 1 0 5 -3 -36 0 1 0 
-6 6 8 22 3 20 10 -1 2 0 14 26 -2 3 -8 -5 
10 17 2 1 1 12 -13 -19 16 -16 8 1 14 11 0 5 
-21 8 -4 -14 -12 14 -5 -5 22 -1 0 7 23 1 6 0 
4 29 1 17 -17 20 0 18 -1 0 0 33 -7 -1 22 11 
1 0 10 7 1 24 -14 4 29 0 0 22 15 0 -19 1 
1 -23 29 -5 -9 -1 21 -3 4 29 -22 11 2 7 0 14 
8 2 0 8 3 0 -10 3 3 10 0 23 0 -10 0 -21 
-8 -2 5 -2 1 11 9 18 -16 0 3 -4 -2 0 0 -9 
37 0 14 9 -2 0 5 0 -4 -3 0 -1 -1 -8 3 1 
0 6 10 9 -2 12 -5 0 2 11 1 -10 -8 3 32 1 
2 -1 0 9 0 22 -5 5 -2 5 22 3 0 6 23 16 
1 -1 5 -5 0 -1 1 28 -7 6 0 14 0 1 0 51 
-2 4 -5 -2 -8 24 -1 9 -8 2 -9 2 -13 -7 -3 33 
3 -9 -2 2 0 20 -3 2 0 -7 9 1 5 8 6 2 
-4 -22 1 1 24 0 25 2 1 3 3 0 0 -11 -2 10 
-2 -17 1 -1 3 1 -15 16 3 0 0 1 -1 -2 16 1 
0 0 3 21 0 0 -2 -7 0 9 2 -14 -8 -3 -18 -7 
-5 26 3 1 -7 9 -9 4 2 -13 0 0 12 -1 -12 0 
1 1 0 9 30 3 -2 0 16 5 -6 0 -20 -8 11 2 
25 8 -7 4 -27 1 9 2 -1 6 11 7 0 0 16 0 
-32 2 -12 -1 7 7 1 -10 21 0 3 -11 22 7 -3 -3 
-14 0 12 1 2 -3 14 0 1 0 6 8 7 -4 1 2 
9 3 21 23 6 1 -2 10 0 -1 5 30 -1 2 18 6 
0 13 27 0 -10 2 1 2 -2 0 2 -4 2 5 -1 -10 
33 -1 0 0 4 3 0 -26 -3 -2 -43 -6 -9 0 -8 10 
9 2 18 27 12 38 0 -4 29 10 2 0 0 -6 2 -3
-9 1 -13 0 -1 -6 -3 9 5 7 4 -10 3 -15 12 -3 
-2 -3 1 8 -2 -3 -6 6 -7 -6 -5 7 11 2 3 4 
-4 4 -11 13 -9 12 13 19 9 2 -22 1 5 -5 3 -2 
2 -7 2 4 2 0 16 -2 1 -4 -1 5 -11 -11 -6 8 
0 1 3 6 10 3 -5 0 -7 -11 0 3 5 9 11 7 
1 4 -1 12 4 -2 -2 7 -15 -10 -3 11 -3 -1 2 8 
-4 7 2 6 3 -8 8 6 -2 -2 8 -4 -3 -4 0 5 
-1 -2 -5 -1 6 6 -6 0 5 -7 -9 4 1 -7 -1 -3 
-7 1 -9 2 -2 11 9 7 7 4 1 4 3 -8 2 0 
-5 -3 -2 3 -6 -6 4 2 4 -7 -6 1 -8 -2 -5 -2 
-2 -5 1 -2 4 8 2 -2 -1 3 1 4 -5 8 6 2 
1 7 1 7 -1 0 8 -2 7 -4 3 5 -4 2 -9 3 
8 26 12 0 1 5 15 -6 -15 13 1 12 5 6 10 -11 
24 -20 -7 0 4 27 0 -6 13 16 9 -10 27 7 -7 -28 
0 2 -11 -16 -25 7 13 27 15 -14 -5 -10 7 -22 11 -9 
8 9 -9 3 5 -13 -10 25 -11 16 -8 1 5 1 -5 0 
-17 -8 -11 -30 -7 -9 -14 11 7 -5 8 28 3 2 -3 -8 
-14 15 -3 -7 -4 3 14 -3 21 -13 8 -8 -6 8 -22 9 
-10 2 4 12 -3 -8 -1 1 2 -6 3 -5 0 -10 -1 0 
-3 0 -5 -3 3 -6 -5 7 -11 -13 -12 9 5 1 6 4 
-2 10 -5 4 3 -3 8 3 4 9 2 2 -5 8 5 -3 
1 12 -6 16 4 -3 9 5 6 -6 -1 -2 -9 -11 6 -3 
-1 -9 5 1 10 8 0 -11 2 -1 -2 2 -3 3 12 6 
1 -6 -1 10 5 3 2 1 -8 -2 -5 2 1 -6 -5 9 
1 2 1 3 3 -5 7 3 -3 -5 7 -2 0 -1 5 2 
-6 -1 -9 -2 7 1 -3 1 3 -12 -7 1 7 -3 3 1 
-9 5 -7 4 6 2 4 3 1 12 7 1 5 2 -1 -3 
0 -1 -1 5 -2 -9 1 4 12 -13 -4 -9 -3 -6 3 0 
2 -3 6 -4 5 6 -1 -8 -2 -3 -3 3 -7 6 7 0 
0 3 4 -4 1 -5 8 -6 4 -3 -1 1 -5 -2 -9 2 
-1 -1 -1 4 6 2 4 5 0 -9 7 -7 -3 -4 5 6 
-2 4 -6 1 2 0 -1 7 1 -1 -8 4 5 -2 6 -2 
-2 -1 1 10 -1 8 7 4 7 5 1 -1 -4 9 9 -7 
-1 -2 7 0 -6 -8 3 4 0 -4 3 -5 -5 -4 -5 1 
1 -1 5 1 7 4 -1 -5 -4 -1 1 3 -7 7 3 6 
-4 -6 10 2 6 3 -1 4 3 -4 -8 8 -5 0 -2 3 
-5 -3 2 -1 6 3 1 4 1 -5 1 -3 0 -7 5 4 
-3 -3 -6 3 4 2 -1 5 -4 -2 -5 -2 5 4 3 4 
-3 -2 -2 5 3 3 7 8 1 7 1 -2 0 6 5 -5 
-2 4 0 6 -2 -6 0 4 0 -7 4 -7 -8 -4 2 -4 
-7 -7 7 -6 0 8 1 -3 -2 -2 0 2 -5 7 8 0 
3 -4 5 -2 4 2 6 -5 0 -11 0 5 2 -1 -4 5 
1 7 4 1 2 7 2 1 0 2 5 -7 -3 -2 6 1 
0 -3 -6 2 4 -4 0 -5 -5 -1 -6 -2 10 -1 -1 -5 
-5 5 -5 2 -1 3 4 7 4 2 0 3 0 3 7 -6 
6 3 1 6 -1 -4 -1 2 3 -6 4 -5 -5 -5 6 -7 
-8 -5 11 2 0 8 -2 2 -4 -4 3 6 -8 6 7 -2 
-4 6 8 -4 3 4 6 -2 7 -8 6 5 4 3 -6 8 
6 5 -7 -2 5 9 8 3 -2 -7 3 2 2 3 4 9 
-2 2 -5 -4 6 8 -9 -6 8 2 -10 -11 4 3 4 -3 
-1 0 -5 11 2 11 1 5 13 4 -1 0 1 9 -3 -7 
6 -9 9 0 0 -1 7 4 4 -2 -10 -5 -1 -4 -9 -8 
-12 5 2 0 6 0 3 7 -3 -6 2 -1 -7 17 2 4 
0 -4 15 -6 -3 5 7 -11 14 -7 -4 10 -5 -6 -5 6 
-17 -27 -43 2 -10 18 0 23 -5 20 6 29 -15 13 6 -23 
2 -4 -20 -4 14 2 0 8 1 -23 -10 18 -1 22 7 -13 
14 11 -6 8 -7 20 -14 6 42 -1 -30 3 -12 7 4 -16 
-2 -50 14 -34 7 -5 29 -13 -4 6 16 -10 -19 8 -20 15 
1 -9 -22 21 4 13 -16 -24 11 -3 -4 12 0 41 11 2 
-7 -4 -13 4 3 1 -13 -7 -2 -28 -7 -6 -13 -31 10 1 
-6 0 2 6 3 -6 4 2 3 -6 3 0 -3 -3 4 2 
1 -9 -11 2 8 2 -4 0 -5 1 -4 4 4 -4 3 -3 
-6 4 -11 2 1 1 7 8 8 10 -5 3 1 -8 2 -4 
-2 -3 -2 1 -8 -5 4 4 6 -9 3 -3 -6 -5 3 -4 
-2 -6 5 -4 7 6 5 -2 4 -3 3 8 -7 2 5 -4 
-5 4 -1 2 3 3 6 -1 8 -6 1 5 -8 0 -9 5 
-4 2 2 -1 1 -3 4 1 -1 -2 1 -5 -1 -1 2 0 
3 -1 -1 0 3 1 -5 4 -6 -5 -2 2 3 0 -3 1 
-6 2 -3 0 2 2 5 5 6 6 -1 1 -1 -1 2 -4 
-2 1 3 7 -6 -5 2 3 4 -6 2 -6 -2 -6 2 -2 
-3 -2 3 -5 4 4 2 -1 1 -6 0 3 -4 2 3 1 
-6 -2 3 0 1 0 2 2 -1 -2 0 2 -1 0 -5 5 
2 12 -3 -5 -5 3 5 4 -6 -4 9 -11 3 -6 5 0 
4 -10 -1 3 7 7 1 -3 1 7 -5 -1 12 -1 -1 2 
6 7 -6 1 -2 3 4 16 6 -4 -3 -1 -6 -9 11 -2 
6 1 2 5 -2 -5 -6 3 -3 6 2 2 4 3 9 -4 
-18 0 9 1 -1 3 -5 5 -14 -17 8 8 -5 9 8 0 
6 6 9 -3 0 12 9 -2 -9 -7 1 0 -1 3 -8 11 
-6 -1 1 3 5 4 -1 1 2 1 7 -6 1 -2 3 6 
-4 -3 -3 -1 4 1 -2 2 -1 -2 -10 4 6 0 -1 -1 
-5 -3 -5 2 2 -1 9 13 2 7 -5 3 -3 6 9 -6 
0 -2 1 8 3 -8 4 8 2 -8 4 -4 -7 -2 2 -6 
-3 2 4 0 3 9 -2 -2 -4 -4 4 5 -10 3 6 1 
-8 4 6 -4 -5 2 5 0 5 -5 3 3 -1 1 -6 8 
1 9 5 3 -2 11 10 -4 -6 1 3 -3 -4 7 0 6 
1 -3 3 0 3 3 -3 -4 5 -3 0 -2 7 2 -4 -12 
-9 0 -8 -3 2 0 9 12 5 6 5 4 1 4 12 -5 
12 -1 3 3 -1 -7 2 9 4 1 -2 -2 -2 -1 2 -8 
-14 -4 13 -10 -6 6 -1 5 -1 -8 8 10 -10 7 6 -1 
-2 3 4 -7 -6 1 7 -5 4 -2 3 -1 -3 2 -13 11 
0 -4 0 1 2 -2 3 -2 -2 -5 7 -10 1 -9 5 0 
6 -2 -1 4 7 0 -4 6 -1 -7 -4 -2 4 5 2 -1 
-4 -3 -4 6 -1 5 6 3 3 6 -3 -3 2 7 12 -4 
-1 10 4 6 -4 -3 3 6 5 -1 1 -4 -2 -7 -2 0 
-6 2 12 1 3 7 -5 -3 -7 -5 2 -1 -8 0 4 4 
3 -12 4 4 3 3 2 4 -6 -8 -5 2 3 -2 -6 2 
-4 -11 -10 11 7 -20 17 3 11 -13 -3 -3 4 1 -5 -1 
4 0 -23 -10 -5 13 -14 -2 -4 6 -6 14 -14 -4 8 13 
-1 11 -12 4 15 21 11 -7 7 1 -1 0 7 -12 -11 -5 
3 -10 -9 0 -16 -3 18 -4 18 -17 -12 3 -4 -2 -11 7 
1 5 -11 0 15 0 15 8 14 5 14 7 -8 20 10 -10 
-1 2 8 9 13 -10 4 5 17 -5 8 18 -6 -14 -19 2 
0 5 5 5 4 0 5 3 -2 -3 1 1 -2 -2 5 0 
0 -1 -7 -2 8 3 -4 1 -3 -7 0 -1 4 -4 -1 -2 
-5 3 -5 3 4 -4 6 4 7 8 0 -1 -3 -1 4 -5 
3 6 1 9 1 -3 6 -1 4 -7 0 -9 -2 -5 5 0 
-4 -3 4 -3 6 4 1 -1 1 -8 1 7 -4 6 8 -3 
-4 -2 1 2 -2 -1 3 0 0 -7 -3 1 -5 2 -6 7 
12 28 17 -3 -14 4 2 -14 -15 -3 25 -12 -1 20 -14 -7 
22 -7 13 -24 -12 -5 1 -1 -4 14 -20 -7 17 -14 8 -19 
-4 -3 14 13 -2 -7 15 6 -25 -3 5 0 2 -14 18 7 
6 58 3 26 21 6 -7 10 10 -11 -19 18 6 -2 -15 -1 
-19 -29 16 10 -15 0 9 6 -13 10 -5 16 7 -11 -8 0 
24 -6 -5 45 -13 2 -3 26 1 4 -5 -4 -2 24 18 -2 
-1 4 -2 4 3 -4 5 3 -2 -2 0 -5 -2 -1 3 1 
-1 -3 -6 -1 2 1 -2 1 -2 -1 -5 1 2 -2 -2 -2 
-5 5 -5 6 0 -2 7 3 5 5 -2 0 -4 -4 1 -3 
-3 -2 0 4 -7 -4 0 3 3 -6 2 -7 -4 -6 1 -4 
-6 -4 2 -2 4 6 2 1 -2 -7 4 6 -6 -2 6 2 
-4 3 0 -2 1 0 2 -2 -3 -4 0 5 0 2 -6 3 
-1 -2 0 6 3 3 2 1 0 -5 7 -8 -2 -7 0 -1 
-1 -10 -6 -2 3 -6 -2 1 -5 -1 -10 -1 11 -2 -3 -3 
1 1 -9 9 5 2 7 6 5 8 -1 -2 0 6 8 -9 
0 0 -5 0 -6 -8 0 5 4 -1 7 2 -10 -2 -1 -7 
-8 -2 10 5 0 12 3 -6 -1 -6 2 7 -6 3 11 1 
-6 0 5 5 1 -6 -1 3 3 -11 -3 3 2 2 -7 2 
-5 0 -2 -1 4 -4 1 3 -1 -3 4 -6 1 -13 -1 1 
-1 -5 -6 -3 10 -4 -7 11 -4 -5 -9 7 3 -2 -1 7 
1 8 1 6 4 -3 0 9 6 2 3 -5 3 2 17 -9 
-1 3 -6 3 -7 -6 -4 5 1 0 -1 -6 -4 -10 2 -3 
1 -6 16 -5 -2 4 4 -12 5 -12 3 4 -10 -5 7 12 
1 -6 6 -2 2 -2 2 9 -13 -9 -6 1 -9 -2 -3 8 
9 -1 21 -9 -9 30 -5 5 -1 -4 -10 -9 9 1 7 9 
20 12 21 12 -7 -18 8 -22 -1 -4 12 -18 3 6 -5 4 
-8 0 -15 2 -5 -6 6 12 4 -1 6 -6 -6 5 -15 -9 
-19 0 3 14 -8 -10 -19 8 3 8 12 -1 -6 -1 31 -19 
-2 14 -9 -17 2 -11 2 -4 -31 10 6 -12 -3 -6 -3 15 
8 10 23 -9 -11 11 34 -15 6 4 22 -15 28 4 -16 10 
17 4 20 7 8 20 5 9 -6 -6 5 10 -4 2 14 4 
-7 27 10 -1 -4 -8 5 2 14 -12 12 -11 -3 -23 9 10 
-20 -21 -3 4 1 10 10 -1 2 3 25 -8 24 7 -9 0 
-5 4 16 -7 -8 2 -10 3 14 -9 12 -5 2 0 3 -11 
10 15 5 -7 5 2 13 -2 -11 0 -2 -6 2 11 -7 15 
0 28 7 8 -7 6 3 -7 6 8 16 -7 18 -11 -3 1 
-4 5 5 2 0 0 2 6 1 -1 3 -4 2 -9 5 -1 
0 -3 -8 4 4 -2 -5 -1 -8 -8 -2 5 8 4 -4 -2 
0 5 -8 6 2 -10 1 11 2 9 0 3 2 -3 11 -4 
2 5 -5 12 1 -12 0 2 7 -2 9 -5 -6 -4 9 -1 
-6 -3 8 -1 3 5 4 -8 3 -10 -4 4 -5 3 14 -2 
-9 2 1 0 -3 0 6 4 -8 -9 -3 -6 2 -1 -6 10 
1 11 3 -5 1 3 5 -1 -6 -8 6 -4 2 -1 5 4 
8 -2 2 1 3 1 -1 1 -5 -2 -5 -1 12 -4 5 -2 
-6 5 -5 4 -1 3 11 10 -2 4 -3 3 -2 -4 12 -3 
4 9 3 12 -3 -7 1 8 4 -3 -4 1 4 -3 1 -2 
-9 -6 11 2 -7 3 1 7 -5 -7 -1 6 -2 4 3 0 
3 1 8 6 -3 6 1 0 0 -2 3 6 1 1 -6 4 
17 14 19 -9 1 -8 11 0 -8 -7 11 -11 3 0 1 -7 
20 -9 -6 -15 4 17 -3 13 -6 3 -17 10 12 -4 10 -6 
1 8 12 6 -17 -14 4 0 -8 0 0 -13 -13 -14 29 -6 
8 37 -7 27 14 3 -15 5 1 7 -8 5 10 10 -10 -2 
-11 -11 12 -9 -11 -8 -6 8 -16 -15 4 5 2 -1 -11 20 
22 -17 -8 14 -2 16 -3 7 -11 9 -8 0 -11 0 -2 4 
-4 0 -11 -5 6 -11 -3 1 -7 11 5 0 10 -11 2 -8 
-2 -4 0 8 -9 -1 -1 12 0 -9 1 9 12 12 11 -6 
-3 12 -10 2 -20 27 2 15 10 -3 -41 -5 8 -3 6 -11 
-2 -11 8 6 1 -4 20 -10 -10 4 -7 8 -13 -1 -14 21 
-4 3 -7 -3 17 9 -7 8 -2 -5 1 14 9 25 1 -8 
3 5 -2 6 7 6 1 -1 3 -15 0 6 -2 -1 -7 14 
-4 0 -7 -1 2 -2 7 3 -2 -1 1 1 -2 -5 2 -1 
-2 -8 -10 1 3 0 -3 3 -2 -1 -11 -1 2 -4 4 3 
2 4 -9 7 5 5 4 11 9 6 -4 -1 0 -2 9 -5 
-1 -8 3 -4 -8 -7 5 6 1 -2 -2 0 -12 -8 2 -1 
-6 -1 0 4 5 8 2 -6 2 -3 4 8 -5 4 7 6 
-5 1 7 2 6 2 2 -1 0 -9 2 4 -11 -5 -8 5 
-1 2 2 0 2 4 9 1 -7 -8 1 -3 2 2 7 6 
7 3 -6 3 10 -2 -5 4 3 -8 0 -2 2 -1 3 -1 
-10 -1 1 7 3 0 8 5 4 7 3 4 1 -1 -1 -2 
5 3 5 10 -6 -11 5 8 4 -2 -3 -14 -2 -6 6 -3 
-4 -1 8 -8 -3 7 0 -3 -6 -1 0 -3 -8 6 1 4 
6 -3 7 -9 1 3 7 -9 -3 0 2 3 -3 -2 -8 10 
-3 0 0 1 2 -1 2 0 -2 -3 1 -4 0 -1 1 1 
0 -1 -3 0 2 1 -3 3 -3 -3 -3 2 4 0 0 0 
-4 3 -2 0 4 2 4 5 3 5 0 2 -1 0 5 -4 
-1 3 0 3 -5 -5 -1 3 4 -5 1 -6 -3 -4 4 -1 
-2 -3 3 -4 1 3 1 0 -2 -5 -1 3 -3 2 3 2 
-4 1 0 3 1 1 2 0 -1 -4 1 3 -3 -3 -5 3 
36 -9 41 -2 17 7 8 -1 -12 -8 1 11 16 9 -4 -2 
8 4 -16 -8 6 18 -11 14 21 -14 -9 13 9 23 7 -18 
-8 19 -7 -14 -5 -24 0 -8 -10 1 3 -7 17 -7 -7 -3 
-20 19 -20 19 5 4 -19 0 8 18 4 -17 13 -2 2 12 
4 6 6 -18 19 -9 4 1 0 9 2 35 -16 -7 -15 21 
14 -30 -11 -12 9 8 4 -1 6 11 8 -1 -13 19 5 10 
0 -6 4 -19 0 8 -8 19 -2 -20 10 21 -2 14 27 27 
4 21 3 16 -2 13 -10 -1 17 -8 6 -10 -15 -13 3 11 
-6 -27 2 10 20 13 -7 0 9 -5 19 -3 12 -2 -13 9 
-22 12 16 -7 -21 3 -9 0 6 1 -6 -4 0 -15 1 -15 
5 16 -3 9 7 -4 5 10 -10 2 -1 -11 -4 11 -2 0 
1 21 18 2 2 10 20 -10 16 7 28 16 0 -9 -2 3 
4 -6 -3 -5 0 2 -4 -2 0 -4 9 -20 2 -15 3 2 
-1 -3 -2 8 4 -2 -3 -1 -8 -6 -6 -1 1 4 8 7 
-1 5 1 15 1 6 7 8 5 11 -7 0 -4 10 10 -5 
-1 6 1 10 5 -1 6 -2 5 -3 -1 2 -3 2 11 0 
-1 -3 12 2 -4 2 5 -4 -5 -9 1 -1 -13 -1 7 12 
9 -6 10 -2 1 3 1 -1 -15 -2 -11 -3 5 -8 2 12 
-4 -1 -1 0 5 3 6 5 -2 -6 1 -6 1 -5 1 7 
-2 -5 -5 0 5 -1 -1 3 -1 -3 -4 2 4 0 0 -5 
-6 -1 -8 8 0 1 8 9 9 4 0 -2 -2 5 7 -5 
6 -3 0 1 1 -6 8 8 5 -5 2 -5 -7 -3 -1 -4 
-6 1 7 -2 4 4 -2 -5 1 -5 4 0 -3 4 5 2 
-1 -1 4 2 0 0 0 2 4 -6 4 5 2 -1 -6 9 
-3 5 -7 0 4 5 4 6 -2 1 9 -9 3 -7 2 1 
3 -7 3 2 2 2 -3 3 -6 -1 2 2 2 -2 9 3 
-4 0 -3 5 -2 8 5 12 4 5 -3 -1 -3 6 11 -4 
0 3 5 5 2 -5 1 4 4 -4 2 1 -7 -1 7 -5 
-10 -2 8 3 -6 3 0 2 -5 -10 6 0 -3 9 11 4 
9 1 6 6 -3 -1 3 0 -8 -8 -6 7 -3 -5 -5 6 

