352 435 147 344 785 -198 -483 390 56 -304 637 -388 223 176 -1 -551 
-56 -49 -89 18 38 5 -75 148 -13 -83 -77 47 10 72 -67 -31 
-68 99 26 -82 -96 -44 -16 45 70 -13 59 -58 27 66 -5 51 
96 105 -76 -49 -16 -33 -111 113 -21 -64 -25 37 23 -37 -5 55 
-28 94 122 9 120 -52 64 -11 3 83 -33 5 -52 -87 -82 -10 
-14 43 78 49 -25 55 -85 30 0 0 0 0 0 0 0 0 
-14 80 -28 126 -36 44 -84 -76 -73 -68 57 11 46 -3 -24 33 
-95 -74 29 -34 36 -8 113 66 11 51 -7 49 -84 -53 56 -99 
-1 67 18 27 122 40 46 17 59 -93 4 18 40 45 132 -180 
25 -121 -35 52 45 -17 -12 57 95 62 82 -24 12 -77 49 39 
-66 68 -82 78 44 -119 -48 -42 0 0 0 0 0 0 0 0 
-11 33 77 -77 -2 19 -48 25 4 -78 73 -40 72 -70 24 125 
-79 -89 123 -23 -102 -37 -11 17 -97 128 -58 67 68 -132 -9 94 
6 39 83 58 67 45 81 -2 70 17 -72 140 75 -120 -31 -75 
54 -76 0 52 2 1 -73 -49 -50 136 56 172 14 -113 -22 -145 
-64 -2 -146 59 92 -84 -111 29 -90 94 -27 -162 31 17 36 0 
-11 1 -61 12 64 18 5 -18 0 0 0 0 0 0 0 0 
-26 6 6 -48 -74 -15 -48 72 12 31 85 57 128 -70 56 41 
-77 45 66 81 7 80 -26 33 5 60 38 -123 86 21 -26 -22 
10 64 -45 6 48 -66 89 -29 -17 59 -26 -2 208 -102 122 100 
-60 -31 -30 -7 -38 -13 -93 -106 18 20 108 -20 92 89 78 -27 
22 -11 51 -68 85 18 -49 56 48 74 -81 95 83 -86 126 47 
11 85 15 -46 -71 96 9 -181 0 0 0 0 0 0 0 0 
-12 132 -229 -160 66 143 -285 -18 -106 128 29 -71 165 -93 -166 -168 
-65 26 -104 -186 -193 150 24 -59 -21 47 -51 253 -122 14 -61 -212 
-108 -6 -128 -17 -69 195 -22 -43 70 78 136 19 0 158 -33 -25 
115 -89 8 11 -123 -192 -116 161 64 143 -25 150 91 -164 273 -15 
63 94 -96 -101 267 -66 -62 -106 238 -13 66 -26 -140 -111 -187 -73 
304 -88 -114 -263 -129 -45 -78 10 -93 -169 -96 -63 -149 21 -63 -130 
243 -189 -170 0 318 78 95 352 -82 -199 268 -228 163 68 101 -185 
329 171 -92 63 251 366 -61 62 164 -187 -95 34 -247 -353 210 191 
-169 -45 -227 -33 -64 255 -136 -90 -96 -43 -139 128 -97 354 33 -86 
-99 -152 -127 79 161 -60 -277 -169 -111 -179 -63 -307 -24 224 226 149 
220 6 -136 -86 -23 26 -302 -46 82 106 289 36 -320 38 -208 -16 
-35 102 287 -240 -71 -72 109 27 135 75 -50 -295 -181 64 67 104 
217 131 135 -64 -122 78 99 200 -30 -4 148 -61 315 -22 -440 -45 
-63 35 80 70 119 9 -7 -159 28 80 -72 -114 204 91 152 -40 
-198 -320 -76 224 -85 1 93 -100 -457 -19 -69 -44 -188 310 -160 60 
68 -1 113 -76 -156 115 -30 -229 -262 95 112 -58 -12 -183 -48 -63 
-48 63 -53 59 154 96 116 -100 22 -149 234 166 143 68 -64 -27 
-169 17 -1 -88 125 11 82 151 220 -127 -123 -165 -93 -137 90 149 
13 -107 36 136 -25 -63 -181 142 -118 -64 -52 37 49 -27 -134 206 
25 65 48 -25 79 62 43 7 36 137 -23 -128 66 2 -168 144 
-37 54 -99 -48 63 -43 26 311 -86 116 -27 86 -67 -26 152 -45 
56 32 -60 -41 -13 46 -53 60 -31 5 -3 139 26 19 -73 135 
-101 1 -74 -27 16 34 -105 6 29 126 2 44 162 51 -25 -58 
50 17 -146 -22 -94 -49 -60 -134 -30 -5 110 -120 -96 6 -73 7 
-175 -152 56 79 -80 -162 -30 -1 13 45 166 53 -53 20 31 -6 
-242 -68 -25 -89 258 217 89 -139 -50 -45 -28 68 61 -14 28 -40 
7 -134 -104 -49 14 97 19 85 115 -19 -72 -24 -38 88 9 -45 
-78 -127 2 136 -140 64 -65 -55 -15 125 39 -116 -2 -85 20 25 
53 4 -38 -122 -91 44 -27 78 55 15 9 52 72 -103 -42 29 
-155 -245 -171 77 -96 -62 99 20 -26 53 1 77 -44 93 -63 30 
9 81 39 -51 54 -59 -5 176 68 -48 75 -139 12 60 0 -48 
24 153 23 -68 -196 63 44 -83 40 -46 82 -55 -102 84 -36 0 
-8 -10 189 166 48 14 27 -48 154 88 -40 -32 18 -71 -39 16 
34 40 -89 18 20 78 -66 -76 -90 3 107 -107 -31 115 -61 -30 
47 11 42 18 49 -120 -55 -41 15 -106 50 -11 67 39 -114 -130 
-26 -31 28 -82 -93 -9 9 7 76 33 -41 106 -67 42 8 93 
-65 -76 -210 42 52 -111 -41 -10 72 93 -59 -77 -94 94 -127 10 
6 -91 -42 17 50 77 -14 46 26 179 33 -47 -71 -65 76 37 
60 21 32 39 140 -62 132 23 2 -60 48 -26 17 6 -21 32 
-26 23 9 -20 43 42 14 -17 -75 -43 33 -112 113 -159 21 -10 
-4 -7 -16 -60 -2 -53 -113 70 5 26 -13 27 -183 -68 -46 -83 
-9 37 -85 79 -12 65 45 53 42 16 -89 17 6 -49 -84 -100 
-27 24 -55 80 -102 -7 -13 -100 2 -42 74 13 -25 62 -154 41 
-55 -86 23 -67 49 162 -75 0 -18 6 72 94 -100 -25 -138 -41 
-75 -8 -4 -50 33 -10 14 -92 -37 -65 -25 -14 -40 91 -30 -74 
-122 110 -29 172 -60 -106 -143 52 96 31 6 -36 -149 61 18 32 
-18 -148 64 84 52 -64 16 -149 -14 -93 -56 -47 59 -2 -51 18 
20 -50 125 65 141 88 -47 -9 71 9 -75 20 -177 22 31 62 
55 -70 71 130 36 -116 -99 -77 -7 82 -32 -75 -53 44 10 -49 
-22 70 19 -6 53 9 -70 19 -30 62 42 91 30 1 -44 93 
-10 -17 -56 -33 -51 100 15 50 -82 56 -93 -22 -76 27 16 22 
16 89 -141 -137 61 109 -18 9 -49 57 74 -23 55 92 -77 -11 
-13 34 80 48 24 58 83 40 50 12 -10 -137 82 -4 64 36 
6 -38 -31 43 -58 -26 -115 21 -73 -24 -43 -28 53 29 8 51 
-58 -73 -8 51 12 -29 88 -91 8 92 -16 -46 24 120 -84 83 
-55 -104 78 90 11 -68 109 -30 -93 -13 159 79 6 -50 44 12 
-46 7 85 33 138 110 -9 -40 41 122 69 -46 95 36 -14 -1 
75 -91 -7 20 -46 48 14 -92 48 -113 77 57 23 69 106 -102 
-2 4 13 -57 26 88 -119 22 121 46 33 70 4 -62 -12 -103 
-83 -80 47 2 -84 -88 6 44 109 28 43 4 -48 93 48 52 
52 -116 -51 -8 -44 -58 0 124 -106 60 -95 -77 -9 48 110 46 
-36 -41 80 -21 -81 -117 77 -5 -92 30 74 -62 -73 -16 -7 44 
34 23 56 36 -8 63 66 -26 108 112 -2 81 -2 11 62 79 
-29 2 -67 167 3 200 -91 -70 -85 -18 -43 142 -72 -12 73 1 
-28 6 98 79 -88 81 36 35 66 -23 -104 -2 53 -50 -197 110 
186 -13 -112 -156 128 100 -36 70 57 293 -101 44 52 78 52 -34 
25 -98 -120 71 -9 -75 -114 -124 86 5 -60 -32 -175 126 -43 26 
115 29 -122 -30 41 -89 109 -82 -16 33 130 146 -39 -11 78 -92 
-57 -76 -166 103 -18 1 -71 -100 -96 -118 -83 -78 -57 -50 -190 4 
35 38 81 -123 -11 -60 40 32 -78 16 -101 -21 72 -134 31 68 
66 57 -5 16 34 97 -52 -40 8 10 -121 -69 143 -15 -8 140 
-56 14 31 1 57 -30 -3 62 62 -105 67 -52 130 -139 -26 -95 
-109 -64 72 -41 -225 -70 58 81 10 71 15 13 -55 -22 -133 -194 
-31 -154 84 -13 52 -5 -18 -15 86 13 -102 -37 46 6 18 -17 
-60 -5 -57 -143 -88 42 -33 -118 -43 -171 52 114 -35 -108 -58 129 
9 81 -53 -22 11 -37 82 54 36 10 124 53 -92 15 -73 218 
-13 65 -144 -19 143 -150 -94 88 22 96 -37 116 -6 -12 -163 -147 
-130 55 -121 139 111 106 -32 -160 -78 35 -56 75 -54 -156 -15 -67 
44 -135 27 4 32 -43 59 213 14 -182 -34 -92 -31 43 48 67 
4 9 -88 46 -68 -51 -23 -25 -129 -134 -1 -63 4 44 -8 -152 
20 91 -141 -71 -66 -32 -1 -108 -24 -51 3 117 30 -95 121 -57 
26 64 58 -24 -41 58 19 48 -118 -22 7 -55 3 -187 -113 173 
-135 -156 15 -1 122 44 123 -65 111 -14 -7 117 -171 -32 -52 23 
-61 12 -101 -16 98 -69 -105 9 -37 -58 -51 9 46 92 46 -1 
176 46 -241 131 -41 -75 -69 110 60 -73 -8 -1 75 -27 -30 84 
9 27 -32 20 -47 -93 10 74 -78 164 -4 -35 -40 37 38 4 
-149 83 -109 79 -37 59 21 227 -47 -21 108 9 -69 -115 -30 36 
116 140 -80 16 125 109 60 -34 52 76 -56 -34 27 -5 -5 -31 
-102 -91 78 -40 -118 23 84 14 103 -37 -70 -93 14 17 -41 -160 
69 -84 167 47 -25 -194 13 -15 162 21 -101 64 94 116 116 -39 
-82 -105 -134 -81 -49 4 -24 25 -105 -14 92 7 113 -113 -54 53 
-130 -87 -21 -103 -175 51 -12 62 -3 -78 94 2 111 -112 129 20 
7 -17 26 70 48 14 1 120 140 -21 105 -8 -46 -76 -74 -78 
104 12 100 -24 -8 53 -95 -181 41 -34 -82 94 -66 0 140 -27 
-43 178 79 3 -94 91 116 32 134 -109 -51 43 -128 10 -166 15 
43 165 35 -76 -35 21 29 -86 -28 176 21 34 -39 254 -146 42 
131 199 -80 166 194 -6 -125 129 34 166 -68 -245 -54 54 136 142 
51 -100 -97 74 98 15 177 36 130 -100 55 31 56 25 -42 -53 
-79 4 123 -190 15 -223 -103 72 -92 -45 -33 -60 70 92 7 145 
-77 -13 -163 188 -37 201 30 -96 229 97 -54 149 34 -139 140 -62 
126 207 -80 -204 104 -19 1 -8 167 -29 -28 124 16 101 -39 99 
-100 -94 -102 87 89 -4 29 45 -208 58 -211 232 -33 -170 1 70 
112 -76 189 88 71 -21 62 4 -52 -40 -47 47 -78 21 -68 55 
-88 -64 -36 -45 -17 36 -63 30 212 -85 -112 96 -89 127 -65 -41 
-17 172 155 123 -54 37 22 -179 206 69 -61 67 -66 -51 -96 10 
83 152 -166 46 140 10 79 208 119 -6 96 14 35 51 -104 88 
56 -63 -17 -148 92 -76 -3 149 165 -273 -5 -9 107 75 -21 7 
-16 -42 58 178 -121 7 93 -118 30 -25 126 -105 -168 -41 22 37 
-70 138 -168 -299 -140 67 168 189 -28 -288 -14 136 169 70 50 -186 
150 193 203 140 -72 -14 -189 -87 -148 -157 17 -249 147 -91 93 276 
-129 107 -209 -158 60 -98 175 -145 149 -193 -22 224 -270 98 -4 -90 
-97 -97 279 12 -409 -98 174 26 -256 -18 -248 -68 -43 107 266 -214 
67 -263 -1 -114 -56 251 90 166 291 166 16 -177 217 -60 -266 244 
-16 -5 -218 -213 69 121 139 -252 -9 22 47 -99 -339 -254 121 76 
-169 45 -160 9 247 -105 -90 197 80 -82 -73 96 28 142 254 170 
-147 172 -149 177 -30 -147 39 164 0 0 0 0 0 0 0 0 
-101 -135 -46 93 231 -11 -63 -169 160 -20 37 -115 -34 -32 41 110 
101 114 -134 67 296 -192 -159 -88 115 65 162 168 -90 -103 44 -55 
79 131 -326 -11 -154 -102 -54 3 37 -36 -17 162 25 -118 -162 -245 
33 -107 78 45 49 22 -71 -39 47 96 37 -77 62 19 131 -64 
92 -160 -66 39 -174 -25 186 -81 -226 133 -341 -32 -7 -156 166 257 
-127 77 210 96 100 99 -33 177 14 -36 -24 -53 136 157 29 -193 
8 -165 3 -85 66 -67 70 55 91 -36 124 78 -242 -20 58 -211 
-165 105 -60 -26 -146 71 -27 -177 0 0 0 0 0 0 0 0 
-148 -7 -25 -206 86 -87 11 25 124 -49 32 -247 82 -267 279 -138 
405 75 212 13 210 60 107 171 231 -71 114 155 -132 -39 -248 190 
-142 69 88 -23 51 86 173 -40 -57 -147 -94 -176 73 -281 87 63 
-200 -157 -52 110 -34 -136 50 167 -204 -189 178 122 -103 101 -15 223 
33 128 -70 -115 11 -84 -57 59 121 -181 -87 16 111 29 20 -91 
153 127 5 -4 -116 -91 75 -100 -157 340 174 108 254 -142 40 -383 
76 12 108 -106 51 55 3 185 101 -93 -87 54 -20 -148 -114 51 
189 -130 -151 11 -120 -42 -30 -173 0 0 0 0 0 0 0 0 
-183 33 -3 -49 156 -108 117 -94 182 -99 -36 -57 137 68 86 -27 
68 -68 -66 -19 -26 16 103 67 0 -20 114 170 -135 -113 90 6 
-63 -129 -80 101 -84 -1 -7 30 -167 -91 10 14 151 80 27 61 
-196 6 -96 -84 224 28 -11 -22 17 54 -104 -62 18 98 -64 -78 
-59 -120 -39 1 -37 -199 -25 127 10 -76 185 -123 63 6 -90 30 
-6 -116 -99 -133 -238 18 -69 158 61 -256 37 -177 99 24 -34 -11 
-4 161 -17 -183 13 181 -4 -67 -11 -201 51 121 -138 89 -139 -43 
-7 -13 -85 42 -122 103 -116 -86 3 13 -4 -6 -58 -4 -141 70 
-7 -57 80 -80 93 -60 -35 -37 94 68 41 51 161 21 32 1 
-90 84 226 26 -208 180 -109 -109 127 253 -47 108 -205 16 -85 -198 
-51 -82 0 -25 124 -204 20 76 14 -28 -18 -8 -99 -73 -217 -294 
-177 88 7 -134 32 65 -108 0 23 -62 -3 73 63 52 -212 -215 
-62 -4 -72 -6 152 -92 225 -20 12 -42 -52 228 -124 -69 -146 -72 
1 -13 -52 -99 -21 -137 -26 -98 -63 128 -2 -31 -49 47 156 86 
-261 59 -88 41 45 112 -118 -197 -207 52 120 260 177 141 84 120 
-110 -55 -34 73 115 8 -26 -36 171 58 -112 -4 -33 -148 -133 -171 
-132 -101 121 -151 221 41 -111 106 -14 -37 82 170 -30 -253 127 91 
30 -127 -160 -272 26 -222 20 -95 170 24 -67 -75 -141 -93 -126 -75 
-78 -145 37 -13 7 -205 153 -39 -134 77 -162 -78 -133 -22 -9 -58 
111 -30 -118 -45 -7 -88 -116 -97 139 -154 131 -46 -59 43 -81 -32 
-82 67 70 50 105 -168 122 144 130 12 -95 -80 51 -45 -151 21 
72 47 35 1 55 120 -36 64 191 7 45 31 118 -49 -119 152 
-189 -52 -32 -124 -37 -20 61 5 -46 -41 -84 18 1 -38 56 4 
37 -36 58 -2 -20 -13 182 -71 29 46 -22 176 -255 -137 -43 73 
96 150 212 63 45 50 31 -142 168 0 170 80 -55 170 45 96 
-138 -44 22 48 18 158 81 61 -65 -87 -17 23 -63 -18 -134 81 
-82 -22 93 25 187 80 -102 43 -13 -48 136 0 -46 -77 42 -74 
-52 6 -82 13 42 -29 40 -66 -74 -78 -161 -17 31 93 -55 -78 
29 3 -105 -57 55 -76 9 43 23 -36 18 37 -22 54 67 104 
-20 107 -87 50 6 -46 48 21 30 -13 61 25 -29 54 60 -47 
15 78 34 46 -25 16 -85 64 -7 -48 115 4 -119 31 -86 -32 
49 51 -66 104 17 107 -26 50 -45 -36 -11 -28 -49 131 66 -14 
-24 -90 -169 30 -16 -96 -3 86 18 -8 -41 -96 -38 -14 -6 -5 
-16 0 62 35 -102 18 -63 33 -10 45 3 -40 -45 73 63 53 
49 72 31 47 67 51 23 77 49 33 5 -55 -37 50 -18 36 
60 66 -16 -14 44 23 -40 -30 35 -8 21 11 116 -20 50 57 
36 -42 92 -11 -21 -16 61 -48 28 -49 100 35 38 76 -39 -131 
3 -48 37 -145 -27 -66 -38 67 56 39 -42 -32 -13 -98 47 15 
-21 48 -16 91 166 91 70 38 75 18 30 62 -9 -99 -71 45 
-27 -129 -107 72 57 -40 58 -26 -19 -85 57 0 -41 35 81 -2 
32 65 18 64 -51 42 32 -17 -21 53 -28 -99 -10 -41 31 -111 
-28 19 -2 -7 3 25 -65 50 -55 111 -2 136 99 -27 -35 -2 
25 -40 -68 14 59 -23 44 -32 -86 -60 19 -45 -41 -60 -69 92 
96 -53 -25 -39 -2 -26 -85 -21 -40 22 26 13 -4 -92 51 -44 
-73 -25 23 30 -39 48 -8 -68 47 -37 51 -1 -56 41 -45 50 
-60 -89 7 1 -52 73 45 90 40 132 -10 76 18 -82 86 35 
57 36 66 -111 -40 -77 -81 45 -105 104 -60 55 13 97 -34 10 
-19 2 71 12 -56 -111 15 0 156 94 66 -70 -5 47 154 29 
-42 97 199 0 104 38 -228 -73 -72 51 20 22 -104 -42 63 29 
46 4 45 105 36 66 -103 21 20 -58 -96 -18 -21 112 121 -88 
-43 -55 -19 -2 93 -26 -5 60 21 -18 1 -49 63 52 95 69 
37 -31 -108 33 -5 -34 72 -25 -53 31 9 79 -53 129 -11 15 
-71 13 -8 16 49 50 -39 -73 -46 64 47 -20 -46 -49 -39 -51 
62 56 27 20 62 -120 20 26 -86 83 14 154 84 90 107 66 
-17 -95 -96 -54 68 -87 21 -26 -46 41 -31 37 -98 -108 -133 -61 
172 -52 -82 -57 65 -16 -111 6 137 -21 79 -36 -107 -112 31 -72 
45 92 -52 53 94 115 -1 -88 69 49 -31 -62 -52 -85 7 -66 
59 40 49 47 75 2 90 -41 100 59 -15 20 87 101 -59 -49 
40 44 52 21 82 -16 -10 -131 9 144 4 -58 20 105 117 -30 
64 50 39 36 80 50 -82 73 -126 -49 -53 -2 148 -78 2 57 
-9 28 -111 -152 74 -41 47 35 51 47 44 44 -45 -115 5 11 
82 -40 62 53 -97 -47 6 -110 -167 -54 156 -81 80 26 -44 90 
-57 -3 20 -88 60 -3 101 -71 -30 33 -14 77 -16 41 -52 -17 
19 -63 -16 -115 100 -12 -25 -76 36 -34 0 -81 -42 -20 62 -16 
-28 -32 -60 61 50 -14 -13 20 -75 -101 -2 -72 8 30 -133 -22 
56 -48 22 -4 -40 0 -93 59 29 11 99 88 -50 18 -20 36 
-21 31 52 -50 -95 -57 87 -96 111 -47 50 -42 -113 -71 17 15 
-97 -47 -119 -66 28 30 70 -7 -32 -9 -134 -15 -35 -30 -102 85 
116 -49 70 -78 -18 4 47 99 66 64 81 -78 -23 -129 -35 60 
-82 42 66 58 -64 -11 -9 75 -32 -15 -55 68 -10 17 63 -22 
-4 -21 11 -14 17 4 -72 -64 -114 -42 -49 31 152 -53 -58 90 
-109 -89 -104 -60 72 -16 103 -6 42 -116 109 36 27 -17 -67 -67 
-61 -20 83 -72 -125 -100 -47 -48 -26 -23 87 22 -19 63 73 -29 
-62 -56 30 -28 53 -54 -16 24 0 91 64 -20 17 -21 33 -50 
-99 70 -121 0 60 12 -77 32 194 23 -36 34 113 59 -59 -18 
53 47 -27 40 107 4 -13 -75 -74 -70 -59 -16 -93 -24 -20 -23 
79 83 -17 21 -67 -60 27 19 59 70 -102 59 23 -22 -8 -23 
45 -21 -31 33 -21 6 41 9 -172 60 -57 -38 26 -26 -55 18 
9 -69 -85 -68 -30 153 -76 0 -40 9 22 7 -41 -53 -2 -9 
-10 -98 26 78 -142 -52 -86 -59 38 61 23 115 -19 -101 -6 58 
-132 30 -75 14 2 98 5 47 1 36 2 -57 3 -31 80 0 
49 40 50 27 68 -24 30 66 7 88 94 117 23 -106 97 44 
-126 96 -55 -56 12 -70 -34 114 31 67 6 -14 2 112 65 68 
-39 95 -27 58 -87 146 55 -69 40 -1 -33 19 -48 -15 45 16 
62 48 67 -63 48 -54 43 56 42 -36 -3 57 -98 -48 -1 112 
-25 -175 15 -119 -63 53 137 -85 -9 29 -47 7 15 -48 -48 -105 
23 69 84 -17 21 25 49 35 -61 97 -95 -15 48 62 92 -3 
12 77 10 26 89 -35 98 -22 -37 41 -15 27 -142 -54 -3 -57 
-68 41 14 41 43 -48 138 68 -21 -69 -50 -31 2 -1 3 32 
-6 -14 53 -62 31 -68 45 117 -84 113 128 -38 -13 45 -48 54 
-54 29 -35 -154 57 -69 145 77 -45 -12 -115 56 -33 34 -55 11 
55 52 -51 45 125 -127 22 -11 77 100 55 -35 -29 -40 7 42 
-35 -29 -109 -52 62 44 -64 132 77 -36 4 -37 -18 42 -40 7 
1 30 49 -62 10 -49 -65 -72 109 -36 -36 -17 110 54 79 29 
33 -9 60 2 -47 13 22 2 -38 87 54 55 -69 -70 -22 6 
-15 -21 -104 61 -79 -79 -63 -14 122 20 -9 57 -73 107 23 21 
83 118 86 51 74 8 -22 58 -49 141 85 -51 125 25 -50 77 
0 133 -98 91 70 -85 55 28 -68 46 60 7 63 41 -5 84 
28 -121 -141 28 76 34 -17 -77 32 87 32 -73 -36 27 -56 54 
-60 27 111 -111 27 -22 11 -3 156 60 15 -75 105 -74 -81 21 
-10 -5 90 -47 -107 69 -53 -124 4 25 64 -119 -35 -104 -26 98 
46 117 18 -129 -22 -67 -115 68 -5 89 13 122 -53 26 -158 63 
-38 -15 53 83 108 23 -5 -117 -55 -86 -93 -91 53 -54 -99 -7 
-41 11 68 96 14 6 -29 -119 -34 -11 -176 -13 28 -4 7 207 
-11 75 55 20 -92 15 46 95 160 -73 39 -82 -51 -70 -69 58 
46 81 76 8 -8 78 -17 31 22 -50 122 47 74 44 -28 -24 
22 -25 -70 -109 12 69 14 50 -114 155 -54 -27 153 -102 -64 -82 
19 67 -29 70 19 127 138 14 45 -89 60 125 -69 29 19 144 
80 -157 -6 25 -74 -169 -12 20 -101 36 0 109 -26 -14 -27 83 
28 85 -86 -53 70 7 -13 -125 -140 -78 18 38 -13 24 1 73 
6 59 -82 -86 0 105 -46 -29 157 -46 5 -104 129 19 -102 53 
-82 -8 7 -6 82 -1 -110 29 100 -15 -17 -50 -44 52 -154 -133 
3 -26 12 -43 -110 -25 -104 116 46 8 -140 -97 51 38 151 28 
101 -40 -73 -77 -62 38 136 31 -28 -105 10 -26 -41 -22 10 -7 
17 -93 -15 -214 -41 -81 80 -42 -28 -114 -50 17 21 -64 42 95 
-136 -150 24 -9 74 -155 17 54 -72 26 -89 -15 -29 -96 -121 155 
2 51 118 -116 -30 28 47 38 84 -54 79 -15 -96 74 47 16 
-34 36 157 -152 -25 70 -76 29 29 124 84 -26 6 -89 -164 -151 
-40 43 38 -36 -98 -62 8 40 10 0 -16 39 -55 70 129 9 
88 81 -92 82 -116 42 -136 -50 34 -25 71 54 79 -150 -23 -2 
-113 0 26 29 -3 -95 56 6 77 -118 50 234 115 32 29 -22 
-54 0 84 59 -30 32 82 -44 -93 -52 -61 -117 118 -34 -1 110 
64 45 63 -1 -16 132 -51 16 -160 27 -78 79 -32 -21 10 -6 
-71 -2 -33 -58 159 48 31 118 128 137 13 47 16 -12 -121 2 
-91 57 9 72 -126 -102 18 52 -60 115 -154 -30 37 85 -28 -89 
-20 -218 -66 144 63 0 -1 19 -95 101 -66 12 -8 -24 66 68 
-128 29 -1 26 -21 96 35 35 -133 88 -50 22 -63 -85 81 126 
-100 110 -100 -32 -13 -56 92 75 -84 -99 -62 -76 150 -38 -69 2 
32 -37 21 15 118 30 64 22 -49 -95 -66 -43 58 -19 -62 -124 
103 -51 41 -12 254 -19 -56 -35 60 97 -59 31 -1 -98 -86 80 
-90 127 -9 -74 44 174 5 21 -126 -60 -77 -31 -55 81 -82 -115 
-55 37 -25 17 -83 -52 -34 -71 41 -84 65 -48 -53 -36 25 4 
-21 22 95 -14 -44 44 -168 167 10 1 -75 -173 -43 -1 160 87 
-116 9 42 -88 47 17 -29 -42 132 109 11 159 -52 42 119 63 
-77 90 36 -104 -107 15 -55 -136 102 7 40 -134 -79 -24 25 -4 
15 37 10 52 -23 -6 101 18 -44 -27 -25 0 26 21 96 -16 
-15 51 -5 -40 -5 -99 -42 -16 -9 43 -1 -35 39 -15 -37 -23 
-34 -48 70 -13 31 2 5 17 24 -9 -50 -42 -25 32 -31 -41 
-86 0 4 10 -29 -39 75 -6 9 32 25 -49 44 53 21 -45 
8 -22 4 -11 17 -18 -26 -8 -39 1 30 0 -58 -43 -2 52 
-23 -47 44 -15 -44 -38 0 -8 -12 33 69 -35 -37 -6 -16 -19 
32 -11 3 -67 19 44 43 -19 -3 12 17 3 -96 3 -18 -13 
-22 -34 -16 20 8 46 16 -54 -35 37 9 -50 -36 -50 -50 21 
-16 51 -21 -7 -5 32 11 19 84 8 -3 5 -105 -38 17 9 
9 -17 -55 -52 -20 38 -2 30 -56 -38 -33 35 12 17 12 -33 
16 -11 25 -4 -17 19 -17 -10 12 19 -17 13 -7 -51 48 -53 
23 -19 18 36 -16 76 15 4 14 14 5 -23 -67 -17 24 38 
15 -32 34 -14 -3 -31 -59 -11 -26 -46 -4 15 -36 69 1 -32 
-13 61 3 2 41 27 4 -10 -21 -11 -9 -4 10 -23 63 -30 
36 -17 16 48 -20 -20 -37 -8 31 -27 16 22 90 80 51 -27 
24 -8 -29 52 57 -17 -9 -1 27 38 5 2 35 -43 15 -25 
-3 77 -10 37 -28 -15 1 10 4 -18 21 20 -4 4 33 -30 
-33 71 7 3 -19 24 72 5 -2 -79 0 116 -7 -72 13 -15 
13 -90 -12 44 30 37 -27 -31 -29 -7 19 51 -39 -1 14 21 
-15 34 33 48 25 -35 14 -41 90 3 27 2 -75 -30 26 -31 
6 -55 -16 -63 5 -34 19 -16 0 9 56 23 -28 36 -16 0 
17 55 87 29 -8 62 40 -52 -64 -4 35 9 7 -37 -31 -4 
-2 -27 -34 -37 12 -6 9 23 -51 -31 -36 -21 35 10 -2 -25 
28 -18 -5 -4 -23 -32 31 13 -1 11 -16 31 -9 62 -56 88 
-24 20 39 -22 29 47 -24 -31 5 61 38 -19 13 20 -10 -29 
-50 -2 -39 -2 -22 -50 50 -7 -3 22 0 -16 -21 42 27 18 
43 8 62 15 -46 9 -1 -30 82 -16 11 1 -82 31 16 3 
42 -18 16 -26 9 -25 2 43 -1 32 -63 -17 -64 69 0 12 
-16 16 25 -14 -15 19 -48 -43 4 30 -20 -28 0 -7 13 -31 
-1 16 -32 -19 26 -9 -12 -19 -4 -12 50 23 28 -5 -13 33 
6 -2 17 29 -87 30 5 31 11 1 -77 -24 -48 -5 -9 -68 
9 -34 15 -11 -27 -21 8 -1 12 -3 -21 -43 33 -25 4 62 
-6 -35 6 -25 -18 21 -33 35 20 -28 -50 -30 8 16 1 12 
51 -1 21 24 -55 -19 2 -8 64 4 31 -81 9 -18 36 10 
-48 -13 21 -27 -30 -14 11 9 -4 37 59 -40 28 67 11 75 
-77 16 -16 -13 -98 5 1 44 -26 -12 13 -43 -16 18 29 80 
-19 109 5 43 -13 -8 43 9 39 -17 -28 6 -30 -3 52 -17 
-20 2 -4 18 -7 10 -39 36 -1 -88 26 -1 -14 -8 -39 27 
-40 38 -21 26 48 -5 53 23 -29 3 40 33 -89 35 -10 31 
-46 -20 -6 -33 24 -38 99 -33 -2 -6 18 47 1 23 12 40 
21 8 -16 -12 50 48 38 8 4 11 -14 17 0 -6 40 4 
40 35 -14 16 14 53 3 1 7 66 -11 21 70 25 34 38 
16 -107 9 52 -17 4 -3 -17 32 -55 -9 7 14 -6 -22 8 
-36 -8 -10 -7 22 29 60 25 -26 -5 31 18 -4 61 60 -11 
25 -9 -32 22 -28 30 -18 -59 -36 7 27 28 -17 -38 -23 36 
-5 5 -14 1 19 10 -61 48 -12 39 -9 -23 16 -49 9 42 
-27 -7 22 40 9 43 -69 0 26 -6 10 52 28 -5 -29 -31 
-21 31 102 8 23 37 -4 5 -57 -7 20 13 45 -14 -26 20 
17 78 2 16 12 13 -47 -50 15 4 -2 32 -14 -18 32 -24 
28 31 35 41 -38 -3 11 10 16 -4 26 3 -46 -23 -1 -23 
29 -9 27 73 -36 -33 38 -36 50 49 -27 9 38 -28 -23 -12 
-1 64 -32 21 33 1 -1 35 -50 -4 -6 -14 -32 -11 -15 13 
13 -34 -35 -84 -34 13 -5 56 -15 3 8 23 42 -4 -2 23 
-7 6 -11 45 -35 -11 51 30 14 -38 35 62 18 -10 56 18 
20 67 -2 38 65 33 14 -31 -19 21 -23 -19 -23 9 7 -14 
5 -31 37 -6 18 8 -1 -12 -5 -34 -31 23 -10 -1 35 14 
-11 -47 -17 22 -14 19 17 0 29 -4 7 15 -44 25 17 -3 
-4 -6 17 -1 -63 -13 7 11 -48 0 -38 24 -15 29 18 50 
9 -54 -58 -23 -63 45 -60 -7 27 39 28 -8 32 18 13 -13 
59 18 47 34 51 -16 -6 5 -12 -61 40 -33 -7 54 -3 -11 
-15 18 -40 -4 28 55 3 -10 -7 20 13 -9 33 -27 23 -32 
-28 9 6 7 -24 -22 34 -6 18 -7 -33 14 -13 -3 -30 13 
53 41 14 29 -1 24 -10 -19 -6 21 -8 30 -34 -10 -34 -34 
57 22 9 11 -5 2 -6 30 36 47 -48 27 2 20 33 3 
5 14 11 -60 54 24 38 -15 5 20 -24 33 0 -33 -14 -12 
13 -60 37 27 -59 -17 -2 -21 3 1 28 -12 -6 11 3 81 
34 -2 54 57 -74 18 -28 26 26 -8 -27 -55 0 -5 -27 -68 
-37 -2 -12 14 20 37 16 -27 23 15 -40 -7 62 -15 2 -18 
-1 -29 28 -8 -1 -25 -17 -30 36 65 27 -26 -53 -27 33 -25 
55 -10 4 61 -21 10 -21 27 29 45 -23 -19 -5 -23 -29 -1 
-24 44 15 13 22 -19 39 13 -2 -52 -8 -56 -5 4 3 -20 
8 28 -27 27 38 50 -5 6 -23 7 28 22 54 -17 3 -2 
-6 43 30 29 63 -7 -53 -22 78 4 19 57 79 40 19 42 
-18 -27 16 12 -1 84 42 1 -3 36 -3 30 -1 -44 39 17 
20 13 -14 0 -14 -21 2 22 20 33 -33 19 33 -9 12 -38 
-42 -8 21 13 -20 -8 36 12 -6 5 28 -35 -38 76 41 52 
-37 -23 16 1 -4 43 -41 14 1 22 4 -2 -34 0 -7 28 
61 -9 13 -4 86 17 37 1 31 68 51 -6 39 -51 -24 26 
-16 10 24 53 46 -36 37 -11 -32 38 44 16 -16 -9 4 -37 
15 4 56 18 -72 -4 19 -4 51 4 32 -28 0 -5 31 53 
-39 27 6 8 40 -73 2 -21 22 1 -31 -23 27 -56 2 30 
5 29 27 20 34 43 -3 -34 5 7 18 43 26 -7 10 5 
11 27 68 -2 8 22 64 42 1 -11 46 5 63 75 17 86 
56 -9 23 47 -4 -66 15 -28 62 23 15 -25 27 20 6 0 
15 -65 27 43 7 18 -55 101 -40 -35 -22 -35 33 -10 31 93 
27 25 19 -59 52 17 -50 0 13 31 42 9 -29 -3 61 26 
0 -49 -2 -9 -67 -1 7 35 -13 -24 31 -25 23 -25 68 -26 
-44 28 -18 14 -13 14 -6 18 -17 -14 17 3 13 -77 -1 22 
2 6 46 49 19 10 9 14 39 0 5 21 -29 -6 78 53 
3 -11 -55 40 4 -4 5 -34 -31 29 -8 46 -8 -29 -11 -40 
27 -20 15 -42 15 9 36 23 15 -18 33 4 -28 22 10 13 
80 11 9 -1 0 4 22 3 -39 -6 -25 20 -11 15 61 -16 
5 30 -4 30 15 5 35 25 1 16 -20 32 24 48 6 -9 
-39 30 -63 -9 13 28 41 69 71 -10 41 -49 -39 -7 46 12 
16 19 9 -6 23 -5 -33 -33 45 20 13 14 3 -28 -9 16 
-42 -26 -52 19 42 20 27 12 -3 -4 10 31 39 -22 -51 24 
29 -2 -7 45 54 25 36 33 -20 -34 20 10 0 29 87 -1 
21 17 -10 -14 46 -3 4 11 71 6 -5 -9 33 19 61 34 
-19 37 26 -37 31 -12 -23 42 9 -21 15 61 -34 17 8 11 
-15 -3 15 17 2 32 -25 7 2 47 -8 -32 -89 40 -15 67 
24 17 37 -3 38 -22 2 43 -11 38 24 5 -17 -60 -1 2 
5 -54 -44 20 -79 39 -17 24 74 -12 -68 20 -4 5 -6 -4 
16 18 -1 -1 -34 24 -17 8 37 -10 -20 -25 30 -1 -2 24 
63 -15 -28 -1 67 32 -7 38 10 -4 9 -50 -19 -2 11 -28 
-1 23 35 -14 -1 19 28 -25 -3 -26 7 51 24 -38 -30 -41 
-1 -27 60 -3 -5 32 23 4 1 42 -40 30 59 5 33 58 
0 32 45 -41 -6 15 2 44 8 -23 39 86 66 -6 19 0 
52 31 40 -7 2 -30 -41 8 14 26 -9 -76 9 6 19 29 
-36 27 -57 -30 43 54 17 -137 -13 -50 18 -77 11 -37 -40 -23 
-11 -73 8 -77 -26 80 90 -34 -42 -10 -42 29 -56 42 37 2 
-38 -47 -172 17 -79 80 -61 -18 8 10 -7 -13 14 57 -5 -76 
-12 -30 11 1 12 1 16 9 13 -6 30 -38 -29 -24 -67 17 
-60 65 -52 18 -15 -10 -39 -5 47 20 -61 -21 94 -94 4 -63 
3 5 4 -3 -6 -22 25 -12 -3 -57 10 35 39 -30 -82 1 
8 -6 -7 -12 -59 32 -3 -24 -60 -10 -104 77 98 -17 65 8 
-28 20 -29 -31 22 -1 18 -15 -44 19 -48 -8 42 -28 34 56 
-80 17 -63 111 109 10 79 18 -20 -20 1 37 91 -34 93 21 
17 -55 6 -53 -35 -15 -79 -22 57 -2 85 22 43 51 4 6 
-78 -2 42 -25 0 35 -53 16 -33 29 29 47 10 -115 44 37 
-8 47 37 -21 52 79 -48 -93 26 -37 4 85 -8 37 20 -58 
-16 -24 -8 -22 3 -39 -32 41 20 110 -128 -5 -63 14 -59 36 
20 63 5 3 91 -22 -27 -13 -46 -55 40 49 -16 16 -30 -11 
-45 111 36 -30 -22 8 -23 -13 -12 18 -48 9 -34 -27 -93 -23 
8 5 11 22 -66 80 23 39 67 -52 73 -37 44 116 -3 -60 
-44 6 30 56 35 -18 44 -54 14 -27 -48 11 -25 15 26 45 
8 -93 43 59 32 9 26 5 20 -29 119 -1 -9 52 -36 3 
0 23 29 -10 -38 11 -29 21 -81 46 -49 -6 -67 109 -3 -3 
-2 -7 -49 8 -63 -22 30 0 95 30 -106 -16 -99 -12 -68 39 
-164 -37 -25 25 -72 2 11 26 -22 -2 -27 55 3 -35 72 10 
28 45 -4 10 -60 -15 7 58 -35 -57 22 -74 6 42 28 -43 
-34 0 -55 -17 -26 22 18 -27 30 22 -1 8 2 -14 -21 -29 
39 44 -16 29 -54 -91 -63 29 31 51 30 -14 6 26 10 -87 
-58 -25 -53 5 12 -32 -9 22 -23 6 52 -2 -76 2 -71 -52 
-126 25 -56 3 -47 -4 55 -64 3 6 64 8 16 -58 -44 15 
-48 -46 -66 63 -39 -79 54 -40 -1 -38 -108 -21 -5 50 -33 -56 
18 -5 -20 -149 -95 -108 -44 31 30 12 -19 43 86 -36 -91 3 
29 40 -50 12 -31 -32 145 66 41 60 -14 -29 19 100 -3 59 
57 -13 -33 -67 32 38 -12 14 -49 2 1 -12 -56 20 -19 -55 
40 9 -140 80 29 2 -70 24 -61 -42 46 -96 -28 -31 32 52 
29 -14 12 -20 36 -4 52 21 -44 -9 -41 -71 43 23 -41 38 
20 -11 -15 83 -38 -71 -55 -31 -44 89 -48 -86 -72 -5 -11 28 
44 19 -41 -3 15 -2 38 -29 -37 8 -5 -41 -16 20 -60 -25 
-147 -68 -108 8 23 14 -5 26 -54 9 -13 -47 -85 -82 -1 28 
-92 -6 50 37 31 -73 44 -45 36 -56 -90 -27 -14 -4 -29 68 
25 -6 12 3 1 11 -6 -18 24 -7 -5 7 32 6 10 6 
2 -34 37 -13 -8 15 49 17 -21 36 -11 20 -19 2 2 -3 
0 17 -38 36 -9 -24 -42 -7 14 -4 -28 0 -1 6 13 8 
-11 -6 3 5 -28 7 -10 -6 -2 15 -33 5 21 -20 -5 -76 
-34 6 -10 24 -27 -58 -35 -3 -22 -12 15 -41 -30 13 -71 4 
-39 8 12 27 22 -37 9 -1 2 -24 1 1 -28 -37 -29 -6 
-7 9 -12 -21 30 25 -13 11 7 27 21 10 -19 10 -2 -14 
22 -20 -15 26 -2 0 -17 -24 29 22 -23 -7 0 -37 41 -11 
1 -31 9 2 46 -20 32 -22 23 -2 -1 9 33 -17 -7 -21 
10 3 3 -36 -29 -9 -7 5 33 -20 6 -13 27 10 7 -12 
-8 35 -3 25 -2 3 -6 -20 20 13 -2 8 41 38 11 42 
16 -14 9 -5 22 4 -15 1 29 41 30 35 -3 -2 -17 2 
-37 -27 -11 0 26 -14 -6 -7 -15 20 -16 3 3 -19 14 23 
-42 11 -3 -40 3 3 -15 -13 -20 32 19 19 -6 -1 5 -20 
-6 -18 4 -28 7 -21 -30 24 -19 -17 18 -19 27 -29 -31 -8 
-4 -23 -5 -2 -2 17 -37 14 2 -33 -8 7 37 -2 -7 -15 
-13 -9 -8 46 -19 -18 10 -11 14 -23 10 -20 32 -29 23 -55 
4 -41 29 30 -2 36 10 2 -4 -34 17 -9 0 -53 6 17 
-23 -11 -24 10 -9 32 21 -12 24 -7 -2 1 -1 -2 -29 -17 
24 27 -13 -6 -8 -19 8 -15 7 9 -5 -37 -45 -6 46 8 
-65 10 -31 6 -1 24 8 -29 20 5 3 23 -2 -7 27 -42 
21 22 -21 0 36 21 26 -17 5 1 -15 -26 -7 23 19 13 
-25 7 -18 -20 -15 -29 -4 -14 31 33 -15 -17 -29 3 3 -10 
13 -27 25 18 -36 15 22 -9 25 4 33 15 -15 17 -2 -11 
4 -4 0 5 3 -41 -5 -8 -13 7 20 -3 -15 40 15 2 
14 -5 18 -1 32 -27 5 18 -20 -4 -12 13 -12 -34 -12 15 
-21 -8 24 -5 11 -6 -9 6 15 -8 -14 -32 13 13 8 -26 
24 -4 13 -29 4 -11 -18 -30 -17 -12 32 -1 -36 -33 -7 11 
-17 10 11 4 -14 -19 18 14 19 28 1 -11 4 6 -6 19 
20 32 23 -22 -49 22 5 2 19 5 -10 26 -12 17 -2 -23 
-31 6 -16 9 -8 19 -42 -13 -2 7 27 -4 8 1 6 -10 
29 -5 -9 -12 -27 -4 3 -13 -13 -17 -12 7 21 -35 -8 3 
-5 0 -47 27 -8 4 21 34 0 -4 -17 -18 16 0 -3 -35 
-4 4 -8 29 24 18 -1 -37 3 -4 17 11 1 2 22 -17 
-10 -4 -3 -10 -8 18 -16 -5 20 -11 -15 54 8 21 -4 24 
48 24 17 -51 15 -26 -7 -1 -21 20 -7 -43 2 21 13 4 
-10 -20 12 28 -70 12 23 -49 -88 -34 -77 -74 -33 -22 -8 7 
-2 -25 -41 24 -34 -39 -36 26 29 21 5 58 -15 -65 32 0 
-24 -48 15 15 14 -25 6 -82 -10 -26 -15 -52 -17 27 -11 57 
16 -29 54 -16 -2 46 -45 2 -57 -46 -16 20 -10 0 -48 -35 
-67 -51 29 44 -25 -32 38 76 34 -11 45 1 9 16 31 -63 
13 42 -28 23 -3 8 -51 10 -16 13 42 -46 -13 31 -21 -16 
18 -113 -39 -15 56 31 -19 -79 79 -79 -65 19 79 5 19 -25 
-110 1 -28 -36 119 20 22 38 -40 -9 -78 64 -7 13 -2 -37 
58 -14 -29 59 26 -16 19 -101 27 -8 35 65 8 34 34 -28 
11 -1 7 -27 20 -3 10 -39 -23 -23 24 47 28 -26 2 -11 
-79 -24 -30 123 -9 35 -6 20 -38 99 25 -45 38 29 16 -58 
21 -15 -28 15 26 106 -2 93 -22 14 45 82 22 20 -43 -29 
-38 46 -10 -64 25 -24 26 -71 12 57 17 66 5 -50 -39 -42 
35 -74 24 81 51 -42 -48 8 -25 169 9 46 18 57 -15 -58 
-7 -23 28 -7 39 18 -16 -34 11 -12 -32 -6 6 45 -67 -52 
-1 -5 49 -50 14 40 -30 14 -3 11 -3 7 64 15 -42 -4 
8 -104 -27 20 -54 -8 72 -18 0 -24 -34 -40 -7 16 -16 -16 
13 -27 65 6 39 -23 -49 79 -56 -46 100 7 25 15 -6 77 
-7 -4 18 -13 10 61 -30 -76 20 7 -74 37 -34 29 5 -62 
-26 1 -26 82 -79 -30 13 -33 66 -23 5 21 -37 27 -34 -3 
-92 -53 -56 56 -32 -43 -6 -36 3 44 4 27 25 19 -8 -51 
48 -21 -15 -77 29 58 -23 -44 -10 -29 -28 -18 66 34 -5 14 
-12 -24 0 -18 17 5 -22 -3 -24 -59 -50 8 14 -62 -12 -43 
25 10 57 33 -59 -6 13 4 46 -7 37 15 3 52 25 -47 
27 -23 -66 -32 25 -36 -25 -1 18 74 52 -54 2 -16 -74 -8 
-32 -114 34 13 -26 15 25 3 -143 -67 17 -21 28 -49 -44 13 
27 -77 -75 -18 90 -47 -22 -28 -23 13 2 -16 62 36 -25 9 
-25 -21 -7 -7 37 -51 -20 36 -31 -42 -40 -48 111 -47 32 -28 
-49 11 -16 -7 -27 7 34 -27 44 109 7 -25 -2 49 -40 48 
2 60 47 -16 114 -6 -9 -26 -42 -3 -35 87 -11 52 -38 40 
-7 11 -90 13 1 -22 -62 22 -111 -3 -64 5 -45 -1 -47 56 
18 -20 -9 22 -63 -62 -64 -33 9 13 14 32 31 -40 21 103 
-25 28 14 -43 9 22 -52 26 -38 80 -97 -48 -28 4 -45 46 
38 32 35 31 47 63 -58 1 -31 -48 50 -82 -64 -46 4 -65 
-22 1 11 33 -25 0 -45 -9 -77 27 -33 -6 -24 20 -37 38 
-4 8 -4 -14 -12 -15 18 -11 -52 26 14 -5 42 43 -53 58 
7 -3 2 0 80 16 0 18 81 31 42 29 -1 -68 8 -36 
-8 0 -15 2 -1 -1 -74 -1 0 -9 -10 6 -24 -39 3 2 
85 12 6 20 33 -10 93 3 -28 1 -29 -21 -80 -5 57 0 
-26 0 30 10 -2 -1 0 20 -112 14 -40 -3 -138 -27 75 29 
82 1 48 55 -5 71 33 -45 25 0 -33 -1 -51 50 100 -8 
-29 -41 3 100 -93 6 -2 18 -1 -5 14 0 55 13 -76 0 
-3 -14 32 -8 -1 -2 3 19 -15 -44 -17 -49 -33 -13 -43 4 
-28 30 12 86 10 8 12 30 -3 0 23 119 -52 21 38 19 
4 10 1 2 7 1 -79 -16 13 13 1 15 13 -7 39 -8 
15 -6 40 6 -1 -11 -20 -21 2 7 -49 88 70 7 3 32 
29 26 -8 26 -5 2 -3 -1 10 -6 -25 19 -80 11 -31 -62 
-46 -8 -2 -31 7 4 -20 -87 10 -89 48 -12 -7 -32 0 -19 
90 -11 -4 -58 8 -5 -23 56 -15 -2 0 21 19 22 1 -1 
3 -13 -98 -47 10 12 0 41 13 5 1 -38 57 -2 15 -45 
-2 0 24 -18 1 -25 4 -115 -88 -6 18 8 -16 9 9 41 
-21 -6 3 -18 -15 32 20 31 -148 28 71 -16 -12 -8 -1 -11 
-23 -115 3 -4 39 0 16 17 -23 21 1 -71 5 106 -70 -54 
14 -15 -9 68 -8 65 -12 25 85 4 66 -18 -15 3 69 -6 
10 0 8 29 -21 14 -11 -30 16 -121 6 -4 -111 38 -8 -5 
-1 51 -15 15 -66 18 1 0 -8 -10 -6 10 -68 11 -8 -2 
-2 -5 -2 -35 -2 -12 16 -31 49 23 -29 9 -17 -13 19 26 
-12 -4 71 -50 2 -50 -8 -24 -21 -6 0 -3 -3 -5 0 7 
-35 8 19 4 -6 -18 0 6 8 -30 -38 17 -42 18 78 -33 
-13 86 5 11 7 17 -32 0 -8 30 4 2 -45 2 -36 -26 
60 93 8 3 58 -1 -3 2 -19 17 10 0 0 -28 -4 -21 
-25 7 -1 24 27 9 45 -3 -66 6 -2 0 -6 94 24 42 
6 3 -44 -43 -1 -12 -2 -43 -3 -36 -8 -33 -72 -32 -49 28 
14 -31 2 0 32 -32 110 -8 8 -70 1 0 -25 4 33 0 
14 -5 0 -15 7 48 30 0 14 -3 86 -4 5 3 -28 4 
24 -6 -17 26 -21 -1 4 22 21 10 41 -63 25 -2 85 52 
45 -24 -60 33 -19 -29 0 -4 34 0 17 -2 -6 47 -23 24 
10 -2 -40 0 -7 86 15 -13 -4 -8 49 -14 32 5 -21 -13 
7 7 -16 -86 -4 0 -10 -15 0 -35 18 6 0 13 -66 -35 
10 89 -22 0 -58 -8 -75 -11 -7 0 11 -135 4 -55 8 36 
33 13 -5 0 10 17 -9 -10 -38 -17 57 -1 -6 2 -31 -35 
5 14 14 8 37 -2 8 7 -107 -61 -5 -1 -2 -33 5 32 
4 44 1 0 54 -2 0 50 22 -41 -28 -32 0 -8 17 -2 
0 0 15 0 0 0 -10 0 0 3 0 3 -36 57 -1 0 
2 -9 19 9 4 -6 10 21 -58 0 -4 -5 20 -1 -10 0 
-11 0 13 44 0 0 0 -22 8 -1 15 2 9 20 56 6 
-9 0 -19 92 7 -38 37 -37 -4 0 -5 1 -20 11 24 -16 
-8 -17 7 -32 -7 -5 -10 -30 -48 -4 8 0 -8 34 28 0 
2 -4 -66 1 0 2 -8 -4 6 -27 -1 -10 25 0 -1 0 
13 -34 0 -8 19 3 1 1 2 0 9 27 23 -16 -26 -16 
0 -13 1 5 -6 -1 -15 -14 19 1 8 2 -52 -9 0 -22 
-19 -2 -6 35 -18 -13 -1 -36 0 -1 -19 -21 18 -2 -23 35 
-3 -21 11 -4 11 -37 3 -1 6 -1 36 -30 -6 0 -15 5 
-9 -7 -5 -52 -8 43 13 -20 34 -3 7 4 16 33 0 13 
37 -60 -24 -24 -6 -38 4 -18 34 0 0 -8 -9 0 -7 0 
4 -1 -9 -23 -5 14 0 -54 8 -1 2 7 13 -1 -36 -13 
-1 0 -4 5 0 -4 14 28 5 1 2 -5 -8 1 1 -14 
4 2 8 -11 -21 -1 32 -3 -23 28 -25 22 0 11 0 59 
-19 -9 0 -5 28 0 -14 3 -1 6 0 62 -1 6 -12 77 
8 0 2 37 -1 -15 -3 31 5 -1 -10 -9 -1 0 1 9 
30 0 3 25 -22 5 -7 38 -12 -44 0 0 -5 13 23 1 
7 6 -19 -33 -34 45 -51 0 1 32 8 12 -7 0 5 3 
-11 1 -3 -1 0 37 -47 3 -8 -7 4 6 4 23 -17 -28 
-13 8 22 28 1 38 -1 -40 6 -32 0 37 0 -4 0 77 
-7 1 0 1 34 -19 -1 54 -28 -9 20 0 -32 -2 0 13 
-3 -49 6 -3 0 -6 -16 -2 0 -17 37 -1 31 6 -20 21 
11 38 3 2 16 1 19 13 -9 2 -4 0 0 7 9 7 
45 -10 6 1 -2 -6 53 37 -11 0 0 -2 1 -69 -19 27 
3 1 -9 -16 0 -4 -51 7 -12 -57 3 -11 -22 -14 -36 0 
-4 -36 -26 1 17 1 -24 -6 27 -21 0 0 12 5 1 0 
1 -1 0 11 -15 -22 -14 0 28 -28 -11 2 -24 24 45 2 
5 10 -18 -32 -21 -7 26 15 -32 20 50 19 35 0 35 11 
-3 -27 -11 -11 -18 -30 -5 -29 -2 0 -10 -39 44 9 -25 43 
45 -2 -18 2 4 29 6 -3 3 1 1 -13 63 14 -3 2 
10 0 33 -15 2 -2 0 -14 0 -4 -6 42 -3 -5 26 18 
-9 27 5 0 -45 9 -24 9 -15 0 -21 -55 3 20 -4 -3 
19 2 2 0 3 -7 -2 -49 -13 -1 -27 -9 43 0 43 4 
-21 1 -13 24 -4 -2 -2 -1 -20 -11 3 0 6 28 7 -17 
2 -15 1 0 -47 0 0 -2 13 -2 1 -22 0 -1 -3 6 
3 0 3 -1 0 0 -2 0 0 1 -3 0 6 -8 -1 0 
0 -2 30 4 3 -36 7 31 40 0 0 21 -34 1 -24 0 
-2 0 -13 14 0 0 0 -7 -29 5 13 0 18 -13 9 3 
16 0 2 -36 -2 10 24 11 5 0 1 2 -3 5 2 9 
-1 -1 -2 2 -5 2 -1 15 2 -1 -12 0 -3 14 -14 0 
0 0 -4 0 0 0 19 -3 8 -3 -1 2 1 17 -4 0 
-6 23 3 9 -11 13 11 4 -2 0 -7 16 -8 -2 14 20 
0 -5 -1 1 1 1 -6 7 -3 -4 -8 -7 20 27 28 -1 
22 1 -7 -6 3 1 24 -31 0 0 10 25 -7 1 -20 -8 
12 8 7 -14 0 5 2 -1 -2 1 16 23 -12 4 6 20 
-15 21 0 -35 1 -9 21 -16 6 15 -15 1 27 19 0 -22 
-15 -1 15 20 30 37 -3 23 35 1 1 10 26 1 6 0 
1 20 -7 7 -8 23 0 31 0 0 0 3 -12 0 -5 -1 
-2 0 19 -9 0 15 6 19 4 0 -9 5 18 2 9 -5 
6 1 30 11 8 15 -9 -6 1 19 6 29 3 0 0 37 
6 4 0 7 2 0 10 -3 0 3 0 -12 1 19 12 -20 
7 -2 26 -44 0 -7 17 -2 -10 0 1 11 1 0 -5 4 
-17 0 25 29 22 1 1 -26 -1 19 2 0 -17 -22 10 -1 
3 -11 -10 13 -2 1 -15 0 0 3 -8 -3 16 2 14 0 
2 -1 0 23 0 30 58 -5 -7 20 19 3 0 21 -25 3 
5 12 -5 -32 0 -9 0 2 -5 -18 0 8 0 2 0 0 
13 3 3 0 -16 17 -3 -13 20 -28 27 -1 -32 0 -1 15 
-3 20 1 -2 0 1 15 2 0 -6 -15 0 -17 -19 -5 1 
-6 2 1 1 11 1 32 2 0 -3 2 0 0 23 0 17 
-17 20 0 3 -4 -2 7 -22 -9 -1 0 -1 -1 -2 14 1 
2 0 10 21 0 2 -31 -16 0 8 -3 4 -27 9 9 2 
-5 38 -12 0 -17 -3 -38 5 2 12 0 0 22 6 22 0 
2 -1 0 5 14 5 3 0 30 36 -13 0 18 -6 4 -5 
24 -3 0 30 -10 4 6 -10 -2 10 -17 -44 -17 0 0 36 
39 6 7 31 17 13 -1 -4 17 0 -1 21 37 12 19 11 
-28 -1 1 1 -4 12 11 -7 1 0 -10 -26 4 6 1 4 
-1 0 33 31 5 0 30 3 0 -8 -2 30 -1 2 15 -7 
3 -1 7 0 15 3 -15 -2 9 0 24 -20 -1 0 1 -4 
24 0 1 0 -3 3 -1 -10 24 1 9 11 17 0 7 -20 
12 8 41 20 30 19 1 -5 18 -28 0 0 2 -5 1 11 
5 22 1 0 -45 -10 0 -36 -59 -23 9 10 0 20 -11 4 
-2 0 -13 0 0 0 -11 -3 0 -2 -1 13 -5 36 -2 0 
38 -4 4 -9 6 -40 -15 30 -15 0 19 -24 59 0 -35 0 
10 0 -21 23 0 0 0 -20 33 -21 65 2 22 15 36 -7 
-49 0 1 25 -7 -1 -35 9 -13 0 13 -6 9 -16 27 -19 
-5 11 17 -44 4 -4 2 -73 -25 -2 -2 0 -5 -14 22 0 
-3 1 6 0 0 -3 3 -19 20 52 2 -16 -17 -23 -3 0 
-33 -27 6 -7 -7 -33 20 1 -2 0 -11 -2 6 10 -12 4 
0 -28 3 -4 0 1 -9 -52 -8 -3 -22 -7 -28 -44 -42 5 
-27 -2 -2 60 -27 8 -2 26 0 0 6 -28 -20 -7 -82 -58 
10 -19 -4 -18 -8 5 -29 2 -10 -2 -15 -26 -4 -4 19 25 
31 14 0 11 10 8 6 -11 0 69 -60 -2 -9 1 0 -26 
-9 41 -45 0 4 -65 0 -45 -33 0 -3 -17 -31 -4 -26 0 
-10 -22 1 -35 49 -52 0 -34 0 3 -1 22 -17 2 -20 -29 
2 0 0 -11 0 -42 -4 -33 -14 1 15 -13 -42 0 -33 -20 
-11 28 -52 18 9 6 -25 29 58 8 -13 -33 -5 -7 0 -5 
-49 -10 0 18 -31 0 18 -3 0 11 0 -33 4 -20 38 57 
-19 6 -1 1 0 -31 -21 2 -35 -1 -30 -11 -5 0 0 -22 
-19 -1 -40 -53 10 -5 -4 46 -10 48 0 -4 -9 -3 -6 0 
-56 -4 -20 -92 21 -32 23 0 2 -5 5 -5 42 -3 -19 -2 
-3 0 -2 -3 0 -14 -21 -10 36 -5 -6 -10 -5 25 -62 -96 
-10 -11 -55 19 0 -12 1 -42 1 -40 0 3 0 -3 0 -47 
-22 -4 3 -1 8 26 0 -19 -57 35 58 -8 48 10 -17 -12 
-6 -9 -4 -3 1 -30 -11 -1 1 -54 -6 0 11 1 24 17 
1 -35 -7 -1 19 0 -18 -15 0 2 -10 0 0 20 -4 -21 
42 3 -3 -3 0 5 -38 46 94 1 0 0 6 1 -29 -19 
-6 0 -2 -8 0 0 1 -37 -9 42 -7 48 72 -13 -14 4 
15 -20 7 -2 13 -21 11 -4 39 -14 0 0 12 -7 4 0 
-2 0 0 26 -24 -10 -1 0 0 43 -63 0 52 -18 9 -3 
-3 21 -2 -56 -4 -12 -2 19 16 -27 -38 62 -44 0 -17 18 
-40 -15 44 36 -3 -15 7 -16 -34 0 -2 9 -16 -28 6 -1 
-8 2 -42 0 -5 -40 -49 -5 -2 1 -37 4 29 -3 1 2 
-20 4 -6 5 -10 -2 -10 21 0 8 -4 -9 -1 -2 -19 -13 
3 -53 -31 0 -40 -7 44 -4 -3 0 -5 27 -2 -13 0 17 
-23 -5 0 0 -9 -1 2 -31 8 -6 30 8 10 0 12 -24 
-32 -7 -31 -2 -25 -54 -2 1 -2 12 -1 0 -2 -69 -6 -1 
-5 -12 1 0 -39 -4 0 3 8 27 23 -3 0 2 -20 8 
3 0 -10 -1 0 0 -11 -1 0 -3 -2 2 10 -19 3 -1 
-8 -4 13 -31 1 -42 -25 7 14 0 2 9 -18 1 -17 0 
2 0 36 27 0 0 0 -4 -39 -1 14 0 41 2 5 -6 
-12 0 4 18 -1 -3 -47 31 -4 0 9 1 0 23 25 -6 
12 -49 -22 -3 -18 -16 10 6 -21 -1 -17 0 -7 -30 24 0 
-1 1 -6 0 0 0 16 8 -20 -11 1 33 6 28 -3 0 
-5 -31 7 18 2 0 -6 -5 -1 0 -29 61 0 -5 -12 0 
0 -8 -8 1 -1 0 -8 10 -2 -13 -21 -9 26 -26 -34 -8 
-30 0 0 8 -5 5 -15 -29 0 -1 -2 16 -21 -4 -45 -30 
15 0 -13 11 -5 -1 -16 -2 -2 0 -30 -8 -17 0 4 62 
-29 -47 3 -47 15 -1 30 -57 9 -4 -20 2 -32 -12 0 -13 
-16 11 -8 -3 17 50 -2 25 -47 2 4 -20 -5 -1 0 0 
5 -41 -14 1 -18 -30 0 30 -4 0 -1 30 -23 -1 -4 -13 
-4 0 -15 -26 0 -24 -6 0 15 1 7 25 -19 -1 -19 15 
0 14 -20 14 20 13 3 -28 30 -16 -13 -16 1 24 0 -28 
-32 25 0 -5 -8 0 0 0 4 -31 0 15 -3 47 -2 5 
15 4 -29 -28 2 7 28 -27 6 0 -10 -3 -10 0 6 -27 
-9 0 -26 64 11 -5 4 -1 1 -11 5 1 -27 -25 5 0 
4 19 0 4 -6 -3 -44 0 -2 -23 -7 -1 0 -2 -11 -1 
0 0 -1 -36 0 -35 62 -1 14 -3 13 -8 1 24 -9 19 
8 -7 13 -13 -1 -3 -2 -32 -5 -51 0 -43 -1 -14 0 14 
-1 -7 0 -2 -6 56 -3 -17 -36 -9 12 7 -36 -5 32 29 
1 15 2 -4 0 -15 -18 0 -1 -11 18 -2 -12 -9 9 -5 
10 7 2 0 -33 3 -11 -7 1 1 -9 0 0 26 -3 -43 
-2 25 5 5 -11 -3 -4 -17 5 0 0 0 -3 -6 -19 22 
0 0 3 11 0 0 -56 -37 -16 10 -8 36 6 0 0 -1 
-9 48 1 0 -8 5 -37 -8 16 3 0 0 6 8 31 0 
3 0 0 1 17 -12 0 0 -46 -15 2 0 30 9 -3 -6 
-41 4 -1 -2 -33 5 -15 4 5 6 -7 -44 -1 0 -2 -1 
11 11 25 35 -9 -16 5 -12 -1 0 2 6 -27 -4 14 38 
4 -2 -11 -1 -4 33 -35 3 1 2 2 -38 16 19 -1 5 
3 4 -42 40 -13 1 20 -46 0 -2 -8 -19 0 1 18 15 
3 23 -42 0 -20 1 -22 3 -7 0 3 -39 0 -20 2 29 
-36 2 2 0 -5 -2 2 -6 -6 -4 27 17 -16 0 -13 16 
-13 12 -16 -41 -20 -9 -4 -6 1 -44 2 0 -4 0 -5 -4 
4 0 -1 0 -7 -1 0 4 -1 -6 13 -2 0 6 0 -5 
0 0 -11 0 0 0 -2 -1 0 -1 -9 -2 -10 16 -1 0 
14 2 -3 -18 4 2 33 -10 -37 0 2 -12 25 1 -5 0 
3 0 18 2 0 0 0 -14 8 -10 3 1 10 22 26 -3 
-19 0 -12 13 -2 -22 -39 -2 -2 0 0 1 3 -23 32 -3 
-1 -9 -7 -18 -5 -1 3 -19 -18 1 2 0 2 -33 16 0 
-2 0 -19 -1 0 -2 13 -3 6 -7 0 0 6 4 15 0 
-4 6 1 12 4 -17 37 -2 -2 0 -2 0 9 4 -1 6 
0 -12 0 -1 0 0 -2 -54 12 0 -23 1 -40 -24 -24 3 
-18 -2 -6 24 3 1 6 5 0 0 7 4 21 2 -32 -13 
9 -5 -6 -12 -5 -19 -7 1 -2 -4 -31 -31 -18 -4 7 7 
3 -25 1 -6 2 19 6 21 -14 17 -24 -2 -18 -10 0 3 
18 6 -9 3 -9 -8 4 -5 -25 0 -1 2 -10 -2 -1 0 
-2 -29 8 -28 30 -28 0 -9 1 0 -1 -9 -16 0 -7 -12 
2 0 -9 -8 0 -27 -6 -19 -29 0 12 -3 -6 -1 8 4 
-2 16 -36 -2 -12 -2 6 9 2 -37 16 -20 -4 4 0 -39 
-22 -16 0 -8 13 0 0 2 -2 -9 0 -25 1 -6 15 41 
-20 3 -24 4 0 -4 12 -18 -12 0 -12 -3 -1 0 6 -20 
-2 0 -19 -2 -10 1 1 20 -1 -2 0 1 -3 -3 -6 0 
-24 19 -2 -7 13 13 -19 0 1 -24 -6 17 -2 -2 -14 0 
-4 1 -1 -7 0 -21 -10 -4 -15 -20 -3 -3 3 0 -26 -37 
6 -7 -7 20 0 -3 -1 -46 3 -47 0 -22 0 -5 0 -5 
-11 -2 5 2 7 -19 2 -2 -10 16 0 3 28 8 11 -30 
-1 10 0 -1 0 -23 -14 -2 0 -6 15 0 12 -2 3 -6 
28 7 0 -1 -18 0 -28 -3 1 0 0 0 0 -7 6 -23 
48 10 0 0 -7 0 37 11 8 2 0 0 1 -6 -7 2 
-2 0 -12 -14 0 0 -19 -5 8 8 0 34 36 -3 12 6 
6 -20 -7 0 30 -4 7 -3 9 -17 0 0 -7 0 18 0 
0 0 0 -12 -16 -2 -1 0 -31 -22 -10 0 11 9 27 -1 
-26 -9 9 -31 14 -1 -9 3 -8 0 -14 22 3 0 8 -2 
8 -16 -4 -9 -27 -28 3 -8 -12 0 1 10 -38 -30 10 8 
31 2 -27 0 1 25 -10 1 -1 0 -18 -2 25 0 -3 -4 
-3 -1 -34 -4 -2 -1 -13 -12 0 -5 -3 -26 0 -1 -21 -3 
3 -24 -11 0 -18 -1 14 2 -4 0 -17 -10 1 -38 2 40 
-24 -1 1 0 -1 -3 1 5 -3 -1 38 0 37 0 4 6 
-8 -2 -17 -17 -16 -27 0 2 -15 -22 0 0 -1 13 -1 -2 
1 -2 -2 4 5 0 3 4 0 -5 6 -1 0 -7 3 2 
-4 -3 -4 2 5 0 -4 3 -6 -2 -6 3 7 2 3 0 
-5 2 0 6 -1 2 1 5 6 9 1 -2 -2 2 5 -8 
-3 5 6 2 -5 -6 0 7 3 -8 1 -3 -8 -3 0 -3 
-1 -5 3 -4 2 6 -1 -6 -4 -6 -2 3 -8 5 5 2 
-4 -3 4 -3 2 3 3 0 -3 -7 -3 8 -7 1 -7 3 
0 8 2 1 4 0 9 -1 -3 -2 4 0 3 -4 7 1 
3 -2 -4 -2 0 3 -3 2 2 1 -5 -2 9 1 2 -3 
-3 4 -1 4 -3 3 4 8 8 2 -1 1 0 1 7 -7 
3 -2 0 8 -2 -2 2 4 5 -2 -3 -5 -4 0 -2 -2 
-6 -4 7 -4 0 3 0 1 -3 -8 5 5 -8 7 3 0 
3 4 6 -4 -2 6 6 -1 -1 -5 -2 2 -1 -2 -7 8 
2 5 -5 -5 4 -2 7 2 -3 -6 1 -10 4 -4 4 4 
0 -2 -2 -2 -2 0 -5 -1 -2 -8 -5 1 4 -6 9 5 
-5 13 -12 5 0 4 14 4 -1 2 -4 3 2 -10 0 -3 
-8 4 3 1 -6 -8 4 -4 1 -2 -4 -2 2 -5 8 -1 
-1 -3 -4 -3 6 4 -1 6 -10 -5 2 6 0 11 11 6 
9 3 1 4 2 3 2 3 -9 -9 -1 10 2 -8 -3 11 
-6 2 4 1 5 -4 0 6 2 -3 4 -4 -5 -6 4 0 
3 -3 -4 0 3 -1 -3 -1 -1 -4 -7 6 9 -4 -5 -3 
-6 3 -7 1 0 0 6 8 3 5 0 -1 0 -4 1 -5 
-1 2 -6 2 -5 -5 3 0 6 -5 1 -4 -5 -2 7 -3 
-7 -1 8 -3 5 6 -2 1 0 -2 3 7 -7 3 10 1 
-7 4 7 2 0 -1 4 3 7 -5 0 3 2 1 -9 4 
-1 -2 -1 2 3 -3 2 0 -3 -2 2 -3 0 -2 1 2 
1 -4 -3 -1 6 0 -1 5 -2 -3 -4 1 4 0 -2 3 
-5 5 -2 -1 4 1 4 8 2 6 -1 3 1 -1 3 -4 
0 3 1 5 -6 -5 2 3 2 -6 4 -5 -4 -4 3 -3 
-4 -5 6 -5 3 5 0 -2 -2 -4 -1 2 -5 3 4 -1 
-2 -1 2 1 0 1 2 -2 -2 -6 0 2 -1 -3 -7 5 
-2 1 5 -2 5 2 6 0 0 -1 -4 -4 2 -3 5 0 
-2 -3 -2 -2 2 3 -3 1 -5 -5 -4 0 7 -1 -3 -2 
-3 4 -4 5 -2 2 6 3 4 5 -4 3 0 -2 4 -6 
-2 4 3 8 -5 -5 5 4 1 -9 4 -6 -1 -6 2 -2 
-5 -5 7 0 6 9 -1 -6 2 -8 -4 4 -8 3 7 1 
-5 2 4 -3 1 -3 1 2 -4 -5 1 6 -1 -6 -4 3 
0 -1 -1 -7 3 7 8 7 2 -10 2 -4 4 1 2 7 
12 -3 -5 -1 15 5 -3 3 -1 -2 -5 -3 8 4 6 0 
1 2 -1 3 2 2 5 2 4 4 0 -6 -4 -6 5 -8 
-1 -4 4 -2 -14 -8 -2 2 4 1 -6 -14 -2 -3 6 -6 
-8 -5 11 -2 -4 6 -2 6 0 -6 1 3 -11 2 3 4 
2 0 10 -3 3 2 5 -7 6 -3 4 4 -5 1 -6 1 
2 2 5 -4 5 1 9 2 -5 -2 5 -2 1 -6 4 6 
7 -3 0 1 4 3 -1 -1 1 -2 -5 1 8 2 -1 -1 
-1 7 -6 1 0 -2 7 5 4 2 -4 3 -3 -4 8 -10 
1 8 -1 6 0 -8 -1 8 0 -3 1 -3 -3 -2 7 -2 
-9 -3 11 -4 2 6 -3 3 -1 -5 1 7 -5 6 7 0 
0 0 4 -1 -1 1 7 4 1 -7 2 5 1 2 -7 5 
-4 2 3 2 5 -2 2 3 -4 -2 -1 -4 2 -1 2 -3 
1 -3 -3 -1 2 -1 -2 3 -4 -6 -3 2 4 -1 3 1 
-5 5 -2 1 4 1 5 5 2 5 -4 2 -1 2 5 -4 
-1 0 2 3 -6 -4 -1 4 4 -4 1 -5 -3 -4 3 -3 
-3 -3 8 -3 0 5 -1 -2 0 -4 -1 3 -5 3 5 1 
-5 2 1 2 -1 1 3 -1 2 -4 0 4 -5 -4 -3 5 
0 4 0 3 4 1 3 5 -1 -1 3 -6 -4 -2 6 3 
4 -1 -8 -2 1 0 -1 2 2 -3 -3 0 7 -4 -2 -6 
-5 6 -5 5 0 -6 7 10 6 8 2 0 -2 -6 1 -7 
4 0 -2 7 1 -4 3 2 3 -2 2 -7 -4 -4 4 -7 
-2 -5 2 0 -1 8 1 -4 1 -8 4 4 -4 4 5 0 
-4 3 3 -1 2 3 2 0 1 -4 3 2 -3 2 -8 8 
2 -2 -4 0 2 -3 5 2 -3 -3 0 -1 -1 -8 0 1 
1 -1 -9 0 7 0 -9 4 -2 0 -7 3 3 4 0 1 
-3 3 -6 7 -3 8 4 0 3 5 -6 -1 1 -2 1 -4 
-5 -1 4 7 -3 -3 2 6 7 -7 0 -7 0 -5 3 1 
-1 -7 3 -6 8 8 1 -3 -1 -4 6 9 -3 3 6 0 
5 -6 1 -2 0 -1 1 -3 0 -8 1 5 -5 1 -8 3 
-5 -7 -5 -9 4 -2 3 -4 1 -6 -1 1 -3 -19 3 8 
-8 -6 -11 7 13 -3 -14 11 -3 -15 -13 10 3 -7 8 10 
-1 12 -2 8 -7 -2 12 -5 5 6 2 1 10 3 8 -1 
-8 3 8 10 -7 -2 5 -7 3 -5 -2 -5 1 -1 -3 11 
9 -2 10 -5 6 1 -1 -1 -1 -6 -1 -4 2 4 6 22 
19 -9 0 4 4 3 1 9 -23 -1 -11 4 -6 -5 -4 -1 
-3 3 -3 3 6 3 6 -3 -7 -8 4 -1 -2 4 5 1 
3 2 -2 -3 9 4 -3 1 -4 -2 -8 2 9 2 6 -3 
-9 -2 1 0 4 2 2 5 8 6 4 2 0 -3 8 -6 
4 4 3 5 3 -6 2 8 1 -1 -4 -8 -3 -2 -4 -3 
-4 -1 7 -4 0 7 0 -2 -2 -2 2 4 -11 6 5 -2 
-2 -4 4 -3 -2 3 4 -5 4 -3 -1 4 -2 -1 -9 7 
-6 -5 0 0 1 -7 5 1 3 -5 -1 -9 2 -11 4 -3 
0 -2 -6 4 9 -2 -10 8 -6 0 -10 7 0 -1 2 9 
-4 5 -9 2 -2 9 0 10 9 1 -8 -1 2 -1 10 -4 
-10 1 5 4 -7 -4 1 1 3 -10 6 -7 -5 -5 1 -3 
4 -5 1 0 9 5 -4 -5 0 -7 3 2 -4 2 8 7 
-5 -5 -1 3 4 2 3 4 -4 -10 -2 10 -10 -1 -5 2 
-17 5 -20 -9 -8 8 13 1 1 -6 2 1 -2 11 6 0 
-1 3 1 1 6 9 -1 -13 2 -4 -2 7 -7 -8 7 5 
1 -2 0 -2 9 7 4 -1 7 5 11 2 -1 -6 10 -7 
17 -1 11 1 -7 -7 14 -7 3 1 -24 -5 -1 4 -4 -8 
-19 6 15 3 -4 1 5 10 9 -17 15 -12 -17 12 0 -8 
-1 4 2 0 -7 -4 2 -7 -3 -1 -2 9 -3 4 -15 6 
7 -19 -7 0 18 -25 -8 4 -11 17 4 -13 24 6 8 -4 
20 -18 4 0 -1 10 0 32 5 -2 8 -6 14 10 0 4 
13 2 -4 8 -41 27 4 4 15 -23 -39 -29 -4 9 4 -11 
3 8 11 6 13 -5 5 3 -10 23 6 5 -8 2 -10 15 
6 -2 -20 -2 1 8 -12 -4 -7 -5 -8 12 3 6 -10 9 
15 -25 12 -5 6 11 4 -6 16 -3 -5 13 -5 -1 18 4 
5 0 0 1 5 1 1 6 -3 -6 3 -2 3 -3 0 3 
3 1 -2 1 2 2 -4 5 -3 -7 -3 -1 9 3 3 1 
-4 7 -7 3 0 -4 5 7 2 7 -3 4 -3 6 3 -7 
2 2 4 4 -4 -8 3 6 5 -7 -3 -8 -1 -9 7 -6 
-6 -2 4 -4 4 9 0 -4 -4 0 0 4 -6 3 3 1 
-3 -3 1 1 0 -1 6 -6 -1 -7 -1 2 1 -1 -9 10 
-5 -3 1 5 3 -1 2 3 1 -4 1 -1 3 -11 0 2 
-8 -7 -9 -1 11 -1 -8 8 -6 -13 -5 12 7 1 1 5 
-6 8 -7 5 2 -7 -1 6 2 12 -3 2 3 -2 8 -2 
-5 8 -4 7 -2 -11 0 2 3 -7 4 -8 -2 -8 1 -2 
4 -2 11 0 3 6 -3 -4 5 -8 -2 4 -9 -2 9 10 
-5 -4 4 6 1 -6 0 -2 -11 -4 -8 2 -6 -5 -6 8 
0 -1 2 0 6 -2 5 4 -4 -6 0 -6 2 -2 0 4 
-1 0 -3 0 5 0 -5 4 -6 -6 -6 1 4 0 0 -3 
-3 4 -5 3 2 -1 4 7 4 8 -3 3 -1 -4 2 -5 
1 0 1 6 -5 -5 0 2 2 -5 2 -3 -5 -3 1 -2 
-1 -2 8 -3 4 3 -1 -1 0 -6 1 2 -4 0 5 1 
-6 3 1 -1 1 0 5 2 -1 -3 -1 2 -3 -5 -4 3 
2 2 -2 3 3 3 5 1 -2 0 2 -3 0 -1 1 9 
0 -7 -2 2 2 -1 -1 3 2 -6 -6 -2 6 -5 -1 -6 
-5 0 -9 7 2 1 6 8 2 7 3 2 1 6 3 -6 
4 0 2 3 -5 -4 7 6 3 -10 -1 -1 -6 -8 0 -2 
-7 -4 4 -2 6 7 4 -2 -4 -5 -3 3 -5 6 6 -2 
-3 3 9 4 1 -1 -1 -2 8 -5 -1 9 0 -4 -7 5 
-1 3 1 4 4 5 4 3 -1 -5 1 -7 -1 -5 6 2 
-1 -4 -6 2 6 -2 -1 2 -1 1 -7 -1 9 -4 -1 1 
0 4 -3 4 -2 -2 5 8 3 9 -1 0 2 5 7 -9 
2 1 2 2 -1 -3 4 6 1 -6 1 -6 -5 -3 4 -5 
-7 1 5 1 4 7 1 -5 0 -3 3 6 -9 2 6 -1 
-8 0 9 -1 2 -2 0 2 7 -5 -3 3 -5 -1 -8 7 
-5 -1 3 0 5 -2 4 4 -4 -3 1 -2 -1 -1 4 3 
0 -3 -2 1 6 3 0 0 -4 -3 -7 -1 7 1 -2 -2 
-5 4 -4 4 -3 -3 7 4 3 8 3 1 -5 -2 5 -4 
-2 2 0 8 -6 -4 3 -1 4 -2 0 -6 -4 -2 2 -2 
-4 -4 3 -4 2 4 2 -4 0 -7 -1 2 -5 6 6 -3 
-3 2 4 3 3 -3 1 -5 -2 -7 0 7 -3 -1 -3 9 
6 9 5 -1 7 0 3 -3 -7 -7 5 1 -1 1 9 3 
3 6 1 2 4 4 0 4 0 -4 -1 -3 9 -5 4 -4 
-3 -1 -3 8 0 5 4 6 3 6 1 -3 -3 1 7 -7 
2 5 2 9 3 -2 -1 6 6 -6 -8 -7 -2 -6 -3 -4 
-6 -5 -2 2 2 2 4 -2 -5 -1 3 4 -5 5 2 0 
6 -1 8 -3 2 -2 3 -1 0 -7 4 7 3 -2 -9 8 
6 -19 6 29 -8 5 -9 -5 31 -2 -12 -13 24 4 -7 4 
-13 15 0 -5 -8 -23 8 -8 -6 3 -3 7 -7 -1 2 3 
-4 8 -22 13 -5 -15 5 8 -1 17 10 -11 -6 36 2 0 
-11 9 4 -1 -12 -13 -12 -6 -15 -7 -2 6 -13 -8 35 -16 
3 2 10 -16 20 -11 5 -18 20 -8 -10 -16 3 -15 9 10 
-31 -4 3 -1 9 4 -10 -5 22 13 -32 -5 13 11 8 26 
-1 -3 3 5 4 2 8 4 1 -4 5 -6 2 -6 -2 1 
-6 -5 -4 0 4 -1 -7 5 -5 -8 -6 1 5 -1 0 -4 
-6 9 -6 2 5 3 8 4 3 6 -3 1 -1 -3 10 -8 
-2 -3 -1 4 -2 -10 1 5 4 -5 7 -6 -6 -5 2 -5 
0 -6 6 -5 6 6 2 0 1 -3 -2 3 -6 2 7 -2 
0 2 2 -2 -1 -2 7 2 1 -5 -5 5 -9 2 -6 2 
-9 -12 -30 -20 -3 21 9 4 17 -8 -14 -7 10 -2 12 3 
11 13 -2 14 24 0 -4 -10 2 15 -7 0 -13 -2 12 24 
14 -14 -3 7 -1 34 -9 0 19 -9 13 -14 6 19 5 -18 
5 -24 35 -25 -7 4 18 -20 -5 10 -10 -5 -10 18 17 -19 
-10 19 17 22 -1 -8 5 21 -5 -9 -8 -23 -11 22 2 -9 
-2 -17 30 -21 -16 -2 -6 -26 9 -14 -3 -3 2 -27 -9 -7 
1 -2 20 1 -3 0 -3 16 -9 -13 7 10 0 0 12 14 
5 19 0 -8 2 -15 -2 -8 0 -10 12 -10 -2 -13 -9 -2 
-11 -20 -9 9 18 -12 -9 0 1 5 29 0 11 -6 -10 2 
-12 6 -1 -6 -8 1 -18 -1 -1 -4 4 -7 -10 0 9 -18 
6 3 4 5 2 -7 18 -12 0 11 12 -4 -12 -4 1 -8 
-6 5 12 -2 -8 3 18 -15 14 5 17 -7 15 -3 0 -1 
0 5 0 5 4 -4 3 3 -2 1 2 1 -5 -1 0 1 
2 -2 -5 -1 2 -1 -5 0 1 -13 -4 5 1 2 4 -1 
-5 1 -5 4 4 -1 7 6 6 10 0 2 3 1 5 -5 
0 3 3 5 0 -7 3 5 8 -7 3 -8 -4 -8 2 -2 
-7 -5 3 -2 6 8 3 -6 -1 -3 1 8 -9 4 7 -1 
-5 3 0 -3 1 -4 5 -4 0 -5 -1 5 -3 -1 -10 0 
-32 -8 -29 -17 0 25 -3 7 -5 1 6 -10 0 -20 -4 2 
-4 -5 23 -5 3 -17 6 -14 -8 0 8 3 -11 3 25 25 
3 4 0 5 6 22 12 8 5 -1 -21 -2 8 14 -1 6 
-5 1 17 -14 15 -2 40 -12 -17 -15 1 21 -14 -10 -3 -1 
-24 3 -6 -2 -15 -7 -9 10 -16 -14 17 -25 13 19 -2 2 
16 1 1 27 -1 -13 -15 15 -11 -13 -15 10 1 -9 -3 11 
3 6 -2 5 10 -2 2 3 -7 -4 7 -6 -1 1 6 4 
4 -2 -6 2 6 1 1 5 4 2 -12 -2 -2 -3 8 -5 
-7 -4 -7 10 -4 11 8 3 8 3 -5 1 -2 7 1 -1 
10 -5 10 2 -1 -1 8 4 1 -12 -10 -3 -12 1 -8 -6 
-5 3 8 -3 3 6 5 -3 0 1 1 7 -4 12 -3 0 
0 -1 9 -6 -3 -3 7 -3 14 -4 -6 4 -2 -5 -3 4 
-6 -1 4 5 7 -2 5 -1 -4 -1 1 1 -4 -7 9 6 
-6 5 -8 -2 4 1 -8 1 -1 -21 -3 2 6 6 9 -1 
-14 -2 -3 5 1 1 4 1 3 6 9 4 3 7 4 1 
7 -1 5 9 4 -5 2 4 13 -10 -3 -9 -3 -5 4 -4 
0 2 7 3 0 10 7 -3 -5 0 -6 4 -16 3 7 6 
5 -8 1 -1 -1 -6 6 -12 -8 -7 -11 -1 2 -6 -7 0 
-4 -4 0 5 7 -5 6 2 -1 -9 8 -6 -3 -5 6 7 
-5 -5 -10 5 2 1 -3 12 2 -9 -13 9 -1 1 0 1 
-4 -1 -1 9 5 7 0 5 8 4 -7 -3 1 5 6 -7 
-3 1 -1 1 1 -4 7 5 4 -7 5 0 -10 -2 -1 3 
3 -6 3 2 4 10 1 -8 3 -6 -2 7 -8 8 1 9 
0 -10 -3 6 -1 -5 4 4 -1 -3 -4 9 -10 -2 -3 4 
12 -4 31 8 12 8 -7 0 -4 0 0 6 8 7 16 8 
9 -3 4 7 12 -9 6 -7 25 -8 9 -8 3 4 0 -11 
-27 -16 0 -8 4 -16 -1 -5 6 0 24 11 17 4 -14 7 
-18 13 -10 -1 -12 -13 -20 17 23 2 8 -8 7 -9 7 -14 
14 13 3 -5 10 9 10 -15 -12 13 -11 10 3 4 6 -2 
5 1 3 -18 9 -2 28 -28 5 7 3 -14 1 -4 1 0 
-18 3 -29 -2 -4 38 -6 -2 6 15 3 -14 -13 -19 -6 -8 
4 -18 29 -7 4 -10 15 -6 4 33 8 -14 4 -11 10 15 
8 8 -13 6 -12 24 5 37 2 -12 -20 2 4 2 23 2 
-3 -11 -12 0 16 7 11 -6 -13 9 6 27 -27 0 7 -11 
-29 6 13 14 -7 2 -20 10 2 -19 26 8 0 20 8 -17 
-16 -9 -1 5 -9 -8 3 35 24 -13 11 3 6 22 -16 6 
-2 -2 0 0 4 1 2 4 -4 -3 2 -4 1 -3 1 2 
1 -1 -5 -1 2 -1 -3 3 -5 -5 -4 0 7 -1 2 1 
-3 2 -5 -1 4 1 3 6 3 6 -3 1 -1 -1 6 -4 
0 3 2 5 -3 -6 -1 3 2 -4 4 -8 -5 -4 2 0 
-1 -6 5 -3 1 5 0 -4 -2 -1 0 3 -4 1 4 -2 
-1 2 2 -1 -1 -1 1 -2 0 -5 -1 6 -5 -3 -6 4 
-1 0 -2 1 0 1 3 5 -2 -1 3 -5 -4 -4 2 -1 
2 -3 -5 -3 3 -1 -2 3 -5 -4 -7 3 8 2 1 1 
-5 3 -7 2 1 -5 6 3 2 6 -3 1 -1 -4 6 -8 
-3 1 2 4 0 -8 -3 1 6 -4 2 -8 -3 -6 5 -1 
-1 -2 8 -5 6 5 4 -5 1 -7 3 2 -4 6 10 2 
-5 2 1 -1 1 -2 6 3 -3 -8 -2 4 -2 -1 -5 6 

