657 -137 -724 189 -295 -71 -455 -63 -290 -512 -325 558 317 745 -569 484 
-4 22 23 -60 70 -22 -60 36 -17 -42 5 53 11 -2 -24 20 
-63 15 -17 -31 -36 -50 45 -2 -34 13 -23 -39 -74 -7 -90 44 
-104 22 -6 66 24 -32 -10 17 67 -21 31 -22 7 -63 28 -53 
-76 -10 44 -66 -49 -49 56 23 -10 1 -6 -61 27 -43 -12 -87 
-63 -43 -9 -60 -55 67 81 -18 0 0 0 0 0 0 0 0 
-41 -19 7 -29 -24 -47 25 21 52 -12 85 -133 27 -147 -64 11 
-40 -8 -33 -81 19 -14 41 -35 -43 -21 -11 -63 -60 53 49 130 
-106 -68 69 -47 -5 -80 -51 -4 -103 83 48 14 -60 -46 -53 39 
-17 -23 -53 -19 -11 39 -25 16 -5 -89 -3 -115 -44 18 -98 -49 
74 0 -33 -86 -23 -59 -62 -46 0 0 0 0 0 0 0 0 
-16 -12 -60 78 -14 26 208 45 -67 -26 -67 -19 114 52 -10 46 
65 57 -63 166 14 166 -19 112 72 -122 -82 -5 -37 3 137 -69 
4 -61 -23 28 51 133 84 84 16 27 189 -79 -125 106 -52 -62 
-35 -91 -8 -88 -72 95 -13 -27 -63 -36 -71 -55 -14 63 14 101 
-67 -26 -44 84 -9 87 71 43 67 28 68 185 8 39 0 -28 
-64 111 141 3 -74 58 -4 -58 0 0 0 0 0 0 0 0 
-60 -13 104 19 -21 100 41 -14 -14 5 -84 21 8 2 87 -69 
14 5 -44 68 -126 -39 50 -88 -13 -122 13 -76 -59 25 -68 -150 
-139 -102 -1 -22 -76 -77 -34 -105 -79 -48 36 -37 -49 3 -108 82 
-57 -9 -138 -5 -33 -148 -40 -109 -37 55 85 70 -140 -87 -41 -45 
51 -18 -64 7 -99 70 48 97 61 32 80 15 -4 -45 -37 46 
41 -7 -47 -76 -60 -83 52 -3 0 0 0 0 0 0 0 0 
27 279 80 -63 -134 -16 -114 82 -96 -299 107 -43 79 279 76 91 
195 146 161 -141 213 -9 98 171 176 127 -46 9 14 -33 -193 211 
-273 -242 97 176 44 -157 143 -15 123 119 251 63 249 -113 167 9 
-108 66 129 132 312 -162 317 22 247 67 88 -80 47 324 -261 53 
-177 46 172 187 -186 191 207 97 161 49 -63 19 -211 -92 -118 -37 
-21 84 118 -4 236 -65 -110 -18 -171 -29 51 -147 213 -64 42 -160 
-26 -28 149 172 55 53 36 -209 -127 92 32 55 118 268 -3 12 
99 -51 121 74 96 7 23 39 -132 -257 -239 253 217 2 87 -108 
34 -24 -14 232 116 -72 199 164 28 -9 201 244 -61 -248 -96 -24 
167 -216 -12 103 -211 169 -32 46 -53 20 176 -69 215 18 -52 -177 
-54 176 -12 185 -90 -82 -192 -32 -116 -181 98 -182 -126 -168 -77 -3 
108 178 -191 141 -17 -79 17 -125 -96 63 102 36 -72 -104 -121 69 
66 -70 -46 195 -308 -59 71 195 10 -115 125 -64 -151 194 45 80 
-9 -186 -156 -82 -104 89 85 19 89 -72 -73 -82 120 -102 -211 -42 
-63 -148 173 175 -174 41 -164 119 73 234 212 -138 41 -49 -207 -173 
279 96 200 -44 18 19 70 -81 80 151 179 9 138 -6 -243 -190 
-2 -136 46 -44 -124 221 -43 -2 138 -95 167 -192 221 80 30 -213 
96 176 -40 -62 -26 -114 -53 187 -64 8 -305 -159 26 249 -283 -100 
-63 32 18 24 -47 85 30 -38 23 14 -176 100 53 -26 -3 3 
26 -98 23 -8 36 -43 170 -93 40 -21 71 23 -59 -22 102 -11 
70 -63 -86 -36 -23 26 10 -31 -56 93 -9 -18 136 4 15 77 
-73 112 -29 87 30 10 -162 25 11 -39 15 64 46 -87 -94 -102 
186 115 -97 -1 85 16 55 -42 -15 -30 -114 105 -66 24 -71 -3 
-92 54 39 -47 -99 -1 -32 -86 -20 -87 58 89 -83 19 -130 33 
-54 1 5 -148 43 21 -119 22 -56 -101 -14 -25 -58 -57 22 3 
-74 -93 17 -130 41 -7 -62 -80 22 9 57 -95 28 -32 30 64 
91 -168 -26 -8 214 20 -112 -21 -64 -11 -48 9 11 -38 61 -157 
43 -86 -29 -51 16 -11 -17 96 14 106 157 -118 -44 -88 93 -21 
-48 -74 66 -34 -156 -49 21 90 -33 50 -9 87 55 -87 17 -32 
121 -113 64 37 10 -97 -14 22 19 -61 -85 -113 53 78 7 -54 
-15 -60 -53 -30 -53 -74 88 43 -79 84 67 130 -18 121 -28 111 
-27 25 -5 113 27 48 46 -109 89 1 18 63 -123 58 -37 64 
-78 38 187 -71 -63 56 -117 -56 -23 145 -38 169 20 42 26 -5 
158 -117 -6 -130 -17 -16 51 11 -56 -60 34 54 122 38 16 122 
-105 23 85 -54 114 156 16 -87 -31 89 111 -72 -2 -155 16 127 
73 83 41 143 -19 6 -118 43 114 -43 -129 36 -43 14 -19 4 
36 29 62 134 -36 -28 110 57 52 127 34 -26 -75 -3 42 -35 
2 -2 5 -7 -40 8 -84 46 99 -105 9 -45 56 82 31 -78 
156 -32 -19 68 69 15 30 -140 36 -60 102 -134 4 -94 -11 0 
34 67 -62 -20 -34 46 -131 -105 1 47 -3 -25 -19 -118 88 -12 
-2 -38 91 106 83 -125 73 19 -28 30 21 -65 -19 -16 24 76 
64 76 52 48 -24 -3 55 -55 -15 10 57 113 69 -5 1 -127 
124 -50 117 90 -38 148 76 -10 20 100 -101 -58 83 -4 57 -68 
62 -14 8 -66 93 122 -5 -75 -81 121 27 71 -29 25 -53 134 
82 46 -56 -64 11 179 61 -65 54 -7 -68 9 82 36 19 6 
50 26 -43 65 -100 40 -23 18 127 -17 -90 15 13 -11 49 5 
38 81 60 108 65 -14 -40 94 113 -89 121 -10 100 83 -46 -47 
37 24 -35 59 -81 107 -46 -32 -26 -28 27 39 145 -16 -4 17 
-96 38 96 126 21 78 -112 66 -129 64 -107 52 87 61 73 -32 
-131 148 65 -31 61 -57 -83 -74 -15 66 76 -56 -52 89 -48 -29 
-104 152 87 53 -38 -25 115 72 97 -100 34 46 -45 16 79 72 
6 -20 -30 -19 119 -22 96 -12 -24 114 17 -56 -27 -35 17 63 
-76 69 62 -34 -48 -77 -111 -61 41 -70 -43 64 64 57 53 -5 
40 110 -25 77 20 -143 20 -188 8 -121 -65 -27 -33 -67 13 44 
-89 -100 47 -73 -1 61 85 55 108 33 23 -16 34 -48 -36 -12 
-44 49 -29 -115 45 -86 30 -110 -73 23 148 96 90 53 24 2 
-67 -19 78 16 51 51 124 -101 4 -70 -94 25 99 66 95 36 
-138 68 -31 -49 -56 0 -28 76 153 -88 -77 -46 120 -97 -84 121 
-30 145 -26 57 -4 25 -52 96 -26 58 -24 32 166 57 -36 -98 
-22 79 -24 90 -48 -77 36 13 58 110 6 -85 31 -70 -15 -55 
-25 -104 91 -115 64 -53 -13 -30 -169 85 60 49 -72 -39 8 -144 
-32 8 15 -45 8 35 -8 139 -125 -56 165 -62 48 35 21 38 
-34 28 -51 -40 -11 -22 37 -163 36 -45 -7 -144 9 -164 5 55 
5 -107 22 3 28 36 -54 60 34 -99 86 -135 -39 64 22 -132 
10 -29 129 70 -57 50 66 120 33 -94 -90 5 40 78 -256 -130 
-134 -42 127 -69 -32 -44 10 20 4 32 -97 90 71 26 -20 -38 
-108 -53 10 -28 22 153 141 133 -9 35 -95 -156 38 68 28 67 
53 18 173 -1 -83 47 -117 21 -124 215 -73 -180 -98 -85 41 16 
-58 14 109 2 142 78 -126 118 -64 -67 -49 174 -30 65 -64 -25 
-3 98 74 -124 55 24 33 27 111 44 -17 87 73 96 -99 -30 
56 57 -52 81 14 -7 -86 -40 -109 44 82 25 -112 95 100 -123 
130 -22 -176 -30 -105 90 -26 120 4 -47 23 -8 153 43 63 -79 
-66 -37 -81 16 35 8 -107 -87 -17 74 -11 -9 -43 53 115 98 
-51 12 41 -24 -57 25 -161 -9 -11 99 47 159 83 157 106 -63 
167 36 118 -61 -78 16 -148 69 -123 88 140 41 77 -19 -83 -133 
-35 -37 -155 24 104 195 87 87 109 -97 -178 -199 -142 -26 -30 110 
101 -85 -9 -80 -138 -6 -156 28 -60 -12 54 109 24 -1 110 -29 
-24 55 -22 -132 -71 89 3 139 158 -91 -133 -75 -24 50 13 12 
142 50 104 -108 -31 -81 -3 -128 -1 -2 -95 -111 79 14 252 31 
-142 55 221 87 -77 60 65 73 -131 77 174 -10 80 152 104 87 
138 -57 -60 82 16 -45 194 109 -146 46 168 199 50 7 1 19 
-155 121 93 -53 108 -22 -69 34 62 82 -2 47 -78 49 -43 86 
-95 -85 -51 37 21 -102 -96 -109 41 179 -119 19 122 -122 95 -30 
151 -112 -145 -76 -58 -47 -44 100 61 -56 -5 74 53 237 -29 -126 
-184 252 -211 -17 20 -24 69 -115 -46 62 -129 95 -63 -8 26 98 
30 120 -15 -41 -130 102 107 -82 21 -39 -27 141 34 101 91 41 
-72 -144 56 -92 61 -122 -30 -90 -155 -18 41 94 10 46 -125 -102 
135 -101 -72 -65 157 -61 -186 112 -306 -71 -135 -42 -12 -58 -58 51 
-68 -42 -70 -168 80 -81 -141 129 128 54 64 -15 -124 -20 13 -119 
140 3 69 0 24 4 -50 0 -145 146 124 -136 50 45 -70 -142 
20 124 -108 124 -44 111 -127 26 50 -138 28 86 -74 -21 59 35 
-165 -154 59 -120 37 -91 139 60 123 -73 -51 54 21 -82 26 -40 
139 81 -128 142 167 -3 -79 128 -32 -74 -191 48 56 -86 -80 -59 
47 -70 56 36 -63 78 29 8 101 78 10 162 -96 137 -145 -27 
-102 -70 36 22 87 46 66 13 -30 -70 -93 64 -24 138 -68 114 
87 87 -87 -97 4 -16 35 -75 -122 87 35 37 -48 -5 11 -3 
43 -103 -102 75 134 72 52 -18 -35 51 -101 2 -89 128 145 -53 
-41 156 -14 7 18 -150 -10 53 23 90 -63 1 34 126 -79 -30 
-49 -34 -53 1 0 -64 -76 -92 -122 116 72 -7 -70 42 13 111 
-105 85 119 -9 -19 -8 -35 -85 -29 -50 1 60 127 17 -16 -2 
-152 72 -235 -33 -137 14 -19 8 122 -55 -5 -98 33 -164 -135 99 
-42 -118 166 -65 30 -84 -46 -49 -149 -25 -67 3 26 -146 46 116 
84 -84 103 137 91 8 -5 143 -60 -30 -45 -48 -72 60 52 103 
71 -1 -10 -5 -16 112 -33 75 -14 105 129 50 109 -44 17 -8 
-184 133 57 42 -40 54 -54 129 -106 -60 101 87 -50 -109 -72 59 
32 20 210 77 -29 30 -40 -114 125 53 93 88 -72 145 -129 142 
56 -38 -19 -77 181 81 62 120 -83 99 40 69 12 47 -71 27 
-39 -101 84 6 -28 113 3 -203 106 59 -100 11 -56 49 -56 106 
149 -147 -65 119 -360 -25 -60 -46 211 -238 259 92 -55 40 -213 -67 
1 112 132 110 -138 -139 -139 38 1 127 23 35 -149 25 -11 1 
-22 54 73 8 34 -214 -75 137 -66 196 -178 114 68 46 -115 -92 
41 36 115 173 -23 150 103 -25 24 -47 69 -80 156 -62 172 -133 
80 63 -181 169 -29 -85 30 220 -113 145 125 234 -130 164 -76 -1 
-68 -50 -142 108 224 44 22 -160 108 -186 42 -11 -34 -210 -129 181 
-28 -80 -58 -222 -11 -81 20 -40 -39 52 207 -57 -207 12 -124 122 
203 140 -11 -101 -1 -60 -78 -234 0 0 0 0 0 0 0 0 
-2 -101 -140 77 -103 329 -67 -60 -195 184 -149 85 -85 -124 -88 109 
56 217 -120 9 -98 -192 -45 126 -183 -178 -290 18 -112 -118 331 -195 
143 -9 -28 -38 -152 -49 -70 12 -77 102 -109 -157 53 -170 5 31 
42 -163 14 -58 75 130 -207 97 118 -165 -103 92 -87 62 58 -164 
135 -55 237 105 -4 144 -36 164 -59 -108 142 39 130 -173 64 270 
74 42 201 208 55 16 -34 160 88 174 49 -83 -40 195 -40 -166 
47 99 49 -47 83 -116 20 177 152 -95 -243 -215 -172 95 67 -130 
-117 231 -38 236 -24 98 -54 3 0 0 0 0 0 0 0 0 
-144 -40 -134 182 42 135 40 -40 53 87 162 -237 140 62 77 -214 
-204 182 -77 -79 248 78 -183 -97 -93 116 212 46 81 59 53 -130 
24 107 -235 166 17 -36 413 143 296 71 10 84 -76 -35 -56 -175 
-135 48 89 83 -154 204 -45 -44 -126 -121 76 -95 -41 444 307 -143 
73 -74 -208 -126 -289 -84 -5 -84 43 -128 -13 91 -140 -55 369 68 
-165 163 -94 61 221 64 113 -47 -191 -61 -28 32 182 42 18 84 
-31 -2 154 -208 -3 -29 233 90 290 100 142 46 -301 -23 139 115 
111 350 254 144 11 113 -93 154 0 0 0 0 0 0 0 0 
88 47 -53 -42 -50 -176 77 -7 141 120 31 -110 -42 -130 73 20 
90 1 67 -123 -65 55 73 -122 -13 19 33 -10 -62 -25 155 -48 
43 -54 91 -61 112 12 82 50 -150 -104 -57 109 39 -72 240 -8 
-158 -173 131 26 7 -25 -180 80 131 63 -118 80 -88 45 28 -38 
64 27 139 -41 -107 -120 -109 -28 13 -52 -44 -41 41 -41 126 144 
58 75 -77 50 -13 106 21 4 117 62 57 -29 245 -85 -162 78 
75 -17 -53 69 -83 -141 77 73 160 -25 4 40 -115 43 36 -128 
127 5 -29 19 -106 51 73 -35 -1 93 147 131 -140 -8 90 -37 
-22 101 62 115 156 -141 2 -167 -2 -18 -196 54 -155 119 45 18 
105 176 80 -20 -15 -32 22 -65 -96 -5 -72 -9 133 -42 145 35 
-92 -149 98 216 128 -42 190 162 -57 -25 -233 -182 57 114 -147 3 
-138 3 -11 -118 -83 -60 -75 44 138 119 23 -94 -64 -22 -54 3 
-39 -129 5 69 106 32 -54 53 -163 -38 163 -109 -109 121 67 -90 
-107 94 114 -56 -156 121 -55 3 -29 30 -4 72 -90 -163 139 -17 
-39 71 95 176 70 -8 -65 -12 71 145 0 85 -20 -55 -41 -21 
-26 -106 8 19 36 -12 9 -5 -92 161 98 19 103 -86 2 -5 
21 72 36 85 12 140 27 28 177 -44 -49 -142 -137 -108 55 -12 
62 2 1 -194 59 117 -96 190 -9 -66 -9 -27 107 -11 -70 100 
-69 91 84 -288 179 -10 -6 11 236 283 -155 -54 -106 241 19 13 
19 -119 -13 23 162 94 91 -171 -1 -82 -77 216 -222 -118 -53 52 
26 -109 -96 -74 183 185 122 -71 -76 -173 -36 -65 -86 -120 162 -84 
-269 77 -212 90 24 -71 -17 -63 15 -10 -134 -116 217 -28 -239 48 
12 159 -11 -60 3 105 90 124 12 -5 -10 -83 75 -76 -143 161 
-23 -15 -41 196 -50 -295 178 -100 -52 30 -15 74 -223 16 -72 171 
-33 -1 145 -100 40 -108 -328 170 45 73 116 127 79 40 -48 -5 
-87 -38 126 118 2 8 19 -60 -126 -81 -32 93 -87 -172 124 21 
42 -151 -42 -49 -146 -42 -60 25 -269 -149 40 -106 -111 88 -161 53 
-83 98 -39 -74 -31 27 41 -142 -119 24 -154 -12 68 -1 24 -10 
107 -75 -2 27 -69 -186 10 30 -84 4 -119 -13 -13 -42 46 98 
8 84 16 39 88 24 -44 177 21 -106 24 1 52 43 -162 -42 
-17 2 -106 -40 122 -128 -46 62 113 54 126 22 43 -59 7 -167 
-46 6 51 95 -101 -32 8 162 -79 49 81 24 35 69 72 -24 
-3 -88 -22 -30 -61 -89 -59 3 -109 -27 -57 -96 -67 -82 -128 15 
-92 56 56 178 -5 -188 40 105 -54 -117 76 -20 -6 -46 46 -7 
-23 -13 108 -68 109 -1 -45 81 74 27 -161 -25 -108 -24 -104 -117 
17 24 -68 -157 3 106 -42 -139 -83 -70 -39 108 7 74 25 -66 
-11 -19 -83 63 169 25 41 39 -119 -33 39 128 79 -66 -53 -21 
-62 86 24 -33 59 -86 7 75 138 -113 -159 -160 -123 -55 129 -8 
16 -84 41 66 205 107 95 1 -44 -32 98 -2 -25 38 -19 26 
24 4 22 51 47 -98 -161 -137 -26 -118 66 141 -85 -43 -66 6 
-100 67 35 73 -39 2 84 66 -84 118 6 -62 -67 -5 -60 43 
-168 153 110 -114 59 139 25 63 -2 -21 -13 12 22 40 -52 -10 
61 65 113 -15 83 -54 22 -34 -17 -138 -83 -142 7 78 48 -52 
-45 13 53 104 75 67 3 -96 51 -125 -49 -7 31 -77 -133 78 
-127 -28 16 30 -52 -11 -114 -13 4 32 -42 -42 6 -133 29 -93 
33 127 102 -53 -40 -15 101 26 -113 81 34 -52 49 105 95 -155 
-72 -48 95 -51 33 7 145 97 139 49 -168 1 6 -66 -5 -127 
-60 123 -50 -38 63 87 -103 70 -29 -47 132 40 79 -74 -75 -9 
-27 21 -58 -45 160 -26 -17 -105 -33 80 93 182 68 -36 16 -30 
-88 75 -69 58 111 -44 -47 181 22 110 -55 -30 -31 -25 -94 84 
22 12 -27 142 51 -11 -23 75 5 87 44 -117 -11 -68 13 -137 
-15 32 -38 31 121 -78 13 6 68 -53 9 64 74 100 -35 71 
81 49 140 -38 -53 41 -68 88 103 51 -59 -23 67 -42 -31 88 
-74 21 -67 -96 6 97 7 2 -43 1 19 29 66 13 71 -57 
77 -29 162 131 -44 -78 -101 -42 73 -38 12 103 -8 9 -11 113 
-113 54 95 -36 -84 -25 -44 135 159 16 -4 -84 38 -3 8 -45 
95 -129 -75 -88 13 -29 141 -57 35 13 -21 -163 15 7 70 -29 
-100 -35 -12 13 2 45 74 -101 -74 -2 27 198 1 41 53 97 
-77 31 52 -67 28 -95 -78 98 157 39 8 -43 -88 -53 -18 18 
-55 -45 18 -48 16 101 -82 -53 -94 66 -43 -30 -10 22 -81 4 
69 67 49 10 -31 129 39 19 48 -89 -33 -163 8 83 114 -28 
97 -158 -41 95 48 -44 -87 -58 -137 50 14 60 -50 -72 -135 103 
29 152 12 14 -51 147 -6 -48 -41 117 29 -182 92 -86 -122 -87 
-58 133 45 46 -64 -42 -91 -93 -3 -24 -77 111 49 84 125 -108 
-12 -89 15 50 61 98 -103 -47 85 -22 60 -37 -20 -62 9 -53 
37 -15 97 24 -3 -12 -18 73 -11 -62 17 37 110 -74 -71 -106 
113 12 -64 2 88 58 22 72 -40 31 75 -31 8 -84 58 27 
108 71 46 30 -99 -42 29 57 -43 40 -29 -57 7 -23 62 16 
17 -28 -8 82 -53 47 -92 -15 9 -90 108 129 29 -4 32 -100 
-22 -171 9 -83 146 59 -34 104 71 -119 87 -102 125 34 -112 -41 
15 58 112 60 -18 -42 -67 86 50 59 -116 -35 151 41 -28 1 
-36 -34 -53 -28 84 -3 -127 -55 -1 -46 -61 81 -51 -26 150 34 
-17 179 -45 8 -3 -59 -66 -27 -95 82 14 -15 -108 -61 86 61 
-26 78 99 -87 -81 124 -13 -73 -39 -163 6 -5 53 32 -90 29 
-100 29 -49 91 10 45 101 -65 35 72 -41 -28 15 -76 45 115 
-55 -29 -30 -8 -30 -65 -10 -118 -21 -93 -42 129 33 -6 -66 122 
78 14 -64 64 52 113 -16 112 8 45 27 -71 40 -19 77 88 
-61 -93 57 -58 27 48 104 -1 -45 -56 -55 -9 -57 12 -36 15 
-17 -62 158 77 116 -12 -22 -6 25 41 -26 -67 -81 60 31 72 
-3 -73 -9 109 -2 28 48 -22 -36 -84 -91 -58 -38 -59 -45 -15 
99 78 178 -25 -14 80 -43 2 -98 64 -5 -139 -28 33 -125 -93 
40 -29 -17 -93 10 -57 -57 16 34 57 6 -1 26 -137 31 11 
12 62 -2 28 6 -17 107 50 -102 -21 -111 -24 -20 39 -89 41 
-40 20 -15 -153 -20 -2 -11 -31 -22 25 -55 -33 -77 83 -112 176 
-33 -122 125 -42 21 -89 -70 -94 -35 33 -72 18 28 44 119 -93 
-116 87 40 -15 106 -74 -27 -6 -49 -87 -41 -3 -8 6 -114 22 
37 31 85 146 32 -71 -114 8 -98 -5 -34 -78 -52 4 -124 41 
-3 147 -19 52 -98 -8 -121 -63 80 41 -95 192 44 -97 -16 -49 
3 -84 -2 -15 -88 -128 -152 14 -89 -29 58 -3 3 -36 -3 51 
-27 64 -77 15 -60 42 107 101 30 -26 -143 -57 -5 72 -45 -72 
-29 45 2 190 64 -20 28 58 17 44 -88 -14 -29 -66 -45 120 
37 5 -39 107 32 48 -102 11 68 -28 -52 -33 5 -27 -89 -48 
135 -49 7 4 -4 53 15 -20 3 -95 -141 -46 45 0 -23 -127 
-139 3 116 76 27 -13 -57 -14 -158 50 -39 20 -63 17 -31 -29 
-69 -205 -108 -12 87 107 -172 -13 49 -27 -5 68 82 33 -34 61 
153 -54 52 -63 -113 -19 -7 -33 -125 -14 -21 -209 -63 -41 26 -68 
60 15 -34 51 -19 54 -24 25 106 -62 146 -88 -83 -80 82 -12 
17 -19 -23 87 14 41 -3 -187 -150 43 120 -58 18 -54 -100 -36 
32 83 -41 -80 -73 -12 -79 -29 31 -42 -54 -57 -4 25 -8 -124 
82 -91 -104 -3 34 -9 -37 -92 -69 -17 8 -59 -44 38 -26 -25 
-12 -81 -62 49 -11 -76 -63 -103 -16 -13 -9 -15 -15 -79 -62 0 
26 -15 -9 142 -18 61 -49 78 -37 24 -22 -62 54 -21 88 -68 
29 -43 -173 35 -71 126 98 -14 57 85 -6 -70 -50 26 28 79 
71 -56 -1 -139 -55 15 -24 -39 78 -30 23 56 -33 -60 -17 7 
50 30 -11 -45 17 -51 12 -11 6 -9 37 7 24 -69 99 -39 
84 -53 52 -18 -60 4 -5 45 -5 -5 -155 -8 -10 -12 41 -9 
35 18 -5 -45 -2 50 57 -50 62 58 14 19 25 -2 -36 30 
-51 -38 46 3 8 47 9 25 87 -102 31 4 28 -61 -50 6 
5 92 -40 67 28 50 -12 74 43 -21 80 -14 69 36 106 64 
-34 -18 27 -13 -4 -44 -56 -66 9 63 55 -57 -84 -27 108 -50 
-109 46 -75 -21 43 39 -46 2 64 27 43 107 -20 -45 62 15 
38 42 -75 42 1 -23 -70 -14 -13 -22 -23 -73 -43 -8 22 57 
15 -28 72 90 -58 24 -26 94 58 -89 14 -21 9 50 25 45 
-51 61 25 -49 57 62 111 53 -49 -67 5 -60 -14 -36 55 56 
-37 -15 -40 36 -51 111 -18 11 -42 42 -40 -47 -25 16 -110 1 
-12 -12 61 -56 73 35 -19 133 53 -21 -78 45 -121 -46 -28 -37 
-1 -44 -48 -34 17 -58 91 10 -20 -65 27 106 49 34 27 -29 
28 66 3 -84 63 105 80 63 -45 -89 -15 -19 -88 -32 -18 -98 
71 -14 15 -19 -50 94 -16 -30 95 25 -62 134 43 24 -23 -16 
32 -81 -71 47 -2 -79 7 -69 -42 -34 -46 19 74 -6 54 2 
70 52 11 14 -24 10 50 -3 -13 0 78 84 59 -14 18 -6 
-97 -12 -3 -56 18 -88 -51 -98 71 53 -19 -96 75 -25 -39 11 
-47 1 30 -82 -1 80 -33 -22 42 56 58 -90 -65 -12 42 11 
71 89 -92 80 -17 -72 37 -114 33 72 -28 -77 74 65 8 14 
64 11 -39 -32 -67 15 -65 -128 42 -115 45 -25 -32 -1 28 -115 
-129 -32 -78 -6 40 -155 -61 41 -7 79 -8 42 40 -33 -27 44 
-111 -100 -67 -1 -139 -11 -31 -42 -53 122 -157 -74 -47 19 66 38 
42 42 9 85 -6 60 -87 22 62 126 -20 96 62 61 -74 43 
124 -40 20 -60 10 -75 18 48 67 -21 3 -35 -20 -120 -68 -52 
-149 -12 -2 70 -50 -91 -119 -129 -145 -69 -86 -125 -25 -31 21 -5 
-103 46 16 25 -58 44 116 -45 53 -45 36 119 45 -28 -9 -23 
-2 5 -6 -50 45 41 -109 -19 22 -56 -71 31 -44 -7 -50 34 
121 94 -80 -74 56 42 78 -51 -17 25 59 -58 20 -52 -81 -51 
90 -80 -150 -110 -117 61 94 -33 -66 -42 -20 59 0 -10 -18 -24 
-8 -56 -96 -134 -25 -19 75 7 22 -13 36 -26 24 -131 -5 -10 
18 38 3 14 18 -57 42 -37 -14 1 -34 14 -48 16 24 2 
-20 46 -22 -41 -11 -71 -81 -21 -53 5 -33 -51 19 -20 -85 -5 
-53 -12 48 38 4 -28 45 -64 -11 -1 30 7 -49 -36 16 13 
-17 8 12 30 12 -34 24 -8 -8 30 -14 26 3 -14 14 0 
-66 -3 27 -8 -10 15 8 36 31 -10 64 16 -29 -53 17 2 
-14 -28 55 -23 -32 23 -35 13 -9 47 24 -13 5 13 25 32 
11 -66 16 -56 53 -13 41 -72 -5 15 7 -53 -109 -11 -16 4 
-62 -13 -6 9 1 -19 -11 6 -45 47 73 -33 -4 -20 -46 23 
40 43 -28 -43 -46 53 -1 -13 6 -6 -13 63 -50 -9 -22 23 
-7 3 -29 -19 30 46 17 -25 5 9 15 34 -24 3 12 33 
-17 -17 -43 -44 19 55 -12 21 -9 -11 36 24 27 -11 33 -22 
18 -26 8 40 -53 42 22 26 -28 -42 30 -63 -37 -40 46 -7 
23 -3 -13 -9 -39 -26 -30 6 -47 -16 2 16 -22 -12 -38 -18 
-19 28 2 -2 57 1 6 -15 1 45 -23 21 17 6 19 -42 
13 -12 1 47 41 27 -30 -1 21 27 9 19 35 34 21 -5 
16 0 -3 -33 74 -35 -37 1 -7 73 -46 -10 28 -6 -42 -9 
26 12 39 4 -16 -2 18 90 -10 4 12 -10 13 -13 40 19 
-66 9 -57 -34 29 4 9 45 -10 -43 -21 51 20 -65 12 -27 
35 -15 19 43 41 84 -43 -36 -35 4 -4 -40 -13 -49 33 -7 
-67 -38 -12 5 13 2 9 43 100 -8 22 1 -56 22 6 16 
-32 -28 -10 11 20 -30 12 -33 5 -20 -10 -31 38 39 -56 -34 
-17 40 121 -36 23 86 -4 13 -37 -43 41 53 -6 -26 -68 5 
-1 -36 -25 30 -17 -7 -10 20 0 -42 -12 -14 35 -14 20 -22 
1 -28 -13 -19 -24 -11 1 -5 42 -27 -1 -10 -2 24 -17 33 
21 -3 -34 -67 8 1 -29 -1 -73 15 1 -13 76 -25 -30 4 
18 -58 -15 -20 10 37 46 -1 -56 23 -27 10 -8 18 -2 19 
25 -17 51 5 -23 38 -12 -49 51 30 -9 -12 12 -22 37 -2 
-21 39 2 4 15 -6 6 43 -1 16 -38 28 -14 65 18 -75 
-51 12 27 -43 21 17 -50 -3 -1 -4 34 -56 -25 4 6 -33 
-12 1 -20 -19 -36 -53 48 -44 12 -16 15 60 10 -43 -7 33 
-3 -24 15 -16 2 9 10 -20 5 48 -78 12 1 -4 -16 3 
-5 7 1 -34 -26 -49 62 53 25 11 -3 0 16 -32 0 92 
-26 6 17 -24 12 -50 8 -20 -3 2 -32 -24 32 -28 -30 -2 
-39 23 26 60 -27 10 -61 28 39 -15 56 -47 -78 9 -5 -5 
2 -30 10 1 17 16 -15 98 -26 -22 -24 -56 39 65 10 46 
-74 -4 15 26 -35 42 10 -2 13 26 35 8 18 56 -10 63 
-6 -19 1 33 54 5 -8 17 -5 -11 27 2 22 27 -21 -33 
1 -44 -53 -18 -45 11 -9 -6 -15 36 -69 26 39 57 -44 -11 
-48 29 6 5 -16 38 56 18 43 -30 -38 34 -18 -27 46 24 
-87 -33 43 17 54 31 -9 -6 4 15 -3 75 -17 -29 -53 26 
-7 27 33 10 -53 40 -53 -41 2 5 76 -14 -6 -14 -22 29 
27 -26 -27 19 9 72 1 -3 16 90 51 16 8 -67 -13 44 
11 -95 -35 -11 78 -46 15 -18 24 48 59 -82 -65 -1 11 31 
60 -42 -8 56 -18 11 4 14 -48 50 31 54 14 -75 -36 1 
81 59 -32 -20 -21 35 -24 10 -25 12 -6 105 -105 1 30 -23 
-23 29 -78 -93 8 5 9 72 -20 41 -16 9 -22 -7 12 -14 
9 -24 23 15 -75 73 -13 5 34 1 -2 -65 61 -30 70 45 
-52 -51 31 -5 -7 -5 31 91 16 52 13 37 30 -25 31 -27 
8 -14 6 29 -72 41 -19 69 -24 58 26 -21 0 -14 26 5 
13 51 -2 53 77 -9 68 -24 41 84 7 51 -21 22 71 18 
48 12 -34 31 -29 -92 -46 51 87 -25 -16 14 102 11 13 34 
16 -32 21 -17 62 1 -1 25 -25 57 -47 39 12 -25 -86 33 
-21 -23 74 5 -7 19 15 83 -2 -20 -18 11 27 -19 44 -26 
-53 2 80 -16 13 -67 -14 73 -52 -18 15 36 -13 -71 -29 2 
-7 -16 13 -30 74 36 -21 -9 46 58 1 -8 0 -7 -21 -8 
-19 47 30 3 -4 -13 -23 31 120 -7 -72 16 35 30 30 67 
-49 -18 -13 49 -25 13 -36 -48 43 2 -7 0 33 43 59 -19 
-3 38 70 17 49 50 -70 34 31 -39 30 22 36 48 -19 9 
-1 -37 -5 31 14 -36 -12 8 -7 7 17 5 9 46 19 4 
-40 -26 1 4 -6 11 68 -7 63 -30 19 59 -11 -8 -37 56 
-10 20 -38 37 38 -12 40 26 -88 31 -36 -13 34 22 1 11 
-32 13 16 -16 36 -75 66 23 -36 11 10 -38 -24 35 -12 14 
-41 -18 45 4 39 106 -16 -2 -7 -23 17 -5 0 35 -18 47 
-51 -1 -16 28 53 26 21 30 50 -32 14 -5 -93 0 -6 -33 
-84 38 20 -5 3 0 22 -6 8 10 17 32 48 -66 -3 27 
-11 35 -13 -1 -28 -8 13 -19 32 74 16 39 -8 5 -11 57 
6 -28 8 0 14 51 -1 -30 -8 33 19 -1 -10 -2 -23 68 
-5 30 -3 -55 -31 -1 28 69 34 -2 62 23 54 -32 15 70 
2 -1 10 -26 -33 -62 -16 -53 19 1 -73 -5 36 -29 16 -55 
-39 25 -1 66 -20 24 -53 9 63 -20 129 -70 -63 -17 -8 -30 
-16 -26 -27 2 36 3 -33 32 38 -41 68 -27 6 46 3 51 
45 23 23 46 -34 -26 11 57 -7 30 47 -68 -2 15 -7 85 
35 7 11 24 36 -23 -13 7 60 13 -4 11 56 -10 -34 -16 
7 -15 20 12 -32 26 -15 0 -2 25 -57 -46 10 51 69 34 
8 16 -31 12 -3 6 61 -1 42 -32 48 10 25 -13 42 74 
17 8 24 55 38 74 -81 51 -14 48 20 -16 -6 9 -4 20 
-81 12 24 -22 -43 37 -18 19 20 1 -11 -17 -5 -6 13 10 
70 37 -31 8 -25 69 -30 25 16 -15 61 16 29 -8 11 40 
20 -22 25 37 -16 -62 10 -15 -14 16 21 -45 -58 -38 -4 30 
10 5 -16 51 3 -22 36 26 -56 -42 11 59 1 -29 63 -12 
-35 -13 30 -8 34 -45 -17 -37 -44 -2 -5 -30 8 20 14 -7 
-11 24 -3 -37 15 2 27 -2 -5 7 -36 16 3 46 -17 37 
29 14 -21 5 -21 57 12 -8 0 -25 18 -29 -3 62 2 74 
-43 -51 21 -29 -74 15 -12 27 -4 -43 3 28 -26 -48 -34 6 
12 25 -15 11 -5 7 23 -21 9 54 -3 51 13 35 -25 -7 
39 -37 -8 56 61 40 32 -17 87 -80 -25 45 1 6 -9 -59 
17 36 9 32 12 -4 59 -28 -3 -23 -47 -11 9 -36 6 -28 
-14 -79 -18 -56 14 1 14 39 -60 -2 -68 49 31 0 -52 29 
-45 -28 40 26 69 70 6 99 31 -15 15 3 68 -21 29 6 
17 18 4 -36 -8 -21 -74 48 11 30 -41 -21 -1 2 -61 40 
51 -2 -24 -26 -30 29 30 34 59 0 23 -7 11 32 -46 -26 
-19 0 37 8 -24 -5 -9 22 11 -21 -22 -1 -1 20 -34 78 
-24 37 46 46 18 -17 3 13 81 22 33 5 15 32 -8 14 
11 2 63 -84 74 -5 -32 -10 101 4 -13 -22 -32 52 27 -35 
-66 -28 10 -15 -15 28 10 -41 32 24 17 14 -35 -23 1 -19 
-126 -53 -43 -34 -1 20 55 18 17 -49 6 29 39 -35 38 -13 
26 30 -45 75 18 16 -2 21 -28 -57 -7 -2 -1 51 28 51 
59 63 -50 6 44 4 -58 26 90 12 -67 -10 -11 -8 49 18 
8 -19 30 -42 -12 -5 -49 -11 48 -4 41 16 -8 -16 -41 42 
-12 -19 35 103 128 57 21 23 58 -29 63 1 1 -2 33 -39 
-69 -12 -11 55 -37 8 44 12 37 13 28 54 43 -34 -35 51 
-26 -14 55 29 -25 -8 -14 -31 9 18 -22 8 44 -57 -2 21 
-27 4 62 -6 13 5 46 -34 -41 112 -21 -12 -17 34 -36 21 
-12 32 24 -25 1 32 -28 53 26 58 11 -44 37 -34 8 -52 
7 11 -6 -49 1 -9 16 61 73 23 -56 59 45 -13 84 -64 
-26 20 -14 91 -56 -5 -64 -10 -28 27 -60 23 -54 -30 3 13 
68 28 12 13 1 1 -1 61 24 -74 -4 21 20 7 10 -25 
22 16 36 -8 40 -15 20 11 10 5 44 66 0 -56 -44 -19 
-12 -32 19 46 48 0 59 43 -17 -7 43 75 -48 36 -9 24 
9 21 -61 -63 -6 123 74 34 -2 -31 59 116 5 11 45 -5 
141 2 51 3 60 34 -19 29 47 8 10 -5 18 8 87 -16 
-20 -49 29 11 -19 -33 50 -11 32 -39 -15 56 -13 -59 -58 -21 
19 1 -1 -14 -77 25 -24 -39 26 -11 -22 56 -100 86 -20 64 
-11 3 -30 -59 71 0 121 13 -9 20 -22 -78 7 15 44 65 
-36 -42 28 3 -29 26 12 -33 -9 52 -48 -60 2 16 -19 18 
119 -35 -21 31 0 -1 -26 53 102 -13 11 -78 -23 -20 79 16 
59 -13 88 1 0 -33 -3 39 -63 6 25 -138 45 15 5 -24 
-10 -21 -99 -112 23 78 -83 11 16 -13 15 -12 38 3 34 67 
-18 41 67 -78 -15 20 62 42 -3 -45 -3 89 -7 -47 16 94 
-13 -45 37 37 16 -44 12 27 83 29 -12 -28 89 75 107 -6 
-10 -7 33 13 -6 18 -25 67 -101 15 44 -157 132 -35 27 54 
4 13 -23 62 -51 -56 -9 -9 -38 -15 -12 -8 -4 7 38 41 
9 49 20 -49 49 48 27 42 56 25 54 -21 25 -67 -102 31 
78 99 23 19 -2 22 -7 24 -57 -47 -44 25 -13 -72 86 -31 
30 -74 14 46 -43 45 1 -59 41 29 -57 -15 -66 -18 24 1 
74 18 37 59 -48 36 -11 70 42 23 -68 -90 48 -15 -93 -36 
-26 73 12 -77 -33 36 15 -23 75 13 69 -29 13 -15 -2 13 
98 19 -5 -9 22 39 -94 113 -77 28 1 0 85 53 0 -38 
-12 6 -11 57 22 -8 50 18 19 7 -33 -14 -23 5 -71 -37 
-27 -14 -36 -19 -33 20 34 92 1 42 92 31 31 44 -83 1 
-25 -48 -16 -4 99 -31 84 56 -5 -66 -5 35 23 35 -7 40 
19 10 -48 -38 74 43 7 -1 14 -21 -24 1 -21 -32 18 -24 
5 -2 -18 57 43 -1 77 47 -2 42 81 -36 -14 1 -51 -65 
-24 14 -67 -6 -19 -10 -44 37 35 21 -19 -31 0 -27 -16 -7 
-103 43 -4 -7 40 64 35 -31 -4 67 -10 6 5 -50 57 -16 
8 2 13 35 22 -71 -33 -39 55 18 32 -87 -33 -120 -47 18 
-16 -52 4 -81 13 31 -22 35 23 73 -12 -19 -1 2 17 -30 
-129 15 22 10 -48 93 12 18 69 -10 30 -11 2 21 -42 -33 
-4 18 -1 -51 -52 4 -4 17 74 -82 -16 30 57 -26 67 -18 
-22 2 -7 -47 28 30 98 -55 33 35 12 16 -23 5 -17 -106 
-20 16 -36 34 -133 -62 25 -58 46 22 75 24 20 -25 -29 -39 
79 29 -8 -4 64 -72 34 10 24 -75 78 150 33 -42 28 13 
10 -41 -86 58 14 -9 -38 -42 -2 25 62 37 7 -8 -22 25 
50 13 3 2 109 -54 -32 44 45 88 -44 -35 -30 80 50 6 
2 25 39 -37 25 5 -11 -3 -22 -41 -48 58 -1 -17 -18 -50 
-9 47 -36 45 38 -5 -20 -55 6 36 -35 -54 37 -3 -13 -26 
43 -9 41 -36 -46 10 -33 -41 16 2 -11 -72 5 -19 -34 -72 
27 53 -26 -77 -1 -16 -21 18 -14 -2 7 -14 -38 32 30 50 
28 -52 19 41 -10 38 7 -20 10 11 -32 0 43 -50 -26 -2 
51 -41 59 -10 52 -79 -20 9 -2 -63 19 36 23 24 -35 26 
-17 110 -15 28 -53 -14 11 -5 -15 44 43 13 -13 2 12 -9 
-36 20 67 -61 -8 -25 -30 -71 23 43 33 -27 0 15 -28 13 
-62 -12 -61 -7 -21 7 43 5 8 -13 -9 -33 -16 -17 38 35 
10 -6 35 44 40 38 22 -2 18 -18 -19 22 -29 6 -21 -43 
-6 -19 -47 -39 12 -26 33 52 -23 25 -30 16 -61 -7 -23 -29 
85 15 -51 5 -38 -25 4 -36 -21 -49 28 -81 -105 -34 -11 -10 
0 1 15 36 -35 -4 11 19 -19 -5 -18 53 -19 11 -19 14 
44 0 2 -44 108 31 8 34 18 -26 28 -5 74 -4 -48 0 
-9 -23 -32 19 -58 44 -52 -12 -34 -26 -15 29 18 10 74 -56 
-2 -1 -32 -23 -37 -1 -20 3 43 32 39 -16 3 -14 -7 10 
44 28 25 -21 4 -48 33 -74 -13 -7 6 -17 -66 -26 43 69 
-48 -20 -43 -31 44 -33 15 -67 -5 68 -30 -10 -61 15 15 -9 
35 -60 -31 50 14 -50 5 -10 -71 -46 29 -6 -1 53 49 53 
-19 -28 1 6 24 0 -24 -24 30 -3 7 -4 -30 -17 -16 -96 
39 -30 -7 -49 -44 -66 -19 63 -3 -64 42 1 -27 34 28 63 
-39 26 -58 24 -51 -16 9 -1 22 35 26 -3 38 -72 50 -28 
-20 12 20 -3 -49 53 18 -52 -35 -2 22 8 13 -87 -23 26 
-5 15 4 17 41 -13 -24 -1 -41 31 15 -39 25 -3 -77 33 
-19 -14 15 -31 -23 8 -11 58 -23 -64 -55 42 44 -43 2 -16 
16 -15 -25 -13 10 -16 -14 -27 -8 -26 37 -44 33 -11 23 18 
16 -7 22 -15 -36 -65 7 8 64 -12 6 22 -9 20 5 -13 
-48 6 -1 22 20 25 41 5 -81 24 7 -21 -36 53 -35 -36 
55 -23 8 72 -3 -8 -25 9 -19 7 -13 -46 36 -5 34 -4 
12 -44 -6 -21 23 -34 -12 25 14 -21 -1 -16 -9 7 -6 14 
40 6 -103 -5 -6 -16 14 10 57 -4 7 14 1 -26 -22 22 
10 25 -19 42 13 28 -4 13 -30 -13 -5 -36 -56 25 -17 87 
7 -17 26 15 38 13 39 2 46 -65 51 32 -15 55 -47 60 
-13 18 -2 -66 -44 18 79 14 -71 35 4 -30 7 46 3 25 
31 36 13 -23 -21 21 17 -11 -61 3 -3 31 35 4 16 -48 
32 -25 43 27 -107 3 -29 -10 -18 -23 -3 31 -6 -71 9 -35 
1 -33 -67 -53 91 46 -137 -4 -95 -93 1 -7 -69 44 3 105 
-18 8 -31 34 -16 39 -20 -33 25 -80 -94 62 60 43 14 -1 
-112 5 18 -9 -31 -11 16 10 20 -41 -86 57 -5 46 44 -44 
-37 24 46 69 -17 79 -76 61 69 -10 0 -16 -36 43 21 34 
-52 -62 38 35 7 42 0 0 67 8 6 13 6 -66 -55 -75 
-10 29 -117 -20 50 -4 -29 -2 3 -12 98 90 -26 -62 47 12 
-28 -42 -18 -35 103 -65 -41 -95 -83 -29 -44 -30 110 28 -42 50 
-5 37 6 18 -21 -32 -51 59 -41 -11 -30 114 43 -12 -49 -55 
3 -61 -136 -2 60 -74 -28 53 -71 -29 42 40 32 -54 -44 18 
-40 -8 50 -81 -28 -65 88 72 -41 42 -55 -53 0 -7 14 9 
-22 -9 34 8 15 -62 -34 57 -43 76 -14 11 87 26 136 -41 
-140 25 18 38 1 -86 7 54 18 -42 12 -8 40 44 -40 -72 
2 -16 36 -6 -10 22 -52 -17 29 -61 -32 -26 31 -98 -27 40 
20 52 -36 -9 -111 -22 -53 0 -11 82 -14 38 -5 17 -37 50 
-31 -3 36 -18 -40 -41 -35 14 -124 -67 -2 28 42 -40 -31 -26 
30 118 -7 -9 26 -5 -6 -62 40 -116 86 -5 27 85 -5 -2 
56 -35 -27 -19 -9 -20 85 25 -11 -39 -4 9 -13 -39 -78 41 
-69 -24 61 11 -88 -16 -48 12 -105 33 -31 -43 -39 -36 18 -15 
27 -21 -20 -179 158 55 -37 -25 -79 -15 -39 -16 -68 32 -27 -48 
-12 18 -37 -28 12 -58 56 69 11 -38 -108 -46 5 12 -44 85 
-118 -83 3 35 0 50 -33 -69 39 64 -15 -4 -71 30 12 -55 
102 21 -69 -88 -17 10 -106 -62 -51 -16 -109 10 83 61 -26 117 
117 -41 -55 38 52 -20 0 -22 0 -3 -6 12 -10 1 -5 26 
45 -83 -16 32 -8 31 41 19 -24 -53 21 40 30 81 -85 -57 
30 -32 -26 -47 4 -35 7 31 10 -40 -2 53 48 -30 5 93 
-12 -29 143 -49 -12 -10 49 -9 -86 -38 20 66 35 108 -3 35 
-59 -132 -5 52 83 10 -13 -42 13 -95 16 -2 53 73 -5 -69 
8 31 -63 -26 -74 -21 -22 40 -25 32 67 -11 -17 -25 89 27 
2 -14 40 108 -8 -36 -1 27 -85 -63 109 44 -29 -77 -20 -11 
93 -91 26 -20 -72 -176 -14 -22 -105 10 -53 25 -33 2 -38 -11 
9 -20 -50 -74 18 -25 -68 1 -20 5 9 -27 -55 3 -79 -65 
-5 48 23 -73 5 -8 -3 39 10 18 -36 -40 19 25 -2 -43 
-59 61 30 -19 27 -122 60 -58 -76 3 -37 -18 35 1 -42 -4 
-74 -31 4 63 59 84 -25 18 -45 49 15 -25 -61 41 112 8 
13 50 27 -15 -39 -6 99 40 21 -103 -39 -28 -27 14 -37 -91 
9 -30 -7 -2 -99 -4 -49 -39 -26 -12 -58 -54 -31 135 -15 -2 
-6 -25 -5 0 36 7 0 56 53 -23 40 38 0 -41 -9 -26 
-14 0 -2 -1 -1 0 -38 -4 0 -7 -45 0 -35 -26 -4 0 
5 18 -62 -13 10 -44 91 -31 11 1 15 -14 -7 -5 -2 0 
14 0 -24 9 3 0 0 32 -88 -14 -67 4 -48 -15 64 3 
39 0 -3 76 -4 13 1 -129 12 0 -35 0 -5 39 50 11 
-18 3 -3 61 -39 31 -12 13 10 -7 -6 0 8 -5 -58 0 
-2 1 48 -5 -3 -5 43 -31 -53 19 -6 -42 -55 -6 27 -1 
-28 49 10 10 8 -37 10 19 -8 0 -26 81 -1 -9 33 14 
1 -21 1 3 12 2 -49 -66 27 8 -41 -12 13 -11 -19 16 
15 5 29 21 3 0 -2 16 -4 -5 -59 29 51 -10 -33 67 
48 -1 22 5 9 1 0 -2 -4 -15 -4 8 -41 -13 12 -62 
-49 -8 8 -39 6 -11 20 -18 -12 -13 27 -11 -1 -5 0 4 
92 -7 -66 3 87 -24 -11 17 39 1 5 -8 4 4 19 0 
-1 15 -66 -31 -20 20 0 4 14 -2 -2 -64 31 4 27 -14 
0 -1 -6 -6 1 15 -30 -46 -60 0 22 -25 -41 1 1 4 
-2 -37 2 -51 -4 38 -3 23 -83 31 66 11 -19 21 1 15 
-2 -64 -1 -34 2 0 -8 10 -12 -6 0 -21 2 15 -48 -12 
-39 6 -9 40 -5 43 -1 7 81 2 3 -20 16 -1 15 -3 
-20 0 -5 -6 -8 6 5 -8 8 -65 0 -5 -96 -2 -7 6 
-41 55 -22 5 -42 64 15 0 -1 -31 -20 -19 -19 2 -15 -4 
-19 -5 4 7 2 19 9 2 61 26 29 -11 -1 -32 22 -40 
28 -42 1 13 1 29 -4 -65 -29 20 0 -35 3 25 0 36 
-28 0 19 -1 57 -20 6 29 -3 -25 -7 2 -14 20 42 -68 
-22 15 -5 -5 -5 -21 -19 7 5 45 -22 -2 -29 57 3 -15 
58 106 -6 -7 46 -7 4 -6 14 5 -10 -1 0 5 22 -4 
-40 17 3 17 23 -12 97 37 -91 10 0 5 -6 42 -8 64 
-11 1 -9 -15 2 -1 -21 -43 39 -5 7 -61 -34 -14 -30 7 
7 -54 -44 0 84 -14 59 11 11 -12 0 0 -46 7 18 0 
6 0 0 11 11 25 11 0 6 -20 46 5 -24 23 31 -13 
31 -13 28 -60 36 -13 -31 -3 -10 12 108 -65 68 1 55 21 
15 -39 -94 11 -34 -30 3 -11 87 -1 1 15 19 -10 27 71 
11 1 -44 1 -13 9 18 5 -3 -4 16 -43 84 -22 -14 -21 
-11 -11 -7 -65 -4 -4 -9 -11 0 -36 2 13 10 1 -53 -32 
-10 40 -4 0 -22 11 -14 7 -26 0 -12 -101 -7 -41 6 66 
14 15 -3 0 -5 5 0 -22 17 9 -1 -3 21 -1 -6 -53 
0 -33 -21 17 -16 30 1 6 -64 -41 -3 0 3 -11 0 26 
0 0 0 0 1 -2 0 5 36 9 41 -3 0 -3 3 -8 
-1 0 -32 0 0 0 -10 -3 0 0 2 2 7 -23 -2 0 
16 0 -31 -29 1 -20 7 -14 -22 0 -2 -3 -9 2 -30 0 
1 0 -6 37 0 0 0 11 -36 2 -14 -3 -18 2 44 -2 
-12 0 7 52 -2 -8 -32 -65 13 0 -15 0 7 18 32 -2 
2 -20 6 30 -15 -4 4 -16 -14 1 -19 0 5 -11 -30 0 
-1 1 35 -2 0 -2 32 -3 -6 21 4 -28 1 18 21 0 
26 34 -2 32 -8 -33 2 -6 -2 0 -24 45 14 -11 -3 9 
0 -6 -3 -1 0 -2 -49 -30 10 4 -13 -1 -15 -5 0 3 
-3 -1 -12 -4 -1 2 -16 36 0 -1 -13 -15 6 1 -19 3 
16 0 -1 -18 2 -40 -15 -1 0 -5 -3 -22 -11 1 -13 -1 
-10 -45 3 -30 6 -11 2 -23 -24 -15 -25 -3 -13 -24 0 35 
26 33 -40 -14 69 -8 5 32 -20 -1 0 5 -21 -1 -2 0 
2 -13 13 -14 -20 -17 0 31 0 0 0 19 -18 0 -1 -27 
-6 0 -8 -1 1 -22 -23 -2 -5 0 7 0 -16 -1 -15 -7 
4 -25 -31 -23 -13 3 16 -2 -17 -31 9 6 0 26 0 -10 
-1 -5 0 -7 -13 0 -16 5 -5 -13 0 -1 0 32 -15 5 
-41 2 -16 25 -1 -3 44 -13 15 -1 -21 -12 4 0 14 -4 
-14 0 2 0 -29 -2 1 3 3 -22 2 0 -56 -6 5 0 
-23 8 -4 5 -20 25 6 0 -5 -8 -9 -31 -20 -3 -30 -1 
-4 -2 -2 -22 -1 -24 23 -2 -6 -27 36 -5 1 17 6 -30 
1 -10 -16 -15 -1 0 0 -12 -7 -42 0 -12 -1 -1 0 18 
-5 -1 1 0 7 21 2 -8 -17 -1 14 1 -8 2 41 -8 
-4 24 0 -2 -2 -41 -24 -1 0 16 -15 -1 1 7 -12 0 
12 1 -1 0 -28 0 -11 -4 -5 1 -2 0 0 -22 6 -6 
-9 34 2 5 4 -1 19 -12 -63 2 0 -1 1 -16 -14 25 
2 0 -18 -2 0 0 -40 -29 3 22 -3 -46 3 -7 1 -13 
0 -16 -33 0 29 7 20 -2 5 -26 0 0 -10 4 5 0 
3 -1 0 -6 -9 1 31 0 -16 -21 27 0 -14 57 22 -9 
-17 -18 7 -48 -17 0 -6 6 -19 -1 41 -35 24 0 19 -2 
25 -13 -47 -29 7 -37 -8 -25 24 0 -2 -10 -29 -22 8 16 
26 0 -25 0 -5 16 -15 6 1 2 9 2 66 -4 -3 -4 
-2 -4 -29 24 -1 0 0 -36 0 -4 -3 -41 1 3 -13 0 
4 33 -9 0 -23 2 -34 1 -12 0 -18 -6 1 -35 3 60 
-19 0 -1 0 -4 1 2 15 -13 0 3 0 1 0 -26 20 
-2 -14 -1 -15 -24 -27 -2 7 -13 -21 -2 0 -2 10 2 9 
1 -12 1 0 2 2 0 -2 6 10 -12 -25 0 17 4 -15 
1 0 17 0 0 0 19 -3 0 0 -4 19 46 -26 -1 1 
-19 -3 -31 12 -3 1 -70 -10 4 0 7 -7 12 -2 -33 0 
0 0 -13 50 0 0 0 38 9 0 -5 1 34 3 -20 -6 
7 0 -10 -19 2 -4 35 6 -3 0 4 3 24 21 -28 -2 
6 -24 -15 2 -12 -4 -3 -36 1 -2 -8 0 1 39 28 0 
1 -1 -1 0 0 2 -10 4 -2 -2 1 19 7 4 9 0 
39 21 4 -18 -30 -8 -17 -6 1 0 -12 -28 0 4 -1 -12 
0 7 2 0 0 1 -39 34 12 -8 11 -4 22 18 12 1 
24 -1 -7 -26 2 6 0 47 -1 0 -5 -7 -42 4 -15 0 
-13 7 6 22 3 7 9 0 3 -7 34 12 15 1 1 9 
21 6 -3 -4 -4 -6 2 -20 -41 7 -8 3 17 1 0 -32 
-53 43 -26 9 -9 43 0 1 40 0 3 18 18 -2 12 0 
3 26 14 32 -24 12 0 25 -1 0 -2 79 -20 0 35 13 
-5 0 16 -7 1 -4 -37 29 66 2 -14 3 -22 -1 -22 -22 
-11 -38 37 -5 -35 -9 20 -13 44 31 -41 42 3 11 0 38 
18 -10 0 10 -11 0 -5 4 4 9 0 2 -1 -20 20 0 
-2 1 -1 -9 2 5 33 3 -28 -1 -14 -17 11 0 -8 -35 
23 1 24 -49 -8 7 7 1 -6 20 3 -1 -7 -20 42 -1 
-21 14 -13 -21 -4 -5 -14 0 3 12 4 -22 3 -2 26 0 
0 0 3 15 1 28 27 4 -50 8 49 8 0 14 32 -6 
4 -7 -23 -4 0 -2 2 -9 -18 4 0 3 -1 -4 0 34 
9 4 -1 0 11 39 -1 2 0 -9 -2 -2 1 -5 -7 60 
-3 -10 -2 -2 0 -6 1 4 -1 -12 20 0 26 31 -37 6 
-28 -33 -1 0 9 1 32 2 0 0 2 0 0 -33 -9 7 
-22 9 4 2 8 -3 -40 -15 -4 -1 0 -1 -1 -24 18 -12 
0 0 8 29 0 0 -30 -13 -21 19 -1 -1 44 12 -9 -17 
-3 61 10 0 1 14 -33 -3 7 -31 0 0 -10 -2 -15 0 
0 2 0 4 28 -15 31 0 12 -7 -1 -1 -31 8 11 -4 
5 -25 1 1 -24 1 19 -9 -22 -11 10 1 41 1 -3 7 
-29 27 -20 2 20 -17 -2 -14 0 0 3 -43 51 -48 2 10 
-31 1 23 -1 10 -56 26 3 3 1 22 8 47 1 1 -1 
5 -4 53 76 8 2 7 1 0 -6 -11 23 0 -2 5 -5 
0 -35 20 0 -24 4 -2 2 6 0 -21 -20 3 -7 0 -10 
32 2 1 0 9 2 1 -11 -24 1 -21 5 -47 -1 -33 72 
8 -3 10 15 25 26 0 -1 36 8 1 0 4 -7 7 -1 
-11 55 3 0 13 1 0 42 27 -43 -42 68 -1 -26 15 22 
14 0 12 -2 0 1 50 8 0 11 26 -32 20 43 13 7 
-14 14 169 -3 -4 -55 -93 7 -5 1 17 7 46 7 27 2 
6 0 6 75 2 0 0 -24 2 21 -7 3 31 5 -26 4 
-70 1 -28 -29 14 -45 4 25 -7 0 42 0 -25 111 68 1 
1 35 -7 2 -1 20 3 -25 -25 3 -14 0 -3 36 34 0 
0 3 -13 -5 0 4 -2 3 -1 59 19 28 29 25 -10 1 
5 -116 3 -51 42 -29 -14 -7 2 0 -29 -1 26 6 -30 -32 
-4 -3 -15 10 12 -6 66 -2 -28 13 -6 -9 -91 -8 6 -6 
-4 7 34 62 -11 -9 38 -94 -3 -5 -5 -132 19 -4 19 38 
-14 11 20 -11 23 -63 16 4 4 10 -3 -74 48 -19 -9 46 
-34 33 -6 2 17 9 21 25 96 6 52 10 -30 21 0 -2 
-30 -146 -31 21 58 -39 -2 -10 3 7 6 10 6 -5 -3 1 
17 5 47 20 32 10 0 -93 8 7 0 -35 -45 -9 29 41 
-9 -1 6 17 2 5 66 62 -1 -3 -18 25 29 2 37 -26 
11 2 -23 43 45 27 21 -49 18 46 1 46 9 21 -1 -1 
-26 169 -1 36 49 0 21 -2 -8 -9 2 117 8 -42 -20 -4 
25 12 -15 37 3 -11 49 33 7 9 22 -19 16 2 -27 100 
-92 -2 -19 71 -41 4 13 29 5 69 -2 -3 1 -32 19 -5 
58 10 -7 43 -5 11 -89 0 -5 -27 -5 32 10 -4 -10 8 
17 -5 -1 -18 -3 -9 26 44 -4 -18 -76 -7 10 7 -35 6 
5 88 -41 5 -2 115 -5 -33 14 7 0 -27 0 17 0 77 
26 -1 14 10 20 18 -5 5 -26 24 -7 28 1 0 -33 22 
-5 28 20 1 3 -22 -22 2 -1 62 -3 0 -39 -1 69 -7 
74 32 12 -3 -72 1 18 -1 4 -1 -8 -1 0 69 -11 -16 
-41 113 24 2 -12 -2 38 3 48 5 -1 1 30 -130 16 -34 
1 7 50 -28 0 -3 -42 84 18 -104 7 10 4 5 53 -27 
-8 -25 -58 5 72 8 -110 5 -18 87 1 0 57 13 20 0 
-1 2 0 -9 24 2 -20 0 -22 66 12 7 117 -35 47 12 
20 -28 12 66 6 -8 -10 -6 -22 -14 -32 -50 45 2 -33 -34 
62 -17 26 -68 -13 57 2 -25 -21 0 15 35 1 31 -52 27 
16 -1 27 -1 -4 76 -11 22 1 -1 7 13 -2 4 1 6 
-26 3 13 44 5 8 -28 -8 0 41 18 -21 -5 -19 58 29 
-16 80 3 0 90 24 -13 8 25 2 -10 64 4 43 -2 -28 
0 -9 9 0 -25 -9 8 79 2 15 25 10 38 0 9 -22 
-21 24 33 5 -29 -62 7 -18 63 -70 8 1 7 59 7 6 
-1 -32 1 0 38 7 0 -5 24 56 34 48 0 -20 -7 -2 
-2 0 7 0 0 0 -14 3 0 2 -5 -8 -27 -49 -2 1 
9 8 -61 4 -19 24 -30 21 16 0 -4 32 -56 1 49 0 
6 0 -51 -79 -1 0 0 22 -41 12 4 -4 -16 -48 -65 0 
31 0 3 -59 -5 54 65 -5 7 0 5 -1 -6 11 -19 4 
-13 15 -12 29 -19 5 4 45 61 -1 -2 0 3 36 -57 0 
0 -2 52 0 0 -3 10 9 6 -56 1 19 -29 -19 -2 0 
11 -3 -9 19 -19 11 -32 11 -2 0 15 -29 -19 3 20 16 
0 3 -1 1 6 -2 41 28 -14 2 1 6 52 18 0 7 
26 1 -6 -37 -9 9 3 -26 0 1 11 43 -33 3 14 -12 
-6 9 9 16 5 56 28 0 -1 8 8 63 21 6 -13 -52 
21 11 -5 36 -16 -26 -1 11 -32 -28 33 -4 51 22 0 -21 
7 19 13 -10 -33 50 -5 -1 43 0 -1 9 1 3 -17 0 
-5 36 -26 11 -33 29 0 24 8 1 -1 -29 -8 -1 14 16 
-12 0 -5 15 0 32 3 -37 -47 0 -7 -3 15 3 23 32 
-16 -7 46 -24 6 10 -19 -11 11 37 51 -9 2 -21 0 48 
16 -67 0 5 -20 0 4 -2 1 32 0 -25 1 -12 -21 -61 
34 -5 9 3 -2 4 -11 -6 22 -1 22 19 -5 0 0 5 
-12 1 6 -20 -1 -4 -1 -35 3 -46 -4 -3 24 -12 13 0 
-12 -28 -1 42 -18 -33 42 0 6 17 7 -16 13 2 -3 -3 
13 -3 1 24 1 18 9 -9 43 22 -8 0 -9 -11 25 32 
5 -9 -4 -8 1 -25 -1 83 15 103 0 -2 0 4 0 -89 
-1 5 9 -3 -7 6 1 8 43 -25 -14 -12 -10 0 -10 -27 
-2 2 -2 4 1 28 32 -3 -1 14 -48 1 10 47 -17 -18 
-6 21 -2 -1 75 -1 -7 -1 1 0 21 0 0 29 15 28 
-14 -37 -8 -3 17 -4 -16 -15 -34 -3 0 3 -1 84 2 -3 
5 0 -12 -27 0 4 50 41 -24 -8 6 -15 -32 -3 6 11 
1 28 39 -1 5 -6 45 10 -6 -32 0 0 -19 -1 -13 0 
1 -1 0 31 -32 -2 -1 0 16 18 24 1 -19 -41 -60 4 
2 17 5 51 28 -12 5 -15 9 3 3 -3 14 -1 -9 44 
14 25 -20 68 20 53 -5 6 31 0 -8 7 33 13 -49 -60 
-50 1 32 2 -4 -71 27 -6 -1 -1 -21 -24 -75 -1 -3 -7 
-10 3 13 -34 10 -3 -6 38 0 1 10 32 -4 -2 -13 -31 
-2 -30 16 0 8 -10 -3 -8 16 0 57 14 -7 22 -4 -58 
26 -5 -5 0 3 2 -3 -14 27 0 -3 -16 -72 0 -14 -36 
-9 -13 3 -2 22 64 0 -5 0 48 -4 0 4 -25 -4 -10 
-12 54 6 -1 -39 14 0 124 -37 14 -118 -121 5 35 -56 -24 
13 0 -34 -3 -2 -1 -1 -9 0 10 -57 -13 -28 61 -1 7 
-12 -2 0 -26 43 8 52 28 -95 -3 -19 31 59 3 10 3 
-58 0 65 48 3 1 0 2 58 -28 -13 -11 -49 -23 73 0 
-10 1 46 43 -22 69 16 22 1 0 -17 3 -18 -6 -21 9 
-21 80 148 41 69 10 12 -62 4 -15 37 0 16 8 20 0 
5 2 91 -1 -1 2 -131 -32 33 134 14 -55 12 39 -57 -2 
-105 56 -5 -72 -23 -33 136 -4 -22 0 23 -54 103 -49 -46 89 
1 -17 -2 -6 12 9 -22 -46 -2 -3 57 -24 15 -7 49 -1 
-17 -2 -15 -12 42 -20 55 16 -3 -2 27 -25 70 -37 24 59 
98 13 22 -16 10 -64 11 7 -3 -11 -40 -11 -38 31 3 -9 
-9 7 -17 -30 30 21 36 -4 49 11 -36 -12 22 37 0 68 
-52 24 -6 96 -112 -22 4 -15 -29 9 1 15 29 9 -14 2 
-6 21 21 -51 -106 6 0 -25 9 5 17 -60 -17 4 -17 -25 
23 3 37 -15 2 49 23 11 5 2 56 -69 -50 0 -54 -27 
47 73 38 30 -17 43 -21 9 10 19 -112 -81 -1 8 -1 0 
-35 17 -1 46 64 -1 144 -16 -31 10 4 -5 -8 70 29 30 
15 1 4 -64 -2 -105 -14 -3 24 -2 46 -57 -43 5 -15 -36 
-52 11 -20 29 -4 23 -10 14 -5 -73 -12 -5 21 55 26 0 
-26 86 -30 -34 -34 -11 7 0 1 37 -3 5 5 -1 -69 9 
24 3 -9 26 8 -32 -4 -20 -30 74 -11 10 -7 75 -93 -81 
31 -45 88 84 7 -67 12 -54 -14 -73 -1 15 -1 1 -1 -85 
-36 11 -16 1 27 -27 -3 13 -85 -48 162 5 11 28 83 50 
-1 80 -8 -42 6 -16 28 6 -12 36 -15 6 -121 37 -13 45 
-25 61 -4 6 8 7 10 13 9 -21 -6 0 0 -44 44 -13 
160 14 -15 25 5 -19 9 20 77 -10 0 0 -17 67 26 40 
-18 11 106 98 4 14 -25 -36 81 -8 10 -77 -20 -12 -55 41 
2 2 -102 0 93 -35 -1 22 25 -39 1 -1 3 -20 52 0 
13 10 0 -2 -54 -2 -53 0 -28 22 -122 14 43 48 63 0 
6 -11 -17 -47 -54 -18 22 32 -21 -6 35 161 -69 -3 70 54 
-1 -19 62 1 27 -47 -13 51 51 1 -1 50 5 9 42 -50 
-23 -7 -35 -2 -13 -4 33 -48 4 8 -133 13 3 0 -4 24 
-55 5 18 -59 5 -11 116 -19 -2 4 -37 26 2 6 -69 22 
8 53 17 0 -51 -2 28 -24 27 -1 5 -101 -14 -42 30 10 
-9 -16 -14 0 -27 -16 0 -42 34 9 7 40 193 3 19 -7 
2 -48 -13 1 -20 -110 32 42 -18 -92 -5 -1 25 -4 -11 59 
-2 5 5 3 4 -2 1 4 -4 -4 6 -5 3 -8 4 -2 
-7 -1 -7 2 9 0 -11 2 -5 -9 -6 12 4 -3 2 0 
-4 10 -6 6 1 -6 3 0 8 9 5 0 4 -4 14 1 
3 5 -3 15 4 -5 2 2 1 -6 0 -5 5 -1 2 -2 
-6 -10 3 -3 5 9 6 -6 1 -7 -5 2 -9 6 12 8 
3 -6 -1 -3 -1 0 3 1 -16 -3 -9 0 -1 0 -4 2 
2 6 0 -3 0 4 2 3 -4 -4 3 -3 1 1 1 8 
6 0 0 -1 9 -1 -2 -1 -6 1 -6 -6 8 0 -1 1 
3 -2 -6 6 0 1 6 4 6 5 3 -2 -2 3 11 -7 
2 7 0 5 0 -8 0 8 -1 -6 -1 -3 -3 -8 1 -4 
-10 0 13 -1 -4 4 5 5 -1 -8 5 2 -9 2 4 2 
-5 -6 8 2 -3 1 4 0 -1 -9 -1 8 -4 4 -9 4 
1 6 0 0 5 0 -1 -2 -2 -4 4 -7 0 -3 1 4 
-2 -4 -7 -3 5 1 -3 1 -2 -6 -5 -1 6 1 1 4 
-4 1 -2 2 2 0 4 9 3 6 1 -2 2 0 5 -8 
2 -1 4 4 -4 -5 1 7 0 -3 2 -6 -4 -6 -1 -1 
-5 -2 1 -7 1 7 0 -5 -3 -4 -1 2 -8 2 7 2 
-4 0 -1 1 0 0 1 -4 -1 -6 -1 2 -2 -3 -9 4 
-6 14 4 1 -1 3 13 0 -7 -10 10 -1 -3 1 -1 1 
7 -4 0 -7 2 4 -6 2 2 -1 -1 5 13 -8 -2 -1 
-4 1 -8 3 3 -6 5 4 7 0 3 5 -3 -6 7 -4 
0 5 -3 9 4 -8 2 9 0 -6 -4 0 -2 -10 -3 -7 
-12 -9 17 -4 -8 0 0 7 -1 -13 8 8 -8 6 1 -2 
-4 2 4 0 0 6 6 4 1 -5 2 9 -2 5 -10 6 
1 1 1 -2 7 3 -1 4 -3 -9 2 -9 -1 -8 7 3 
1 -2 0 2 10 -2 -3 4 -8 -8 -1 0 6 5 2 6 
1 1 0 8 5 -4 4 4 0 1 -5 3 -3 9 12 -9 
0 1 0 4 -6 -4 1 5 7 -2 2 -4 -4 -3 15 -5 
-2 -1 13 1 2 10 0 -6 0 -5 2 1 -8 -4 12 5 
0 -4 3 2 1 1 0 2 0 -6 -6 -4 -1 -5 -6 10 
-5 3 0 0 2 3 0 4 -3 -4 -1 -2 0 -5 -1 4 
2 -3 -7 0 2 3 -1 1 -6 -5 -1 6 7 1 1 1 
-6 3 -1 0 0 1 2 6 1 2 -1 1 1 1 5 -8 
0 6 2 3 -3 -6 0 6 8 -9 1 -6 -6 -2 6 -3 
0 -5 0 -4 5 5 0 -2 1 -4 3 0 -7 2 6 0 
-1 -1 1 -1 -1 -2 0 0 -1 -4 0 6 -5 -5 -5 7 
-9 -9 -3 -2 0 -6 2 0 3 -7 0 0 4 -8 3 5 
1 -3 -12 4 5 -4 -11 2 -9 -3 -10 5 3 0 2 12 
-2 2 -7 12 9 0 7 0 3 12 4 -4 -1 7 1 -3 
0 2 4 -4 -14 -10 1 -1 7 -6 2 -3 -9 -2 7 -5 
-1 -9 4 -1 6 11 6 -8 4 -6 -3 0 -13 5 5 5 
-6 -4 7 2 5 -3 -1 -5 -8 -10 -3 11 -7 -1 -6 0 
-7 -2 -7 -6 4 1 1 1 -2 -8 0 -3 -3 -3 3 2 
2 -2 -6 1 1 -1 -10 -2 -7 -4 -3 0 2 -5 7 4 
0 5 -6 3 3 8 12 4 5 2 -4 -4 -2 -5 0 -7 
0 2 3 1 -8 -1 8 1 6 -9 -5 -6 -6 -5 5 1 
-1 -6 7 2 5 5 -1 1 -8 -7 4 0 -5 7 4 6 
0 3 3 5 0 2 3 3 -6 -7 -4 14 -5 -7 -10 3 
2 -1 0 -4 5 -4 -11 7 -6 28 4 -12 29 -16 8 -14 
-8 -14 10 -2 -2 -9 -10 6 11 -18 19 -2 41 36 2 10 
-2 34 -15 -17 -45 -1 -2 26 5 2 -33 -14 -1 -5 -3 -17 
-8 5 -14 19 11 2 -2 -7 -10 22 5 7 1 16 32 9 
4 -7 -14 5 3 -5 -8 12 -17 -8 -14 9 9 -7 10 1 
-5 7 7 -10 -3 39 15 16 -31 -6 -6 -16 25 -8 -5 18 
-6 -4 3 0 4 -4 0 4 4 -1 -1 -2 2 -4 0 1 
5 -4 -4 2 4 1 -1 0 -5 -6 -5 -2 2 1 5 6 
-3 4 -9 8 2 3 8 7 0 6 -3 4 -2 3 6 -7 
-2 4 0 6 -4 -8 6 1 6 -10 2 -4 -7 -7 3 -3 
-2 -3 1 -1 7 8 2 -1 -5 -6 -2 0 -5 5 10 3 
3 3 4 0 2 -1 2 3 -6 -11 0 1 1 -5 -6 9 
-1 1 0 -2 3 2 5 3 1 -4 0 -7 -2 -2 3 3 
3 2 -5 -2 6 3 -1 1 0 -2 -2 -1 5 3 2 5 
-5 -1 -3 2 -1 4 3 5 5 4 4 -3 1 -1 8 -4 
4 1 0 6 -6 -8 3 6 4 -4 0 -6 -1 -3 6 -3 
-7 -3 7 -2 -2 7 4 0 -5 -6 0 2 -7 2 3 1 
0 2 7 3 5 6 4 0 5 -3 0 7 1 1 -6 10 
-3 3 0 6 3 -7 6 -1 -5 -6 4 2 -2 -7 -1 0 
-2 -4 -8 3 6 -1 -6 1 -5 -10 -9 2 5 -4 4 -2 
-9 5 -7 1 1 -1 2 2 8 6 4 3 3 -1 8 -3 
4 3 -3 5 1 -4 5 7 3 -7 -2 -10 -4 -3 2 -1 
-4 -7 2 -3 3 6 2 -6 4 -3 -2 6 -11 2 4 1 
-3 -4 -1 -2 -1 -5 6 0 -2 -8 -1 1 -2 2 -7 1 
2 5 0 -3 1 15 4 -4 -8 -3 10 2 0 -3 4 -2 
14 -4 3 0 2 5 2 -10 1 3 1 -12 17 2 -3 -3 
6 -6 1 8 -16 14 9 14 13 -6 -6 -5 8 4 2 -12 
5 -5 0 4 -1 6 -1 12 1 9 2 -7 -3 3 0 -6 
-17 7 6 -2 -5 1 -4 8 -12 -8 8 7 -3 10 4 1 
5 -2 21 -12 -7 15 12 -6 17 -1 8 -2 7 6 -12 11 
-1 2 2 3 4 1 3 1 0 -3 0 -5 2 -1 1 1 
1 -1 -4 0 2 0 -3 4 -6 -6 -3 2 5 -3 -2 1 
-3 4 -2 -2 5 0 5 5 3 6 -1 1 1 -2 1 -3 
-2 0 2 3 -4 -5 4 3 5 -5 3 -6 -3 -3 2 0 
-2 -4 7 -4 2 2 0 -1 0 -4 2 1 -6 2 3 1 
-3 0 1 0 1 0 2 -2 1 -3 0 4 -2 -2 -4 5 
2 4 0 0 5 3 -1 1 -2 -5 -1 -6 2 0 7 7 
0 0 -3 -1 8 0 -4 1 -4 -6 -5 -3 6 0 3 -1 
-5 0 -4 3 0 2 3 8 2 5 -3 -1 2 3 5 -5 
2 1 4 2 -1 -7 1 5 3 -4 -1 -7 -5 -3 0 -2 
-5 -1 9 -2 -1 7 3 -2 -2 -5 1 1 -7 4 1 0 
-1 -3 5 1 2 1 4 0 3 -6 -3 4 -1 -3 -2 4 
25 -24 7 23 1 -5 -5 1 -13 -6 19 0 10 33 0 18 
19 3 -16 0 -7 9 -1 43 13 5 -26 17 -12 9 -13 -6 
22 5 14 15 -18 10 -9 -6 18 -3 -17 -17 -6 28 13 -8 
5 13 -6 -6 5 2 0 2 3 17 0 5 -18 -9 -34 4 
0 -6 1 -10 12 6 -2 -23 11 7 -13 29 -20 4 -18 19 
-14 -32 7 3 21 -7 -17 -1 28 7 -4 -3 -21 4 9 0 
-7 -5 6 9 6 -6 14 -8 -3 -2 2 6 0 -9 5 -1 
-7 0 -10 2 10 1 -3 -3 5 -19 -8 1 -1 5 6 -7 
-9 -3 -5 4 0 -2 3 -4 2 9 1 1 3 -1 -2 0 
2 -5 3 4 -7 -10 2 6 19 -19 -1 -13 -6 -8 1 2 
2 3 3 1 8 10 8 -11 3 4 -5 8 -12 4 10 2 
-3 6 -3 2 0 -2 3 -12 0 -5 -3 4 5 -11 -16 -4 
3 3 -4 -4 4 -1 9 6 -2 -7 -4 -3 3 1 -3 7 
4 -7 -10 -3 4 2 -8 -5 1 -5 -1 1 0 -3 1 5 
6 10 -10 4 4 5 11 -3 5 2 4 -5 4 -10 -2 -4 
-9 -5 0 1 -13 -7 1 -1 8 -1 -3 -8 -1 -10 5 -1 
-5 1 6 -1 5 7 2 1 -6 -1 8 3 -9 9 7 -5 
-5 2 6 5 4 3 6 -1 9 -7 5 15 -3 -7 -8 -1 
6 -28 -24 -13 -11 15 16 -17 22 -7 -13 5 4 14 9 33 
-11 31 -22 -10 -9 17 -8 -11 -9 -3 -11 -17 -33 -14 16 23 
-1 3 -2 33 10 29 12 -10 4 5 19 -25 10 24 -18 7 
12 1 49 -37 -9 9 17 -7 -12 -1 -20 7 -27 -2 11 -2 
-12 5 5 9 10 -7 10 21 8 10 6 -14 -6 10 -4 -14 
-7 -3 18 -16 -2 -14 -11 -13 26 -4 -28 23 0 -2 -16 -1 
-2 2 -1 9 3 -7 5 -2 -2 -8 3 4 -4 -3 4 -1 
1 -7 -5 -4 8 0 -7 2 -2 -7 -5 0 -1 -3 -2 -2 
-10 2 -1 5 7 4 9 6 6 6 -1 2 -3 -2 -2 -3 
4 -2 -3 5 -7 -7 6 1 10 -8 1 -10 -9 -9 -6 -4 
-2 -3 5 0 5 12 2 -5 -1 4 -2 10 -10 2 11 -2 
-1 -3 -2 0 1 -1 2 -6 -3 -6 4 5 -1 -8 -11 0 
24 -20 22 1 18 -13 -5 1 2 -9 9 0 13 16 -18 15 
22 6 -24 0 -7 19 -8 24 5 -16 -21 12 -14 7 -12 5 
14 16 17 -4 -20 0 -6 -26 -10 1 -4 -18 7 24 2 5 
9 29 -14 31 4 9 1 9 11 5 -17 -8 6 -6 -23 13 
8 -1 -2 -17 20 11 1 -13 -6 -7 -18 18 -12 -11 -21 26 
6 -53 -18 6 7 6 2 13 -5 7 -12 10 -15 14 1 -12 
17 2 -2 -13 -5 12 17 9 -1 1 11 20 5 9 -10 -11 
19 -15 2 1 18 13 -5 -2 20 -1 -7 -15 19 43 -10 -29 
4 -6 -4 5 -8 9 0 8 36 -23 -21 -6 -7 19 10 -23 
17 -25 2 -12 10 -5 -1 -9 -6 18 -8 -26 -7 19 -13 -2 
-14 6 2 -10 -11 4 -16 5 3 -8 -7 3 -1 19 11 5 
-2 -2 8 -50 10 3 -9 -35 31 -16 -21 -11 -15 -22 13 -5 
2 0 -2 -2 5 -3 5 3 -7 -4 2 -8 1 -7 2 5 
-1 -2 -3 1 2 -1 -2 2 -3 -7 -6 0 4 1 5 0 
-2 0 -3 7 -1 -1 4 9 1 2 1 -1 -2 3 8 -3 
-1 0 3 1 -3 -7 2 6 2 -1 6 -9 -5 -2 2 1 
-2 -3 10 -2 -1 8 3 -1 -4 -6 -2 2 -7 4 5 6 
-3 -4 8 2 5 -2 1 2 -4 -3 0 2 -3 -6 -7 7 
4 0 -6 -20 11 8 7 10 -1 -7 1 -6 9 -10 5 12 
11 -3 3 -2 7 5 -3 -10 5 8 7 -20 4 4 17 4 
12 4 -5 10 -15 14 1 4 9 -9 -10 -14 4 1 10 -16 
-3 0 7 9 -3 7 -7 8 -1 13 -5 -6 1 8 14 1 
-17 -3 0 1 -10 -2 -12 17 -16 -3 5 -7 -3 11 1 -1 
9 -9 18 -7 -8 16 8 0 5 -10 6 12 2 0 3 13 
5 6 4 1 4 3 2 2 -3 -5 8 -4 -1 0 8 4 
6 -1 1 -2 10 2 -5 2 -1 -3 -7 4 7 -2 2 -1 
-4 -2 2 7 2 1 3 4 3 3 0 -4 1 0 11 -2 
2 11 -1 9 3 -2 6 7 4 -5 -7 -4 -3 -6 -4 -2 
-7 -6 9 0 4 6 2 -2 1 -8 -3 7 -8 3 -1 5 
0 -9 6 1 1 4 6 -1 2 -3 -2 8 -7 0 -1 2 
-6 20 4 21 0 -21 15 -1 -15 -2 7 10 -13 -3 -7 -11 
-2 -4 -3 -16 3 -1 1 1 4 -18 -18 15 3 1 1 -29 
-18 -9 -8 -14 3 6 7 -1 -2 2 8 6 -7 -18 -5 8 
13 12 -17 5 9 -9 1 17 6 -13 -13 -11 4 -12 -8 8 
1 -7 2 -2 11 18 -1 1 16 4 -2 29 -7 1 6 2 
3 0 -6 4 -9 -12 1 5 9 -9 -4 10 -4 -3 -6 -11 
-28 3 -29 9 -16 8 6 -7 -8 2 -6 -6 -12 8 1 9 
-19 7 15 0 1 11 -5 -3 -8 12 -5 16 -19 -36 44 6 
-9 7 -7 21 -3 19 26 13 -9 6 -12 2 3 -3 3 22 
0 -14 12 -2 12 11 43 -2 8 -23 -29 27 -10 -11 -36 29 
-7 -7 -15 10 1 -11 1 -4 -19 22 9 8 13 21 -4 -4 
17 -7 -20 53 10 -18 -8 20 -5 0 5 17 -12 -4 -20 -6 
1 4 -1 -4 4 0 6 2 -4 -1 3 -6 -4 -4 3 2 
5 0 -3 0 3 -2 -5 0 -4 -5 -6 -4 5 1 0 -1 
-3 4 -4 1 -4 -6 7 8 4 0 3 2 -4 -5 15 -8 
3 6 -2 8 3 -8 0 7 4 0 -3 -1 1 -3 5 0 
-10 -4 12 -2 0 2 1 1 -7 -12 -1 2 -7 1 9 3 
1 -7 4 1 0 7 3 0 -7 -4 0 4 3 1 -4 7 
23 15 33 0 9 12 -17 -9 -5 -9 8 5 1 14 10 -4 
3 15 22 15 -2 -9 8 -14 -1 -5 17 -16 12 -13 -2 -3 
-15 -12 -14 -1 -9 -16 18 13 -10 15 24 12 6 -4 -14 -3 
-4 16 12 11 1 -11 -13 3 6 1 5 -4 -11 1 16 -18 
9 8 -6 -7 -6 -14 11 -1 -12 12 -7 4 -2 2 -7 20 
-3 27 10 0 13 10 25 -13 7 12 12 -7 17 -7 -4 20 
-2 17 5 0 5 -4 8 1 -1 -11 12 -8 -3 1 0 -1 
-1 -2 -7 -4 -2 2 -10 2 5 -9 -8 14 1 -3 7 -3 
-12 12 2 1 -5 -8 11 -3 11 13 2 3 3 -12 9 1 
1 6 0 15 6 -7 3 1 1 -6 -11 -7 10 -2 -5 5 
-5 -11 6 0 2 5 5 -2 4 -8 -2 3 -6 8 8 3 
12 0 5 4 -2 8 6 3 -16 -2 -9 1 -2 -1 -2 2 
10 -3 14 -1 -2 20 -6 4 -16 -24 0 23 -5 12 19 7 
1 17 8 -7 16 -7 3 6 23 -9 -8 -6 -13 2 -2 -5 
-16 -26 7 7 17 -6 -14 -6 -6 0 33 3 15 -8 0 0 
-8 11 9 5 -25 -14 -6 11 21 -9 -6 -17 -6 -11 -7 -6 
0 6 -3 3 0 0 14 -1 4 5 -15 -10 0 -6 0 2 
-10 -2 8 -12 7 2 17 -15 19 8 2 -8 13 -7 -13 1 
4 -6 9 0 8 -3 7 6 -6 -10 1 -8 2 -8 -4 1 
4 -8 -16 2 14 0 -6 20 -3 -9 -15 3 -2 0 -1 -3 
2 11 3 7 -4 -3 -1 -2 7 1 -6 -2 0 -3 11 0 
-9 11 4 10 -8 -7 -2 7 4 -4 2 -14 2 -8 -1 4 
7 -8 15 0 4 9 -2 -8 10 -3 -2 6 -6 -4 -1 10 
-2 -19 -5 -2 -1 3 5 1 -1 -10 -10 7 -9 4 -1 -5 
-6 -1 -4 8 -4 17 5 7 0 5 3 0 4 -5 7 3 
3 -5 4 -4 4 -3 3 0 -7 7 -9 -2 15 5 -6 -6 
3 -8 -5 4 4 3 5 24 13 8 -5 -2 -8 11 17 -9 
11 -4 -1 3 2 -2 -1 4 -3 -7 11 -1 -10 -8 0 -9 
-16 8 20 0 3 2 -2 2 9 -20 7 5 -6 1 10 2 
-20 -1 6 -4 -6 -3 -7 0 8 -4 5 -2 -5 11 -12 5 
-8 -1 3 32 -9 2 -7 -2 18 -8 11 -32 19 3 10 0 
-11 18 3 -2 -27 -38 -4 0 -36 -7 -1 15 5 2 11 18 
-3 8 -6 3 -2 -16 19 -10 -13 10 9 -16 2 22 -10 -2 
-4 35 6 22 9 6 7 4 6 0 4 15 5 -4 33 -17 
19 -4 -2 7 12 -15 15 -17 -9 -4 -14 -3 10 -24 18 21 
-11 9 3 23 4 14 -10 14 -9 13 -34 4 30 9 7 19 
3 5 5 -3 6 4 5 -2 -6 -6 -1 -5 2 1 3 5 
5 -4 -2 -3 4 2 -2 1 3 -5 -6 -2 6 2 2 0 
-5 4 -7 6 -1 4 9 6 5 4 2 -1 1 -3 8 -2 
2 3 3 6 -2 -7 -2 6 7 0 0 -5 -1 -7 6 -2 
-6 -3 3 -5 2 1 0 3 -5 -1 6 1 -2 7 1 0 
-3 2 5 -3 0 3 7 -4 9 -6 3 6 1 -1 -7 5 
-1 1 6 4 3 -3 6 4 1 -3 0 -4 2 -1 -3 0 
4 -5 -9 -2 4 1 -6 3 3 -5 -7 3 9 -2 2 -5 
0 5 -12 5 2 -1 13 4 5 8 2 5 5 -5 5 -6 
-7 2 -6 2 -2 -10 -2 6 7 -4 3 -3 -5 -3 5 0 
-3 -6 -4 -8 11 3 -1 0 0 2 -2 11 0 6 6 -1 
-9 3 2 3 3 1 7 3 1 -6 8 3 -9 -1 -12 8 

