303 502 -261 504 -221 590 8 27 -459 -592 -126 501 407 349 -581 494 
67 66 -26 155 72 -4 73 51 70 56 20 68 -36 9 -57 -16 
11 15 22 -36 -16 -8 71 72 -49 -32 71 -32 81 35 -8 44 
34 20 -68 -17 -30 3 -29 87 6 76 61 -27 -15 44 15 -44 
55 54 -46 72 -49 -78 67 58 8 -1 19 -74 -9 82 67 -12 
18 -11 -41 94 -2 -4 33 -28 0 0 0 0 0 0 0 0 
0 0 0 0 0 0 0 0 0 0 0 0 0 0 0 0 
0 0 0 0 0 0 0 0 0 0 0 0 0 0 0 0 
0 0 0 0 0 0 0 0 0 0 0 0 0 0 0 0 
0 0 0 0 0 0 0 0 0 0 0 0 0 0 0 0 
0 0 0 0 0 0 0 0 0 0 0 0 0 0 0 0 
-45 35 127 -71 74 32 -1 53 146 124 109 18 28 -123 -3 -57 
-126 117 21 -66 -86 73 146 82 -37 -52 -98 42 25 -75 -36 -3 
-53 -18 -91 70 74 -25 1 35 161 -3 7 109 102 -138 -29 64 
41 -51 -49 6 106 -148 -63 -130 95 -15 -75 -30 -144 -24 -19 30 
55 155 -14 -142 54 -76 43 -13 135 122 63 19 56 -13 -85 -66 
10 -110 -16 -8 -28 -7 -138 -144 0 0 0 0 0 0 0 0 
0 0 0 0 0 0 0 0 0 0 0 0 0 0 0 0 
0 0 0 0 0 0 0 0 0 0 0 0 0 0 0 0 
0 0 0 0 0 0 0 0 0 0 0 0 0 0 0 0 
0 0 0 0 0 0 0 0 0 0 0 0 0 0 0 0 
0 0 0 0 0 0 0 0 0 0 0 0 0 0 0 0 
0 0 0 0 0 0 0 0 0 0 0 0 0 0 0 0 
107 111 17 -140 27 -72 -63 124 131 66 -42 188 90 164 -66 53 
-149 91 -159 87 -160 5 110 99 162 206 -174 -7 0 5 287 -22 
51 -162 7 8 45 -88 -95 -1 -136 62 -60 166 154 -144 223 78 
-73 -68 -197 70 103 -146 -141 201 -219 51 80 20 89 136 -25 -27 
70 266 80 -45 -79 -128 111 -136 73 250 103 10 -30 59 183 -127 
-215 5 -58 -53 76 -33 133 -56 19 -171 19 57 10 107 132 -69 
46 -20 85 182 -139 408 57 -154 297 -377 -193 219 288 89 213 10 
-27 -79 139 -36 226 194 64 168 -171 162 338 -127 187 289 -89 -74 
268 -176 326 195 13 38 -106 -237 146 -91 -3 -116 291 -50 -86 -155 
-18 -235 -304 -124 -54 134 247 150 213 86 -82 -55 -217 -105 107 -186 
71 219 62 106 49 113 101 144 280 -23 221 162 108 -157 -135 -146 
-31 -34 220 -135 -160 214 -192 137 199 158 203 201 -338 -31 214 -171 
0 0 0 0 0 0 0 0 0 0 0 0 0 0 0 0 
0 0 0 0 0 0 0 0 0 0 0 0 0 0 0 0 
0 0 0 0 0 0 0 0 0 0 0 0 0 0 0 0 
0 0 0 0 0 0 0 0 0 0 0 0 0 0 0 0 
0 0 0 0 0 0 0 0 0 0 0 0 0 0 0 0 
0 0 0 0 0 0 0 0 0 0 0 0 0 0 0 0 
-11 -95 -64 -107 -1 61 -53 121 -9 34 -167 132 13 -44 -18 9 
-27 41 -106 -99 -213 -52 -43 126 -32 173 64 -59 12 33 68 -135 
74 -164 52 50 46 -49 -64 42 134 -35 5 38 57 165 -4 108 
23 132 -82 -64 -145 48 27 6 105 -28 -43 70 -59 -101 -27 38 
115 47 37 122 12 -103 -159 -74 -168 -151 -41 98 -19 105 -54 -75 
141 -24 78 182 72 40 -28 49 -16 -139 -25 115 -8 95 -19 37 
-4 -10 54 38 83 -7 -174 147 151 -37 -48 25 58 -20 161 -19 
-36 59 61 -39 25 70 68 -51 -46 55 -26 126 60 81 -81 23 
252 153 6 69 -42 -168 -19 62 89 31 -28 -19 -79 62 -80 -76 
-109 -79 1 -53 -198 -72 121 69 27 -105 14 -66 57 77 -23 -22 
91 -146 -23 38 50 88 -37 19 -193 173 30 130 64 -14 93 38 
3 61 -78 23 -44 38 211 116 -69 -47 -30 29 113 -52 150 51 
34 -104 33 -6 -97 -65 -58 104 1 -40 -26 54 22 65 -169 -46 
-159 88 17 -158 -42 -26 187 -11 88 103 -155 9 -160 60 -10 -2 
-45 88 170 -64 18 31 -106 62 100 -177 51 -59 -27 22 -10 -89 
93 -113 86 -43 -66 -117 82 180 73 -70 -2 -102 48 -15 170 112 
-35 33 -194 -81 129 60 33 35 105 -31 -43 82 22 -13 -57 -44 
18 -18 41 4 74 100 -18 18 -106 -3 -77 -85 -176 -48 -3 108 
53 52 40 -47 13 41 -76 14 -116 110 106 -116 109 -47 -48 47 
-45 -39 19 80 -15 -78 94 -34 1 -12 67 -114 -15 185 85 -54 
39 29 55 14 -49 -19 -39 63 179 29 -57 -92 -6 141 77 44 
5 -52 -87 33 99 -110 -149 46 -50 158 19 -145 -32 83 52 -51 
39 -26 77 122 10 -143 -74 76 91 -7 49 8 22 31 18 136 
57 -5 -30 78 -19 -45 57 1 13 41 -37 -75 -36 -16 56 -87 
159 84 -38 -18 -77 75 -22 107 35 126 -49 -93 116 96 -119 -13 
58 -5 131 -139 -21 -20 26 -5 -71 92 -91 -22 -21 148 127 -43 
-87 138 116 -129 34 60 97 29 101 20 -12 -29 26 46 116 -44 
-68 29 -110 6 -111 -112 -11 155 22 5 -71 -30 29 -36 -67 57 
23 -27 129 34 79 -25 30 19 30 -78 46 -58 66 -73 7 -84 
118 5 -30 71 42 46 -34 32 -3 10 -19 -39 86 106 58 -18 
0 0 0 0 0 0 0 0 0 0 0 0 0 0 0 0 
0 0 0 0 0 0 0 0 0 0 0 0 0 0 0 0 
0 0 0 0 0 0 0 0 0 0 0 0 0 0 0 0 
0 0 0 0 0 0 0 0 0 0 0 0 0 0 0 0 
0 0 0 0 0 0 0 0 0 0 0 0 0 0 0 0 
0 0 0 0 0 0 0 0 0 0 0 0 0 0 0 0 
0 0 0 0 0 0 0 0 0 0 0 0 0 0 0 0 
0 0 0 0 0 0 0 0 0 0 0 0 0 0 0 0 
0 0 0 0 0 0 0 0 0 0 0 0 0 0 0 0 
0 0 0 0 0 0 0 0 0 0 0 0 0 0 0 0 
0 0 0 0 0 0 0 0 0 0 0 0 0 0 0 0 
0 0 0 0 0 0 0 0 0 0 0 0 0 0 0 0 
0 0 0 0 0 0 0 0 0 0 0 0 0 0 0 0 
0 0 0 0 0 0 0 0 0 0 0 0 0 0 0 0 
0 0 0 0 0 0 0 0 0 0 0 0 0 0 0 0 
78 144 47 -180 30 86 -77 11 -63 -133 -155 24 185 87 -83 -12 
34 17 -122 -51 29 -9 -44 165 -3 -11 -92 -131 -64 -124 25 48 
25 61 80 16 95 40 108 176 -16 -114 -31 27 15 91 -85 -6 
-69 27 -4 223 108 112 6 72 -6 127 -32 -112 -194 11 15 -91 
24 -37 -75 -136 142 -103 109 5 -55 -177 147 21 -71 150 26 74 
166 -73 234 98 44 -63 -18 -2 -250 -34 -26 -105 -89 38 88 41 
-101 49 -27 19 -87 -31 64 -94 109 141 -125 -25 171 57 -84 65 
28 -48 -103 68 53 16 74 113 152 177 -32 69 -11 102 74 49 
-80 -104 -56 94 -28 26 80 71 74 49 206 97 40 78 -155 -13 
87 135 -60 100 45 -42 -85 -178 -241 -48 -86 20 14 -16 -122 107 
-73 89 -139 197 65 49 -34 70 -54 -72 -48 -63 -40 -33 2 -56 
140 -6 -57 68 -21 35 -35 -65 -56 73 -65 -2 -62 140 -86 32 
-87 93 -68 240 -93 -141 81 -28 91 104 -86 95 52 75 -15 29 
-9 6 -17 -16 -201 -23 137 21 22 53 135 -25 128 -161 -31 -20 
-109 36 -70 -166 -70 -7 -47 -43 -120 81 -37 -81 -12 128 -9 64 
-65 88 132 -89 -86 62 32 -141 130 11 -87 -27 152 64 30 -88 
93 13 17 141 2 14 153 21 37 31 102 6 123 -3 -23 -44 
143 42 13 129 -60 -20 1 -8 -40 -92 43 -30 21 -23 -25 75 
-64 -39 95 97 169 83 -17 -104 59 47 -160 7 151 115 71 13 
22 -109 -2 -45 -17 88 167 -15 75 24 108 -170 -32 -24 -107 174 
-33 -3 19 69 -3 -130 -157 -72 1 -93 -49 22 -34 63 75 -200 
-118 221 33 78 101 -13 -47 76 23 89 -38 59 -45 82 25 -13 
19 134 63 -93 126 117 -14 34 129 -119 28 41 98 -17 189 71 
-52 -8 -97 -79 -12 42 28 -114 -68 44 -106 -24 -68 -16 -70 32 
-1 78 180 -30 63 33 -17 96 -119 0 -79 94 80 26 -135 51 
135 -14 -101 29 -34 50 37 83 -62 -150 -13 -34 -50 29 -66 66 
96 -13 30 152 -30 92 -166 -50 20 90 43 -46 155 38 36 -39 
-61 57 -123 -1 -8 65 89 32 138 136 -72 -124 -40 20 114 43 
-69 79 0 -93 -4 -214 150 53 20 -126 21 77 -75 34 39 4 
-118 87 -17 -17 34 -123 -97 26 134 -29 -2 85 207 -13 -27 -122 
0 0 0 0 0 0 0 0 0 0 0 0 0 0 0 0 
0 0 0 0 0 0 0 0 0 0 0 0 0 0 0 0 
0 0 0 0 0 0 0 0 0 0 0 0 0 0 0 0 
0 0 0 0 0 0 0 0 0 0 0 0 0 0 0 0 
0 0 0 0 0 0 0 0 0 0 0 0 0 0 0 0 
0 0 0 0 0 0 0 0 0 0 0 0 0 0 0 0 
0 0 0 0 0 0 0 0 0 0 0 0 0 0 0 0 
0 0 0 0 0 0 0 0 0 0 0 0 0 0 0 0 
0 0 0 0 0 0 0 0 0 0 0 0 0 0 0 0 
0 0 0 0 0 0 0 0 0 0 0 0 0 0 0 0 
0 0 0 0 0 0 0 0 0 0 0 0 0 0 0 0 
0 0 0 0 0 0 0 0 0 0 0 0 0 0 0 0 
0 0 0 0 0 0 0 0 0 0 0 0 0 0 0 0 
0 0 0 0 0 0 0 0 0 0 0 0 0 0 0 0 
0 0 0 0 0 0 0 0 0 0 0 0 0 0 0 0 
187 -132 -134 2 -268 227 -202 -91 -56 67 141 -225 -257 43 139 -261 
-176 81 42 -145 -56 23 -119 -83 58 41 135 81 -103 332 331 235 
142 104 48 218 46 -288 80 3 -151 -15 110 106 84 146 100 96 
-137 -269 -140 80 -105 66 267 33 -228 -254 36 295 60 83 162 181 
-140 -226 58 19 -186 -82 121 -61 56 115 14 180 -176 43 -46 116 
-131 -3 -117 -8 37 -129 301 -12 -9 -85 -180 -80 -68 311 -416 319 
381 -381 -14 167 164 123 143 149 128 -84 143 193 200 114 93 208 
-261 47 303 -204 127 145 211 -128 0 0 0 0 0 0 0 0 
-11 28 236 56 16 35 -161 59 -117 76 60 -134 266 -109 -1 -22 
29 -50 -170 217 -7 -34 -31 -21 178 -41 -66 183 40 61 -165 -338 
13 -316 171 -144 -12 174 -36 -4 129 -195 164 -133 -22 48 197 -104 
-65 95 148 112 -45 42 -139 52 -3 -132 -26 53 -35 -87 -364 -182 
-10 95 168 -136 -68 -67 -188 -193 -136 -246 69 94 20 147 -97 -36 
-60 -92 -106 -210 117 -231 -15 38 70 78 26 -89 -51 235 60 288 
142 -86 355 72 72 82 110 10 -201 100 -263 135 125 -42 -59 -218 
-82 -275 51 -162 18 -39 154 -50 0 0 0 0 0 0 0 0 
112 -155 -129 54 239 -225 11 167 231 -168 214 -81 -171 51 330 270 
287 176 -158 257 16 -85 -217 -25 187 -50 145 -175 -141 217 -125 -19 
16 7 131 55 27 22 179 -108 97 -257 -120 31 -28 -228 174 -168 
-133 -188 109 -51 164 -121 -6 60 49 -244 -99 -105 193 -273 -190 37 
-43 124 -44 77 -482 -93 -248 213 -209 -289 -43 189 89 13 -21 127 
43 -130 109 -30 150 -262 96 -82 124 185 279 4 -224 316 30 135 
102 2 24 -14 169 -176 106 -14 -47 10 -269 -87 118 210 250 -183 
-151 219 0 27 134 -232 85 146 0 0 0 0 0 0 0 0 
-51 -28 -82 35 71 109 99 69 -46 259 175 151 18 123 -84 30 
226 -94 29 18 61 73 -34 34 -88 83 -154 132 -25 37 -95 135 
76 -89 100 52 99 141 -171 232 18 -92 147 32 30 82 66 -119 
136 71 55 -67 -28 -122 -126 95 91 -108 65 -6 98 -9 -16 0 
-78 -92 -106 4 54 31 -38 17 79 -168 48 122 -134 76 -49 61 
71 218 -124 -6 34 -26 60 -38 -113 54 -18 -22 -24 -5 117 41 
123 -12 -37 30 210 51 117 -5 -221 -41 39 194 56 124 44 121 
51 -46 -122 145 -124 44 151 -69 14 222 150 128 78 26 141 -56 
141 122 122 -79 84 103 26 47 -62 87 -185 183 94 -160 -62 51 
-180 -121 25 100 -84 188 27 -58 -109 -90 105 81 -6 166 -62 14 
-2 38 156 -57 -47 78 -110 -72 -73 70 3 -11 -2 34 114 -61 
159 -54 80 -148 -69 -43 -195 41 200 -44 -107 136 -281 131 -42 67 
137 2 -15 -186 -25 10 219 -87 123 35 -24 -69 -53 -20 62 -55 
73 -113 -133 13 182 -44 19 -63 -174 -37 -36 -202 82 38 -173 -38 
-54 47 -13 -7 -17 -123 -60 -20 -99 -92 -96 69 91 -182 140 -104 
-26 -54 -55 103 8 128 32 -47 -233 -181 -171 -132 156 20 54 12 
-116 156 -143 29 -39 12 2 12 -8 106 7 -153 -3 37 72 -35 
-211 -137 -187 -24 31 119 51 -89 -192 -199 94 -152 -178 33 4 -75 
48 -175 -69 -183 -169 -36 -27 2 -152 244 -4 107 55 121 118 -30 
-49 -154 -281 -71 150 161 6 240 -134 26 26 -109 -3 46 -35 -87 
139 -13 -8 -90 -88 170 195 -169 -145 -88 104 -98 -134 87 121 24 
86 41 -4 5 86 -166 220 -119 -135 68 -60 58 168 -268 -52 187 
-69 -203 115 126 77 31 155 44 -12 59 120 22 42 27 78 -41 
-59 -143 -36 4 19 -78 -1 5 163 51 17 -12 30 181 -207 -166 
-8 23 136 -144 92 150 62 -44 51 -64 83 142 213 49 -221 95 
-101 124 57 95 13 98 -149 134 220 -67 6 -54 -47 -79 -28 8 
-108 92 -70 236 -72 -69 -172 55 112 14 -190 -55 96 -70 -80 2 
18 78 -30 -49 82 59 -23 1 -20 35 84 -25 23 24 34 -70 
-66 -63 -13 29 -67 83 44 -164 232 -31 90 6 -34 -88 -35 -85 
-25 18 53 11 -16 5 -55 39 -14 23 38 27 60 -23 -68 -38 
75 -24 -152 113 4 66 128 -87 30 135 -61 3 -49 -88 35 156 
47 -2 -46 -27 -100 -97 23 21 7 6 123 21 -96 49 -126 11 
30 58 -8 -44 -56 46 29 -53 -26 -90 26 36 -43 -88 -14 -15 
10 -26 60 -80 11 -19 61 -46 86 -19 -1 37 -49 102 -68 51 
25 -40 11 114 -89 -35 1 -47 -70 -43 124 -12 67 60 26 49 
-73 -60 70 36 25 110 88 -76 41 23 -132 -30 -67 -4 15 -20 
33 -7 53 -17 -6 11 -25 -66 -20 101 -79 74 18 -23 135 109 
-22 -41 -18 131 51 82 97 16 -5 -37 -49 81 1 80 -31 -43 
-65 -29 -10 -2 33 23 57 -49 -32 71 -2 -7 11 46 -66 104 
-48 32 116 -89 11 35 58 33 56 55 -5 20 104 -97 -4 -38 
7 35 4 84 33 21 33 158 138 -2 -7 -47 -52 19 80 -52 
58 22 65 50 -10 3 -18 -7 -69 -33 42 60 -64 -36 -50 -2 
-24 -87 -11 51 -3 46 72 -60 -105 -9 -23 -79 37 81 19 31 
103 -30 101 -27 129 -31 52 113 35 -10 -180 -81 -56 13 -71 23 
-4 38 156 -3 7 37 -82 40 12 17 77 25 38 -14 53 46 
-140 43 -35 -150 63 -11 12 46 -141 -58 -151 4 104 -2 49 -53 
28 -94 46 50 -48 -95 47 100 98 71 4 -61 140 -53 -33 -48 
16 -45 94 -28 3 43 33 -4 -77 -134 19 -14 -24 -120 -29 -159 
45 40 21 57 -58 -135 -39 54 -109 -8 62 -65 73 31 75 -102 
35 85 47 -104 -42 -87 -12 2 45 8 14 99 63 -12 23 130 
70 -41 -69 -12 -90 -58 -35 -90 -3 20 -68 -80 -113 -93 37 18 
-113 115 -157 71 58 -60 -8 -58 14 -61 -85 111 129 -7 -35 1 
100 -32 178 -246 131 37 -23 -123 98 -21 -48 32 -125 -88 71 24 
20 79 -133 122 76 136 -2 -15 -38 20 51 12 46 -20 23 -98 
-11 -50 67 110 25 -28 53 31 -70 -27 2 58 -77 4 34 -99 
-154 10 128 -12 -9 80 -43 36 -158 -82 17 -88 70 -154 -28 70 
-66 -85 -85 -49 -78 120 20 11 -15 -11 -46 -42 39 -19 -10 -53 
-2 -48 -131 -8 1 -85 -77 -15 -34 -153 85 -66 -71 37 -102 70 
40 -83 -18 20 -85 5 -39 -81 -33 56 -81 4 21 -79 82 10 
-94 -38 -45 8 -107 38 114 -57 -3 -99 126 -45 57 36 79 -34 
-95 -80 28 -32 76 -52 118 27 -72 -4 89 74 -117 -88 -114 59 
95 -47 -106 59 7 58 -63 -125 23 -54 93 34 -98 -215 96 40 
10 -66 -97 -17 106 -91 -82 4 59 -15 170 -75 55 -36 92 81 
-13 -58 -5 2 17 -67 -62 -39 36 65 -38 -89 -33 -21 -28 124 
-87 2 -14 -14 -9 -57 -77 81 -79 39 -32 -125 51 -69 48 -77 
9 -30 -33 -6 54 2 -35 -104 37 50 6 -90 -46 -9 -20 32 
10 6 -28 -2 -45 75 32 -59 -79 -49 -5 -26 -22 -7 -53 20 
-18 14 -38 -41 65 7 -11 24 -46 -17 111 38 -1 81 27 0 
15 8 25 2 -8 11 -38 -98 -132 11 -90 86 -15 14 -29 -20 
-39 86 -61 31 -56 45 -51 37 -56 -24 -54 65 -40 -11 -44 -53 
81 38 25 -51 -42 -11 9 -46 -83 0 -12 6 -62 10 -33 95 
22 -33 34 31 -3 -13 18 -29 30 37 -23 -120 21 -37 23 26 
-33 -128 -47 -39 32 -68 -20 -24 -61 35 -59 -24 -52 -41 125 104 
37 -10 93 -35 52 64 6 -88 -106 42 33 -23 89 13 37 13 
-76 5 35 -44 -121 -68 0 17 -75 -20 -6 62 56 -29 -37 -80 
78 -10 -36 8 -22 -32 -59 -74 -16 -6 -51 -41 3 -113 -86 -17 
4 -14 -27 -13 -4 34 40 -36 -69 9 -51 111 86 -61 -29 56 
-58 41 15 61 -52 -9 110 -98 115 -99 -56 -20 59 -71 3 -72 
-28 46 27 85 16 -1 -2 -7 6 46 28 -55 -137 24 35 49 
-71 39 3 -25 54 133 3 -66 -6 40 -16 -72 30 115 137 -11 
25 -26 -31 -21 95 -114 -101 8 12 -40 -33 -65 -28 9 -24 -40 
-100 -81 -54 38 120 78 14 11 -65 -38 -116 -21 -44 -18 -124 -103 
97 -64 87 -64 -96 67 -64 -7 -25 -9 45 64 142 8 -109 49 
89 35 -21 -111 -42 30 0 3 2 -100 82 103 70 14 113 -83 
155 133 61 58 -136 28 94 -38 -101 -194 2 5 150 39 -7 -80 
-35 7 -93 45 -38 -46 -11 -25 -31 126 -56 51 -23 12 18 13 
-11 75 -67 -44 -35 -22 -22 -108 40 -10 6 43 68 -94 -4 86 
110 -7 -122 75 -75 -111 -31 -86 3 31 50 7 22 26 -90 80 
2 -28 24 20 8 108 -44 -128 42 -49 114 97 -144 -3 47 48 
-21 -73 -16 142 -24 -87 70 -32 -71 -66 -20 -64 3 -9 11 16 
21 -29 -4 -71 -2 33 65 28 -32 -27 55 15 64 23 63 22 
-47 -125 61 48 -66 -16 0 -16 19 106 -11 -96 -24 36 29 -39 
-44 -77 -57 -60 114 -51 -7 105 -82 -3 -4 96 53 -18 28 -15 
-6 -20 -84 -20 -19 64 -10 96 -56 -9 36 -73 2 44 15 -28 
18 -113 -161 26 -98 88 -45 46 0 41 -25 3 -23 63 -26 -15 
-8 55 -33 -4 -76 -82 -28 28 52 -86 -4 50 117 1 -145 78 
81 -47 65 47 -19 118 57 43 -17 -93 -11 44 -6 35 -127 76 
-46 -16 -79 -6 78 164 116 49 62 7 57 45 -6 -222 -3 97 
-50 -56 71 10 -77 63 -108 -13 72 -65 93 127 130 -161 -71 55 
-84 -102 -134 -34 -11 -54 -50 -33 47 -7 -118 -42 -20 61 70 64 
8 -27 36 83 52 -41 54 6 -93 -85 -68 -68 -45 -93 -36 -85 
49 9 54 81 145 52 -55 -53 -86 46 -161 50 -23 55 77 -7 
-65 -49 -14 22 -29 50 25 54 37 51 -69 -38 81 -13 34 -58 
-21 151 -65 -137 -31 53 -107 68 29 -116 13 132 -17 -70 -27 70 
7 -60 56 131 -131 66 -48 37 -89 -145 -26 84 4 -24 -18 27 
-39 -5 -51 -7 -80 -17 -162 63 -15 -121 -13 40 -3 -74 127 -12 
-89 75 -82 -145 -98 25 129 34 -25 -27 19 -94 -111 -9 68 -87 
-35 -30 84 -35 46 173 15 39 -78 -138 -28 -78 -151 15 -80 -5 
-132 -62 -139 -62 29 -27 -9 49 81 -24 44 3 168 -51 99 -24 
-101 -143 -75 79 149 16 -24 -49 -78 -9 -89 94 -67 -1 30 -80 
-59 -37 -76 6 -61 207 -120 -40 -60 58 52 123 70 -13 51 -53 
-50 14 109 -20 -71 32 81 88 30 96 20 -94 -112 40 -85 -76 
88 -98 102 48 -22 51 -39 16 -58 73 -2 -134 -33 38 34 39 
-44 -146 10 -51 -98 41 51 -22 25 32 -29 -109 49 -43 140 -55 
-140 -6 -105 13 -8 -99 -25 -41 -71 41 -100 44 57 -15 -49 27 
-104 42 109 -20 2 61 -91 -37 87 -77 -74 93 165 -12 -21 25 
69 69 -7 40 -35 -15 34 -47 56 -91 -41 63 -162 44 103 -15 
-45 160 16 20 -59 -89 -35 -61 27 -6 -29 -50 62 -14 38 -36 
-95 5 -21 18 80 -89 64 88 -10 -19 49 78 -78 -39 35 -40 
-39 84 78 -76 38 -6 10 28 -37 -94 60 48 22 -7 -33 -51 
-73 18 -70 -61 121 -113 -7 -37 -21 -44 -1 59 52 11 19 -34 
28 -28 6 47 -29 -72 109 7 -110 0 19 102 -49 -86 2 94 
-74 -57 46 21 -10 137 -40 -42 -98 3 -145 73 -84 41 -43 10 
33 -11 -112 84 17 8 81 -61 81 -74 137 -42 -28 -39 -46 -40 
-27 -2 145 -24 64 -109 -50 14 -14 -32 6 52 -91 -6 50 11 
41 32 -63 29 103 104 -20 4 -130 19 57 -117 58 37 -44 14 
115 6 95 -51 -19 65 -53 75 36 -96 16 107 38 21 -49 36 
-10 8 48 -46 9 84 172 29 -44 -84 -105 -3 -43 -37 -127 64 
-53 -92 0 90 -84 108 55 -20 -9 -52 -23 -45 -30 72 41 133 
52 -12 33 -32 82 -78 -106 -12 61 4 1 142 -83 72 15 88 
90 89 -98 -17 -50 -41 -39 -23 10 -43 -30 15 -45 25 -5 100 
-28 -149 11 74 77 52 -74 22 41 -71 46 0 47 100 57 60 
-26 -90 52 -24 59 -94 33 22 45 -74 -52 64 142 59 -12 28 
-57 3 -25 108 129 59 2 39 90 -3 4 -111 -35 -80 -65 41 
-64 100 -77 -29 120 -5 19 -29 -37 -50 96 -14 82 -42 14 -16 
12 -34 -52 -9 3 -15 -25 19 19 -34 -26 15 35 -10 -38 -56 
12 56 -2 28 -26 -70 35 -45 -24 16 -47 -18 -93 -45 42 -41 
67 17 -34 1 -110 50 -10 0 -38 -38 30 -55 41 -22 13 -6 
-17 -32 7 -41 2 -6 -19 -36 -31 10 -9 -49 92 -58 -27 -8 
-45 40 -32 13 -39 9 18 -62 -18 -5 -35 -17 -20 -18 -14 -38 
-13 -18 -20 24 14 2 -39 -32 -15 -129 -33 -19 44 -7 48 10 
17 41 -55 9 -51 -38 -62 51 7 -6 17 -56 21 -20 34 80 
23 39 52 -66 10 -14 -3 -64 -46 -22 -41 -7 14 -75 12 -37 
-44 -68 1 19 36 -24 48 69 0 -14 26 -78 -49 69 45 -23 
-20 -23 -25 -103 11 -24 26 18 -15 -6 29 -18 -7 20 8 -36 
-27 -21 -35 -50 11 -52 43 -66 -52 -9 -3 5 -64 5 -12 56 
19 -70 -35 -24 4 20 -13 -36 37 -9 14 5 -19 -54 -49 -55 
-10 41 -50 -2 -4 -34 60 -62 -1 40 29 33 32 23 -28 -5 
-5 -82 35 16 19 -22 45 -8 -10 -34 -27 27 14 -32 -64 -36 
19 35 -18 -9 48 -7 -18 -27 -18 -17 -15 -51 -63 -29 -18 -87 
39 -34 31 -30 -46 -19 -24 -11 3 -7 -1 -14 -1 -45 9 -32 
-45 -51 -31 29 -5 8 -16 -34 12 19 20 15 -13 -24 15 1 
-44 -47 68 9 -44 24 -48 -3 -10 82 -28 -32 -19 10 1 58 
-4 -23 -34 -23 -75 17 39 -43 37 -33 -38 56 22 8 -24 11 
21 -8 -11 7 -71 2 -24 29 52 0 -6 6 1 -7 -15 11 
-39 -9 71 -73 -52 -23 -30 44 19 -23 44 12 -16 11 48 -5 
11 -82 -3 -10 26 -18 -46 22 33 2 -95 -9 33 -54 26 -101 
-93 -24 28 -49 -18 -21 27 -29 -24 17 7 15 9 -24 -70 -45 
-71 2 70 31 -35 -33 -1 -10 9 -11 24 -63 5 -40 28 10 
-39 -4 -9 31 -100 -67 -17 7 8 2 -36 1 -48 80 -11 53 
-45 37 34 32 -25 -18 -74 -10 13 -24 -26 -42 5 -11 40 23 
15 18 -34 28 -7 -92 42 -55 -17 -27 16 28 26 6 -4 68 
19 -33 -10 -32 46 1 -30 -15 0 15 63 -14 -21 -71 -26 1 
-41 0 -50 32 -13 3 46 -26 66 18 -59 -16 47 -44 -44 37 
-14 34 93 -12 92 6 5 -10 19 36 10 29 13 -1 5 -57 
5 33 -68 -49 75 -56 15 -42 6 5 62 -16 -45 -1 -30 13 
13 -20 4 49 -42 2 -67 -24 -6 24 0 -34 -13 -5 -7 6 
-55 -44 -34 22 -8 18 -3 25 -6 -22 -45 15 9 33 82 -18 
-30 5 -21 -9 -7 12 38 -8 20 10 -68 -5 19 -2 -48 18 
64 -37 -29 27 -20 -8 -11 22 -18 -25 19 -36 -11 -1 -43 -31 
-8 -14 -48 4 4 -76 39 -8 -42 18 -38 15 -87 -54 -49 -82 
27 15 28 53 3 59 -19 23 9 20 38 -67 -36 96 38 -4 
-10 -53 -46 9 12 11 19 -17 5 -18 28 23 11 -17 -11 41 
-39 -40 -22 -16 23 -34 -44 -32 -3 89 18 10 21 -15 27 4 
22 -10 12 38 -15 -12 35 -17 50 -27 16 44 -30 60 -9 54 
-43 -27 42 1 30 37 -17 41 3 10 64 36 25 27 21 -6 
36 -2 4 -36 -41 36 52 7 10 43 -34 -18 3 -15 -14 31 
-11 -66 14 2 33 -40 15 -70 27 0 20 10 -21 20 -27 -61 
-5 -34 3 -3 5 16 15 -3 40 17 17 23 -5 70 -67 42 
60 80 27 -29 4 -2 -24 -54 35 25 -25 0 -29 -54 -6 26 
-8 -14 6 8 48 41 -17 -7 3 28 50 -10 29 -31 -1 36 
-11 -18 19 -23 22 23 10 19 -6 16 -14 -4 61 -45 -16 17 
-24 30 0 12 27 3 12 45 -14 33 -11 14 24 65 18 34 
24 -45 -10 18 -37 -17 -16 -4 -10 29 36 -91 -28 -45 2 -14 
54 16 14 1 23 7 -13 10 -15 28 -18 -23 32 23 54 -30 
36 -42 -34 2 -32 -77 29 15 20 -23 -12 4 33 51 -13 2 
18 -22 33 35 51 18 -5 -7 -25 26 40 20 11 45 -43 55 
28 9 36 -36 -15 7 27 -51 -21 -10 -22 -3 -51 -18 6 37 
44 37 -4 -20 8 5 75 -19 -49 -41 28 -13 7 4 -18 -36 
-10 29 6 6 7 65 1 -50 -18 60 -2 -16 -32 16 -8 1 
-27 26 -4 14 4 2 -35 -10 -12 10 -31 52 34 -8 -8 -18 
-3 34 -19 73 -34 -39 -23 -49 -9 17 -41 34 34 -25 -21 -3 
-38 57 38 6 -4 5 27 13 8 11 25 5 8 56 -34 37 
16 -4 -6 25 15 3 19 18 -29 -70 17 3 -4 32 22 26 
-18 2 -17 -12 48 -4 -26 18 46 67 -12 2 10 77 -50 -35 
11 -16 8 -51 39 26 -2 65 -11 6 50 2 13 -47 -35 -73 
-16 -8 -29 -14 14 -9 35 -16 -73 42 17 23 14 60 -43 -7 
-17 1 0 1 -19 79 22 2 -15 9 20 22 36 -8 8 -20 
-30 46 -3 0 -58 -4 26 46 35 41 -72 -9 16 -16 17 0 
-29 -7 22 31 8 -7 -28 1 -6 -24 13 40 -13 15 -4 -33 
-12 -6 23 2 -31 32 23 14 -10 -24 -34 -23 -2 32 20 -7 
42 2 -23 51 -45 -11 -27 5 -21 -40 -33 34 44 -1 43 -23 
3 36 -18 -37 49 3 33 -6 38 -19 -25 18 -3 -6 -14 -7 
-2 -16 47 -49 12 -26 -20 -50 28 -21 29 -11 -18 12 -47 -6 
90 7 23 15 2 14 -46 24 69 7 67 -37 -34 -18 8 -11 
-20 23 -2 -7 8 12 -14 -59 11 18 16 20 36 -22 15 27 
-50 29 6 57 -2 33 -13 31 -3 -26 -9 -37 37 48 -4 19 
1 -41 5 7 -15 24 8 19 -35 22 -3 -12 -26 11 -21 4 
8 -21 5 5 23 10 22 21 37 6 4 15 11 -2 5 19 
-18 -15 4 -3 2 3 -41 -19 -14 -14 -7 -8 -10 -20 -11 15 
23 23 -17 25 2 -5 -4 -9 15 -23 -25 0 1 19 13 -53 
18 -23 10 5 13 -57 -2 36 16 -4 -7 4 17 -1 14 -23 
-19 11 -6 1 8 13 -12 -9 4 -2 -46 35 -28 0 -9 21 
0 5 12 -22 8 14 6 -28 -5 -32 -12 20 23 -10 -13 -12 
-67 9 -53 -8 42 12 -20 16 21 -23 -45 -14 -3 19 -27 -17 
-12 -7 -5 5 -39 -8 -19 -22 -20 -8 -2 3 40 -28 -10 -22 
-3 25 35 31 -42 3 -9 -28 -16 -17 -6 12 -8 9 -11 -4 
-31 -6 -9 12 -13 10 -12 19 -10 19 10 -45 -1 14 -28 -32 
-23 21 7 16 43 13 -9 2 -63 -10 11 19 6 40 -13 -3 
-17 11 -11 -9 -29 12 12 -48 7 29 -21 6 6 -25 20 -14 
-42 -21 -1 49 -36 -4 -3 8 -12 9 8 13 -12 6 -11 16 
-19 -16 -3 24 -11 14 4 11 23 3 -23 24 8 -9 -37 -8 
-38 -18 -4 4 21 13 -7 -4 8 -8 0 -5 0 1 2 -14 
8 -29 -19 -27 -15 -11 3 -1 7 -13 2 -13 -7 17 -33 -48 
18 -9 -15 -5 20 6 6 -17 -8 -3 22 -52 2 5 -1 19 
-34 43 14 -20 27 -18 3 -13 6 15 1 -12 7 25 4 -10 
-22 17 18 -7 9 7 14 19 -20 9 18 -25 -2 -6 -20 -5 
6 21 -4 51 -15 -11 -11 6 -47 -8 -15 19 21 -53 -42 0 
-35 -6 -19 -7 33 -10 -33 -7 -27 -23 17 -7 19 -8 -7 18 
4 -17 22 29 -1 -24 -15 -29 -20 -22 -31 -11 -5 -17 3 0 
22 56 -19 15 -23 24 -33 -21 7 18 8 22 -16 48 2 -27 
17 -11 -27 -24 9 -14 29 -15 16 -5 -6 1 21 -33 1 2 
24 -45 7 -15 -14 4 8 -18 -30 9 20 5 9 -10 -37 -9 
5 -8 -26 5 28 22 -13 37 -35 19 -1 -24 30 -22 -23 -44 
-10 -19 -23 -15 -23 18 -17 -2 -16 -42 -3 -11 51 -27 17 14 
16 11 2 9 5 0 13 10 12 -2 26 30 -16 34 22 9 
6 -2 8 9 17 -11 -11 -8 -45 1 -6 -11 -25 19 8 -2 
-20 -6 -16 47 -16 -12 4 13 1 18 -14 25 6 -6 17 35 
-33 37 -12 -14 -34 -27 -44 -25 -13 7 -14 -4 10 -2 13 -11 
-5 13 -40 -35 18 5 -5 3 31 27 -5 -6 -26 10 7 -6 
17 -8 34 42 25 21 -13 -49 11 12 5 3 -17 17 -6 -20 
12 21 30 16 -31 4 24 -9 0 8 -16 24 0 -18 -22 5 
37 3 11 -30 -1 2 -8 -2 -3 7 -2 19 16 15 -1 -16 
3 -4 39 17 4 -23 -23 -11 -75 -4 9 -48 -42 21 -13 13 
15 -33 2 45 -8 -13 24 9 -18 20 25 40 45 -28 -27 -13 
-4 -28 115 -28 -29 -1 -35 7 30 37 -1 45 -5 -3 -16 -24 
25 18 -13 25 35 -24 -25 -26 -37 7 -4 -44 -69 2 0 -30 
0 -31 31 10 -18 -30 -11 30 -1 11 0 36 21 -7 27 -25 
-38 -17 24 -33 -40 60 -45 -3 -12 32 6 -31 -38 -37 -27 -4 
15 46 -3 -33 43 24 21 -38 48 -24 14 39 -6 -6 -5 -62 
-19 -23 -11 -3 -57 -7 16 45 34 39 39 -20 -4 26 -68 23 
25 43 8 -31 -10 -22 -2 18 38 -18 -54 78 -30 -33 -48 -37 
4 3 -8 55 -31 24 42 -13 -22 -27 18 13 -43 -12 -1 -27 
-33 -18 12 22 -5 -16 -25 48 -27 23 -13 -26 -46 -25 -6 -67 
-4 14 -15 7 14 5 2 -23 -28 4 26 -14 31 58 32 8 
3 -32 -22 17 -18 -30 29 24 28 -55 8 -10 -14 -26 -30 -25 
4 50 -14 -31 51 -9 -8 -9 -26 61 -20 3 55 -2 71 1 
-2 -13 15 16 18 28 -6 -7 -3 -21 -13 24 23 59 33 19 
-8 1 -15 -11 -15 9 12 -9 -25 -16 64 50 32 4 36 5 
-15 -18 9 -32 -59 11 -43 -65 -27 -27 -9 -28 -32 -22 -49 -8 
35 53 -25 -16 39 -26 17 -17 -40 -31 24 43 -25 -24 29 -28 
-23 -3 2 53 53 -22 -28 -9 -1 21 -26 2 21 19 20 28 
-26 10 -16 56 39 17 -18 1 -2 1 36 0 -15 -37 6 -34 
26 0 -18 42 32 -19 -43 11 -34 -10 -2 12 39 35 23 -5 
-44 63 11 37 2 -41 35 -41 -6 -6 35 57 -20 15 -43 -24 
47 -76 5 53 -67 24 -39 16 -19 -43 14 19 -28 -4 16 13 
14 -20 -37 21 18 2 -12 -51 30 20 -26 -2 8 66 -58 28 
10 -11 36 -63 -6 39 -63 17 -43 39 -13 3 26 -33 -54 -31 
-14 -63 4 -26 -6 12 59 2 -68 4 -4 -7 9 11 -6 -8 
2 -14 11 18 -40 -28 12 -19 64 -17 25 -51 37 -7 33 -2 
-21 20 18 6 -35 -16 14 6 -16 -20 -67 26 34 -4 41 29 
-6 -12 41 25 -5 -15 -64 5 -38 -3 16 42 -46 14 -3 -28 
43 -51 -84 18 15 -24 21 -17 -41 -30 11 -31 6 43 28 51 
31 9 -42 -5 25 -14 5 17 27 -31 -29 47 33 34 17 37 
22 28 8 -18 4 3 -33 -35 -6 3 -86 34 -7 -5 0 70 
-36 -32 -3 -42 47 -32 18 1 1 -66 -23 12 -30 33 -82 49 
20 21 1 -21 17 62 -16 7 56 -17 -14 -32 -51 44 -15 -11 
33 11 -29 -21 -5 -30 4 -11 -30 58 12 -12 6 -12 13 -21 
1 38 13 -12 -89 65 5 5 34 -4 -15 26 12 36 21 32 
34 13 46 25 -10 -3 43 -42 80 33 13 61 -8 26 -18 3 
22 35 21 -1 58 -1 0 -19 -20 -9 23 -31 -14 -33 71 6 
8 30 -5 -45 12 2 2 -20 -18 34 42 -53 10 -46 -31 -2 
11 17 6 -38 -13 1 -12 57 -33 29 -7 -10 -56 76 24 37 
6 34 17 -12 -10 13 -11 -40 -4 -11 16 33 -12 50 4 10 
36 9 22 20 -18 41 46 -2 -17 -21 -35 -27 18 -31 14 68 
25 -22 5 71 -25 2 25 38 -38 94 -26 -33 55 10 0 -19 
69 -51 7 21 2 -27 11 -2 72 -15 11 -46 -34 29 39 -6 
-18 63 72 -44 -23 8 29 17 19 4 -12 -34 29 -7 5 -16 
-5 9 32 102 14 25 16 -55 -38 3 27 12 -6 10 -8 20 
23 47 -42 1 6 -18 80 19 16 -27 -26 14 -67 29 -39 34 
7 -50 -32 -1 -25 32 -8 4 29 37 -9 -24 52 15 -31 31 
-5 -37 -1 -34 46 -2 71 -32 -24 21 20 -21 41 44 11 -5 
61 -18 -25 -9 -25 15 -5 8 -29 -14 4 33 17 17 13 36 
23 37 -31 7 14 -49 13 -19 15 -27 22 -10 -59 -59 -10 43 
-16 -27 -6 31 9 -24 -12 24 -32 41 -79 13 6 -44 34 -54 
-18 27 23 -17 38 27 -21 24 22 5 7 10 -13 -52 46 3 
40 -8 14 -8 -19 -19 -14 14 32 42 33 23 -2 -35 -36 -10 
36 -11 -5 45 -14 -3 100 28 41 24 10 -25 65 -44 9 13 
7 -28 9 -5 -16 -2 -38 24 8 44 17 9 -23 -31 -1 -27 
89 28 26 -7 10 46 34 -24 4 -38 -2 -42 52 -19 -38 1 
-12 -20 2 -8 3 -1 56 56 56 15 -24 -58 -29 27 -11 7 
-89 98 45 -66 14 16 -10 15 27 -46 1 3 33 10 -43 8 
-34 9 -33 -15 9 19 19 39 40 2 61 -30 -7 -23 14 41 
-4 4 -16 23 2 -13 16 34 -30 24 5 -5 -19 -6 19 17 
21 9 51 13 8 4 3 20 110 65 16 38 -8 6 38 -4 
6 30 -13 -9 25 -5 -10 7 -42 26 18 61 -16 -3 -11 -20 
-13 47 8 78 28 -47 -1 -32 32 16 29 -23 -30 -4 -25 -41 
-29 -15 50 -3 1 -11 48 -23 36 -44 -24 -64 -2 66 -28 -10 
12 48 -8 -34 9 82 45 25 70 -39 -69 3 15 6 44 7 
1 -39 42 -13 34 -27 20 -21 4 37 -30 45 -5 9 39 0 
8 15 45 42 22 20 -11 27 28 -16 52 -30 10 33 -7 -43 
45 11 4 37 25 66 -40 39 -5 -12 37 47 34 -4 8 15 
-15 -34 -14 -52 56 -5 50 -1 -3 -28 -6 79 58 33 19 50 
-34 14 37 2 10 4 -71 -7 0 2 70 60 53 26 7 -9 
18 -6 11 15 123 6 -25 81 15 34 34 37 46 -52 19 -72 
-35 -21 5 63 -12 7 30 30 68 47 43 -92 -57 39 28 -86 
-35 -36 -8 -21 35 -9 -33 53 -51 4 23 -13 -34 -46 -17 3 
-13 -48 43 41 16 60 -13 -53 -3 47 49 36 -28 -73 -70 -21 
93 -1 20 53 -19 18 35 -25 -75 41 -7 44 -57 -3 -12 58 
-52 35 44 -51 -4 13 -19 -18 -15 -31 5 -113 81 54 30 -64 
10 -39 112 14 -70 65 -45 -6 5 -1 -41 5 18 56 -27 66 
-15 -89 28 18 10 39 -1 -51 59 -8 -32 -7 -106 15 96 -49 
-65 -34 -28 -75 -6 1 -18 35 -56 -24 -14 -56 54 -11 -43 40 
98 73 7 1 -9 79 -29 -74 -61 -11 5 115 -53 10 23 -12 
-4 -11 -56 -65 13 47 -15 -64 4 -45 82 -10 36 21 -9 49 
-55 -33 -92 -122 0 42 -2 -83 -13 -71 14 -87 10 -32 -32 38 
24 23 63 -25 32 138 3 -71 -61 81 5 -15 50 34 -6 -59 
-11 56 -88 7 -97 -52 77 -59 -6 40 23 -47 11 -42 42 -80 
18 -84 5 52 36 -16 82 11 39 -36 -9 2 11 -24 99 -39 
-21 -16 55 18 18 11 8 -61 76 -19 63 -28 -58 -32 28 30 
-4 24 -16 -91 33 -58 62 83 -15 152 17 29 20 8 28 -35 
-15 -13 6 10 -59 13 -68 92 1 -6 -6 -27 32 -6 53 0 
-40 -104 21 27 50 -94 48 15 -43 62 65 -22 10 77 -45 8 
38 29 -6 84 -4 61 -118 -64 91 47 11 -61 17 9 24 -12 
27 -88 -41 -20 -61 -27 -93 6 86 40 8 -2 21 44 -20 39 
15 -2 -60 -18 -36 -30 31 15 -48 36 -51 43 103 -31 118 -6 
-78 48 88 16 29 -46 -45 3 17 -113 134 92 -24 60 -51 -69 
35 70 0 13 -41 33 -58 36 -40 -18 -23 6 -35 4 52 -8 
-120 54 24 61 1 -13 24 -4 52 101 -37 -31 34 -29 2 -9 
19 -16 16 27 -37 2 -32 99 -41 9 -19 36 -36 -12 -79 -27 
68 -52 -76 -19 29 -6 -10 -9 -2 -12 19 -64 -6 -99 -69 2 
34 21 -1 4 -65 -17 35 6 -36 -51 -61 42 -78 -52 -21 -21 
-33 51 11 2 -59 11 -27 95 47 -45 -25 79 16 -44 27 -24 
8 26 19 -68 24 -45 -20 87 109 -41 -68 -62 -32 107 58 25 
14 81 -10 -1 94 39 71 -53 55 -5 40 42 -20 -59 30 -10 
0 46 -23 35 -14 1 37 10 -14 23 -6 56 -44 14 42 172 
0 26 -39 -9 9 16 -58 66 20 20 -51 28 19 27 9 59 
43 -18 -21 28 -12 9 -74 11 24 73 -17 11 -25 -32 16 -19 
-70 -4 -101 52 -57 17 -77 -20 124 -9 -24 -47 -46 1 -122 -58 
12 -74 -20 -30 20 -3 7 57 -48 75 82 -23 -18 34 -28 91 
-38 -5 32 -2 48 77 51 17 -11 21 32 36 49 16 -4 49 
4 -11 0 0 51 -2 0 -45 -37 6 -18 50 0 26 1 -6 
1 0 17 -1 0 0 1 2 0 -2 19 15 29 -9 -2 2 
-4 -4 5 24 -12 18 -58 1 35 0 12 -37 5 -1 -8 0 
8 0 13 -22 0 0 0 -26 13 3 23 0 32 -3 -29 1 
-22 0 10 -15 2 -11 25 32 3 0 12 0 0 30 -32 -7 
-5 -26 -6 -30 -10 -9 -11 -29 -27 0 -7 0 8 19 22 0 
-1 -2 -51 0 0 0 -43 -2 22 -47 1 5 8 2 4 0 
23 -37 -12 -13 -19 20 -7 6 -1 0 12 -16 -8 5 -6 -36 
0 10 1 -1 1 0 7 30 9 -2 -7 3 34 12 23 2 
13 -1 -17 16 -11 3 -6 6 0 0 -5 -3 -65 -1 -17 -53 
-13 0 -3 22 9 61 10 -2 1 5 9 29 14 0 14 34 
27 5 3 -27 2 2 -14 -14 26 -13 -7 2 34 8 0 -57 
56 -8 -3 -3 -9 21 -3 -41 43 0 1 17 15 0 -2 0 
2 39 19 14 12 30 0 -6 0 0 -2 44 -13 -2 -16 15 
-1 0 1 3 0 16 -3 -11 -6 1 -6 10 1 1 -15 7 
-5 -35 24 -1 11 -24 8 -7 30 39 -25 7 -1 16 0 33 
22 -3 0 -8 2 0 -40 3 7 4 0 8 -4 -30 -36 30 
41 2 21 39 1 28 -12 23 -46 0 14 10 1 0 12 -3 
-10 -1 9 -50 20 3 10 30 -5 11 -2 0 22 9 13 -1 
-43 -37 11 19 25 -16 -38 0 3 27 2 -14 25 3 56 -1 
-2 -1 -1 31 0 10 -14 18 -2 17 10 3 2 -5 22 0 
1 1 5 -31 1 -5 -1 -11 18 2 0 32 0 -3 0 21 
2 1 5 3 -13 17 -1 16 26 24 -42 -4 7 1 -24 30 
1 1 1 3 0 -23 27 -1 1 -30 24 0 51 13 -11 -7 
4 -34 1 1 36 0 14 7 -1 7 12 0 0 26 3 25 
-15 -20 1 -5 -3 4 -8 10 28 -2 0 1 -1 15 1 -36 
-2 0 -18 -5 0 -1 -9 2 -27 -8 4 55 14 -1 -27 -11 
-2 61 79 0 -14 -1 -13 2 14 -13 0 0 -9 -3 -8 0 
-2 0 0 0 36 -15 -12 0 7 -21 3 1 21 2 -16 -4 
6 9 -9 25 -4 5 15 -11 11 10 -12 32 -22 0 -18 -16 
-16 6 30 42 8 10 5 -25 -8 0 4 -28 22 -35 -11 21 
-37 2 27 1 4 -61 30 0 -1 0 -9 18 6 0 6 -2 
12 4 38 54 10 -2 -55 -8 0 6 3 30 1 1 8 5 
2 -58 10 0 -22 -6 2 2 2 0 9 12 2 9 -1 -41 
40 1 3 0 8 2 0 -45 -19 2 33 -4 -44 0 0 10 
-7 -5 26 12 6 42 4 -3 15 22 2 0 2 -1 5 -22 
7 -9 2 0 -35 -4 0 44 10 -21 59 34 1 -15 -5 5 
9 0 -25 -1 0 0 6 -4 0 -2 -33 16 -48 49 2 4 
-28 13 -18 1 -12 -1 143 -6 -26 1 -2 24 40 5 -7 -1 
-19 0 -30 -64 -3 1 0 13 16 -20 -59 -1 -78 -14 66 0 
-29 -1 28 -25 -7 9 24 -61 7 0 -17 12 -27 2 31 2 
24 49 27 51 25 25 15 43 42 3 26 0 4 24 -29 0 
-4 -3 12 -3 -2 -7 48 -8 -23 28 -8 -51 -18 -20 10 -2 
-71 50 -11 -8 -26 -23 9 20 -10 0 10 47 -19 2 -31 75 
2 -19 4 2 10 1 -16 -89 -26 19 -26 -16 -53 4 23 31 
43 4 28 -11 22 8 25 -18 3 4 17 13 86 -14 -4 27 
5 22 9 -61 -18 -18 -4 1 -6 21 43 -42 -52 6 33 -38 
-7 7 -16 45 1 4 34 65 -44 103 -40 -5 -16 24 0 91 
-20 29 -30 57 32 -60 15 28 3 0 -6 25 10 -2 -7 -1 
-12 29 -35 1 -3 13 0 5 -10 4 1 -127 18 0 15 8 
1 0 -3 11 -5 -6 12 -8 -26 -1 27 -39 -33 -5 57 -41 
21 56 32 -18 -33 29 -37 36 -68 18 48 -18 -17 -16 0 0 
13 3 0 32 -17 0 59 -9 -12 16 1 -14 7 9 60 -10 
-24 -6 -11 -59 -7 -46 -5 -3 56 2 20 -7 19 -1 7 20 
-31 -1 10 26 0 -7 -22 -22 13 0 0 1 -33 16 20 1 
25 0 -39 -50 -1 -40 22 0 -3 14 3 5 3 -15 -76 -2 
4 7 -1 35 2 2 4 -42 35 -26 -80 5 6 -45 -81 -22 
-13 2 -1 32 -3 -13 -3 -27 -4 5 0 -7 2 -10 0 -62 
-38 2 -10 3 30 -88 2 -74 9 10 37 15 45 14 0 -93 
-19 20 4 -17 -2 -22 -17 -7 4 90 -111 -3 -41 16 28 4 
58 -2 -5 0 -2 3 -22 -9 2 -10 0 -1 0 -37 -4 19 
12 16 -3 12 9 11 20 1 37 1 0 0 -3 -13 -7 28 
-11 1 28 -7 -1 4 21 16 18 -34 -9 -43 -15 12 16 -10 
9 -84 -116 -4 -1 -13 29 -14 7 4 0 0 24 -27 28 0 
3 -5 0 -17 -82 2 -17 0 25 115 -10 2 16 8 19 9 
3 -29 26 -59 54 -7 1 -8 2 8 -38 14 -30 1 35 13 
72 -58 20 16 -24 18 -5 44 -16 0 -12 59 8 -5 2 -38 
52 -1 -32 0 2 104 36 4 -2 4 -58 16 23 -18 -11 -3 
-43 3 48 -106 14 8 45 -21 1 39 14 16 10 6 -51 2 
-1 3 13 0 38 -5 63 -12 15 1 -15 -18 -2 -9 -1 54 
19 -14 -8 0 -20 9 -2 85 66 11 -7 32 38 -1 13 -64 
-16 -27 21 27 35 -90 5 19 -32 -39 -4 -2 -5 22 -12 17 
1 -6 0 0 -9 0 0 6 1 -2 5 -2 0 9 -1 8 
-1 0 -8 0 0 0 5 -1 0 -1 -10 -12 2 2 0 0 
-4 0 10 -10 10 17 37 0 -20 0 4 14 28 0 -10 0 
-6 0 4 2 -1 0 0 -6 19 -4 -2 1 30 13 -19 -1 
-19 0 -3 -12 1 3 -25 -5 -13 0 3 -1 0 4 -4 -1 
2 18 -13 -5 15 11 2 11 16 0 4 0 -3 -16 -4 0 
0 1 -20 0 0 -1 5 -2 4 23 1 7 7 7 15 0 
-13 1 -6 -34 6 -2 13 -2 1 0 18 -47 8 -3 -1 5 
0 0 3 1 -1 0 9 -31 -5 1 -14 -3 -36 -30 -40 -5 
-22 -1 -11 12 -8 0 -5 4 0 0 18 -29 21 1 15 -13 
-6 -9 -4 -18 -3 -29 -15 0 0 -5 -29 -9 20 -1 8 17 
14 -22 -2 47 -2 -12 10 33 -10 -2 6 -1 -24 -20 0 27 
-21 -2 -6 4 5 -19 5 -9 -23 0 -1 -12 -19 -1 -7 0 
-2 -24 19 17 17 -23 0 -15 5 -1 0 -26 -7 -1 -1 4 
-1 0 -12 -5 -1 -29 18 22 3 0 -8 -20 12 0 20 -8 
-3 9 -43 7 -9 -6 -4 11 31 -20 21 -12 -3 -6 0 -15 
-17 3 0 3 9 0 -17 -2 -3 -12 0 -7 1 -15 20 37 
-26 3 -18 2 0 -23 2 -12 9 0 -25 -9 3 0 -16 20 
-25 0 -20 -9 -24 1 -6 17 2 11 0 2 9 -22 3 0 
10 -4 -3 -3 10 -2 15 0 -1 -20 -2 9 12 -2 -7 0 
-5 1 1 -16 0 -35 -6 -2 -19 -26 -27 -4 4 8 -14 -21 
8 3 -19 5 0 1 0 1 -2 18 0 -25 0 -4 0 -22 
-2 -2 2 1 -3 -13 2 -20 -2 6 2 -1 15 1 -8 -19 
1 -4 1 0 0 -16 -6 -1 -2 24 0 0 2 -16 -2 5 
-2 3 0 -1 -36 0 -29 -1 -1 -2 -7 0 0 -17 5 -22 
17 6 0 -1 -2 -2 22 2 -3 2 0 0 0 -11 -16 10 
-3 0 -4 -14 0 -3 0 31 -6 3 0 5 29 -4 33 -4 
2 -8 -19 0 -7 3 -15 -3 1 11 0 0 7 -4 -4 0 
0 0 0 -7 -19 -2 -15 0 -23 0 -19 -1 4 2 10 3 
-27 -7 3 -22 12 -4 -11 3 -14 -8 -22 10 -6 0 -14 -7 
5 -16 -2 -17 1 9 0 -7 -35 0 0 9 -17 -7 -25 -7 
37 1 -9 0 0 13 -20 -1 -1 1 -17 6 -23 -3 -1 -3 
-8 -2 -16 -15 -2 -1 11 2 0 15 -2 -36 -1 -1 0 5 
-2 -11 -19 0 28 -1 2 1 -1 0 -15 25 1 -1 1 24 
-29 0 0 0 -3 -1 0 35 -4 -2 2 2 12 0 6 -2 
-22 0 -22 -16 -24 -32 1 3 -4 4 0 0 -2 18 -3 -8 
3 -2 0 0 -28 -1 0 15 -22 -2 12 29 0 -13 5 8 
-1 0 -19 0 0 0 -4 3 0 0 -1 -3 -15 -11 -3 -1 
12 3 -20 -18 -3 -3 58 3 -1 0 -9 -4 5 1 18 0 
-14 0 -7 -56 -1 0 0 5 7 -6 3 0 -49 -23 14 -1 
9 0 0 -7 -3 6 -47 -20 0 0 -7 0 11 -26 18 1 
4 14 24 30 -4 -8 8 10 -7 1 -6 0 -1 -18 -20 0 
-1 0 17 0 0 -2 25 1 -1 6 3 -40 -1 -28 -7 0 
-10 19 -3 21 10 18 23 4 -2 0 -4 1 -14 5 -4 18 
0 1 -3 -1 -3 0 -8 -3 -9 2 3 -1 3 -21 -23 -2 
-19 1 18 -1 0 2 -12 -9 -1 0 11 14 14 -5 14 15 
3 4 -9 -16 -6 -5 -7 0 -3 -3 -6 -13 -21 -4 2 -33 
-5 -11 1 -7 -3 1 2 9 2 27 -5 -3 -25 -10 0 -9 
29 1 34 -1 8 -24 -1 2 -19 0 0 -9 -17 1 -5 0 
-3 -35 -12 0 9 -11 0 6 -6 0 -1 -32 2 1 4 -15 
-4 0 -13 -5 0 -17 2 -32 -46 -1 15 -11 17 0 9 8 
-4 36 -24 -11 -6 9 -17 17 -58 -26 13 -13 2 -16 0 -40 
-22 -11 0 0 -2 0 28 -1 -2 -9 0 -24 3 -15 2 -14 
11 -1 -24 3 -1 26 -37 -16 4 1 3 11 1 0 10 -1 
-13 0 -15 30 16 -5 -1 -18 5 -28 -1 0 -15 18 -13 0 
2 -6 -8 -3 -7 -3 20 0 -2 -24 2 11 -7 0 -15 -1 
-1 -2 0 -30 0 -17 -5 -10 46 -12 -16 -4 2 -15 4 25 
6 5 22 13 0 -3 0 -1 8 16 0 -35 0 3 0 -69 
-2 -4 0 1 1 -17 1 -30 11 14 7 4 10 4 14 -48 
-1 31 0 -1 0 24 -3 -1 1 8 -27 0 -26 7 11 0 
-7 5 -1 0 4 -1 -21 -4 -2 -1 -6 0 0 1 -3 -20 
10 3 -4 -1 1 -3 3 -12 -3 2 0 -1 0 11 -6 9 
1 0 14 -18 0 0 9 -5 2 18 -2 -28 -12 -4 5 16 
5 -34 -13 0 1 1 46 -4 -7 9 0 0 -4 -11 5 0 
0 0 0 -8 -8 12 -9 0 -7 36 9 -1 13 -14 -14 -3 
-25 -3 5 -1 11 5 -8 7 19 -8 14 -7 -30 0 -6 9 
0 4 -2 14 -29 2 2 27 9 0 4 31 -43 19 -3 -19 
13 -1 -7 -1 -6 25 -29 -4 -2 1 -18 11 -20 -7 -3 2 
-6 1 -22 -47 -8 2 -4 7 0 -8 0 -34 1 0 -9 -8 
1 4 -24 0 26 -2 23 -6 1 0 3 -12 -3 -8 -2 18 
-31 0 -1 0 -3 -4 -1 34 9 1 4 0 14 0 0 -32 
2 13 -31 -34 -27 -37 -1 3 -20 9 -1 0 -2 -27 -4 19 
-1 -6 2 0 -44 4 0 -82 21 21 -11 43 0 -37 -5 37 
4 0 75 0 1 0 29 2 0 -9 -2 8 31 -50 -1 -5 
-38 -12 40 -12 -1 -20 -119 12 205 0 13 -3 -79 -3 0 0 
14 0 -32 0 -4 0 0 -18 -40 4 -33 -11 45 15 -97 -2 
3 0 -8 -98 4 -2 45 96 -3 0 28 -9 13 64 -20 -16 
-2 -19 -64 -47 -13 -10 -10 75 28 10 -26 0 18 -13 -8 0 
-3 0 5 -2 0 0 34 12 -42 -15 6 58 7 15 -7 1 
56 -88 5 26 13 44 -83 -23 4 0 16 -1 -76 8 9 -52 
2 16 -3 1 5 -1 17 18 -23 -13 0 -15 37 -45 -22 10 
17 4 1 24 -50 -5 -71 -115 -1 3 -31 11 -43 5 -17 -42 
-41 -29 10 17 -8 39 -4 -4 2 2 2 19 39 9 29 5 
-7 48 12 11 -8 -3 20 9 -6 47 23 7 6 -3 0 -56 
-44 -16 31 -14 76 71 -11 -51 35 0 2 -3 -54 4 -22 -1 
3 24 -9 33 31 -38 0 -35 -16 0 -6 22 -2 0 38 49 
-14 1 -25 22 -1 -49 -13 26 46 1 -71 -2 14 0 -8 -6 
-30 -5 -40 -15 20 28 45 -33 70 47 43 67 15 -21 -1 5 
-68 57 0 -26 -50 0 -69 -7 9 -12 0 2 -10 -64 29 -59 
66 4 -16 -4 4 -15 -17 20 -20 2 29 4 23 1 -23 61 
-48 3 -36 -62 43 -2 0 -10 5 55 4 -3 -3 -84 20 0 
-2 -76 36 21 28 -17 -41 0 -8 -10 -14 -1 14 6 11 -3 
16 -8 -6 -15 1 -21 68 -1 42 -26 6 6 2 -40 39 43 
9 -2 -76 -72 -1 70 -3 23 -33 16 0 2 2 -17 0 8 
56 -17 -8 0 -14 105 -1 -40 13 42 -98 -3 -30 -36 -56 46 
4 -6 7 -6 2 -8 13 -8 -1 74 -44 -2 15 -26 2 4 
-35 -36 -2 5 7 1 4 -8 -2 -8 -2 0 0 84 -21 -2 
-164 23 -8 -12 5 -4 -10 -65 -19 -2 -2 8 1 -92 -42 -57 
14 0 -5 -25 1 5 53 106 -64 17 -4 45 28 8 20 -6 
-7 78 41 3 -69 7 -97 -14 -43 94 0 0 16 -21 11 0 
1 -2 0 20 2 -33 -21 0 -36 41 25 -4 82 -52 -13 4 
12 -5 0 116 -39 14 13 8 24 2 -67 -98 10 -2 -75 -88 
-8 12 18 62 28 161 19 -76 8 0 -22 13 44 -31 -84 -13 
-29 2 51 -5 5 -14 0 9 1 0 2 3 -87 4 17 0 
-12 0 8 119 -6 -11 -26 56 0 13 -4 -8 -1 -11 84 -6 
6 -51 -8 0 5 -5 -52 3 28 1 26 45 5 84 -6 -68 
-9 4 9 0 -5 10 1 76 12 1 -5 7 -101 0 -34 -1 
-74 -7 -10 54 -37 27 -20 14 41 59 1 -1 -2 -25 11 3 
0 5 -2 1 5 -30 -1 26 -5 -75 160 66 4 -14 61 36 
-14 0 47 4 0 -2 55 -14 0 -13 6 4 65 15 -31 7 
25 -2 -45 34 -14 -33 -34 -35 -6 -1 47 -59 8 -1 -24 -3 
-7 0 -88 25 -13 1 0 46 -63 -1 -24 6 25 27 90 -3 
18 1 -27 92 12 -113 22 -54 -39 0 52 3 24 -80 118 3 
23 -2 -2 -10 -93 5 9 -47 -20 3 -58 0 -52 33 41 0 
-13 -7 -5 1 2 -16 172 -12 -18 37 -1 -15 -22 10 67 2 
15 54 32 80 -12 34 -96 16 -2 0 -20 96 -75 41 32 -44 
2 -2 20 8 -12 -1 -100 -34 43 -10 -38 8 -26 4 16 11 
29 -9 55 42 -3 0 -24 41 3 -10 -57 14 -89 15 6 48 
-52 19 -13 -61 21 -7 -17 -6 -9 -11 2 13 -46 2 22 -27 
-25 44 19 38 31 57 -35 -7 -55 65 -23 -13 -47 33 0 6 
45 -8 47 22 209 -142 1 -19 21 -5 -13 45 39 -13 6 1 
4 5 21 65 54 -1 -1 -35 0 2 -9 57 7 0 17 17 
-23 0 32 35 -5 23 -68 59 -15 -1 41 11 -18 8 30 -72 
-1 -36 -21 -68 -39 -62 39 -52 -16 26 50 56 -14 44 -4 35 
-25 -83 -4 13 -89 0 -55 -12 18 23 0 -30 14 -68 136 64 
-51 11 1 51 7 96 71 -19 -99 -13 -33 4 -7 3 32 6 
56 7 0 -125 -7 -1 14 56 -15 64 1 10 -44 9 46 -2 
74 -37 19 -70 0 35 61 0 -13 -22 -39 -16 -38 6 44 -9 
-16 20 -21 3 4 14 -21 -1 120 -14 -6 15 5 -76 28 -59 
-5 -5 -153 17 -2 67 -3 -73 -43 -31 0 3 -6 -14 0 73 
-21 -21 20 15 73 39 5 -33 33 7 -50 -12 63 -33 -90 -66 
1 -60 7 9 4 -97 -37 -9 -2 6 -64 6 68 -68 42 -21 
26 -34 24 9 -19 -12 -22 1 -13 3 7 -1 0 59 -41 0 
-141 36 29 -18 8 -5 -34 81 -45 1 -5 -18 10 -70 13 -97 
7 6 -49 -71 4 -19 -32 47 -11 50 9 -29 57 -9 -65 -27 
40 -117 49 3 -40 8 59 -3 43 -3 -1 1 10 -24 -6 0 
-15 5 -1 -4 -4 -27 -8 0 -8 63 77 0 -24 27 39 -16 
5 4 -37 -59 60 -21 -6 42 -16 -8 -24 -108 58 7 -95 -78 
-32 -37 -64 -31 -20 41 26 -48 -64 1 25 -57 -16 -115 82 106 
61 7 -43 -8 23 35 1 40 -5 1 125 3 111 -33 31 -8 
15 2 57 22 8 -5 -66 12 -1 -6 -8 -8 4 -4 31 -7 
20 -66 -10 0 5 36 59 9 -46 -3 23 5 23 17 6 90 
-17 -1 14 0 27 -21 6 94 -26 -14 50 -37 -66 6 -4 7 
-23 -19 3 23 -6 38 -7 25 22 36 -9 1 9 -40 -6 10 
-9 0 -6 5 -6 1 4 2 1 4 9 -16 -6 -17 8 1 
-2 -6 -2 2 1 -11 5 3 -10 -3 -5 9 16 -1 -1 -5 
-6 3 -7 3 6 -11 1 5 3 9 -2 -4 -7 12 18 -2 
4 7 -9 16 -2 0 -5 5 -3 1 11 -3 -7 -1 6 -7 
-8 0 15 6 0 9 4 -10 6 -11 -2 9 -13 -6 14 7 
-9 -10 0 1 1 -4 -1 11 -10 -10 -11 -1 3 4 -6 11 
3 -2 8 4 6 3 7 15 -1 -16 0 4 1 4 0 11 
-1 -10 -17 -7 14 5 -3 9 -7 4 -9 -4 -4 3 -3 4 
1 8 2 1 13 3 -5 5 7 9 -4 -1 -1 5 0 -1 
-13 -3 13 -3 -31 -12 8 -8 8 -3 -3 -12 -8 -17 -2 -6 
4 -5 15 -7 11 0 10 -11 9 -7 4 -3 -2 10 2 4 
-14 -10 0 7 9 -7 6 2 10 0 2 12 -22 4 -13 -2 
11 21 19 17 1 -6 -9 -9 -19 5 4 19 -12 1 1 -3 
9 2 4 2 7 -9 3 -1 22 -9 -3 -11 5 -10 5 -15 
-16 -34 -3 -13 -1 1 -1 2 -9 10 26 15 -4 -8 -9 -4 
2 14 -1 -3 -13 -6 -10 21 23 -6 9 -13 3 0 -11 -11 
2 -6 8 1 2 7 14 -5 0 23 -10 14 -4 3 -6 -4 
-12 0 2 -9 -6 -9 19 -20 8 6 1 -2 17 -8 -5 -2 
-3 1 2 -1 5 -2 0 2 -5 -6 -1 -1 0 -7 4 4 
-4 -1 -4 2 8 3 1 5 -6 -6 -4 4 3 0 -4 -2 
-8 7 -6 1 0 5 7 9 4 10 -2 0 -2 3 6 -4 
3 2 -2 2 -4 -8 1 3 2 -7 7 -4 -1 -3 3 -1 
-1 -1 3 -7 6 3 -2 -2 -4 -4 0 3 -10 -1 5 3 
-5 -4 0 3 -2 0 6 -3 -3 -7 -1 7 -1 0 -3 1 
3 10 7 1 -3 2 9 5 -2 0 1 -5 4 -1 3 4 
8 -5 3 0 9 -3 -4 0 -2 -5 0 0 16 2 3 -2 
0 2 3 4 -2 -12 3 7 2 8 -2 1 -7 0 19 -10 
9 8 4 13 -2 -9 -10 9 0 4 -4 -7 6 -2 12 -10 
-8 -6 13 -2 -1 0 1 0 0 -4 4 6 -9 0 11 2 
0 -13 -1 1 -5 2 6 2 -9 -9 -10 -6 -2 6 -2 10 
0 9 0 -3 0 3 3 1 -2 -6 8 -2 -2 1 9 6 
13 -3 2 -1 7 1 -1 -7 2 -1 2 -8 10 -6 -4 0 
-6 5 -13 2 -3 -1 13 14 5 -2 -4 -3 -3 -5 3 -2 
-2 2 2 3 -1 -3 -2 8 9 -5 -1 -2 1 1 5 -5 
-7 2 -2 -2 2 1 -5 6 -12 -4 10 7 -7 8 0 -4 
-4 8 7 -5 2 9 10 -5 11 -6 10 4 5 4 -17 8 
1 1 3 -2 2 -2 3 4 0 -2 0 -1 -1 -2 1 -2 
0 -2 -5 0 4 0 -3 4 -6 -6 -4 2 3 -1 -1 1 
-6 5 -4 3 2 2 5 6 4 6 0 0 -1 0 2 -6 
-2 5 -1 6 -2 -5 3 6 1 -3 4 -3 -3 -3 0 -2 
-3 -1 8 -3 6 5 0 1 -2 -2 0 5 -7 1 4 0 
-6 1 0 -2 -2 -2 3 2 -3 -6 -1 5 -2 -4 -5 7 
-6 -7 -15 10 1 0 1 -5 3 -1 0 -7 -5 -1 2 4 
-9 -5 -8 -7 -2 3 0 -3 1 1 -14 5 4 -7 3 1 
1 0 -8 12 4 13 8 10 -2 11 -4 6 6 2 -1 1 
12 0 7 -12 -1 -11 27 -1 5 -11 -5 8 -27 -3 0 3 
-7 2 1 0 14 3 7 5 13 -3 9 -4 2 8 14 0 
-12 0 -1 5 6 -10 -1 -3 13 -4 -8 16 2 -10 -18 5 
-2 7 0 -1 3 -9 11 -6 -10 -2 6 -17 5 -9 -2 0 
0 -2 5 -1 -1 4 -13 2 4 -11 -6 12 -3 -6 8 0 
-2 14 2 10 -9 15 13 3 7 4 -8 -12 6 2 11 -5 
1 10 10 11 0 6 6 0 0 -3 -14 0 10 3 -7 7 
4 -2 1 6 0 8 -3 9 -9 -7 2 2 4 7 2 8 
26 -16 0 9 3 13 -4 11 -19 -1 -4 13 1 -7 1 1 
7 1 11 -15 3 3 -6 6 8 -11 8 1 11 -5 0 20 
18 1 1 -6 18 -1 1 9 -3 -2 1 -7 -2 -8 -6 7 
13 -3 -1 8 11 -9 -2 -2 -8 -2 4 -4 -6 5 5 -13 
-15 13 16 -2 -31 -19 -5 1 -2 -5 0 -7 -5 -24 8 -8 
-9 -13 12 3 0 13 2 -3 -3 -8 6 7 -13 -3 -1 -1 
6 -5 13 -4 1 10 -1 0 8 -12 6 8 -19 7 3 -7 
1 9 0 0 7 -2 6 -1 -10 -1 12 -1 -3 -4 7 2 
6 -2 2 3 -2 6 -1 0 5 1 -2 5 16 2 3 -12 
-4 2 -6 4 -11 5 5 13 7 3 -9 -2 -3 1 10 -3 
12 6 1 8 10 -3 6 8 4 4 -4 0 3 2 0 2 
-10 -3 4 1 2 5 -1 1 -5 -6 1 10 -7 11 5 -4 
7 1 6 1 -6 7 4 0 1 -7 3 -1 2 3 -1 5 
-3 -1 4 2 5 -3 5 2 -2 -3 -1 -6 0 0 1 2 
1 -3 -4 -1 2 0 -2 3 -1 -3 -6 2 1 -1 -1 -3 
-5 4 -1 2 3 -2 6 8 3 7 -3 0 -3 1 8 -6 
-2 0 5 4 -4 -7 0 1 1 -3 4 -7 -6 -2 6 -3 
-4 -4 6 -1 5 4 2 0 0 -7 4 5 -7 3 6 1 
-3 3 2 1 -1 -2 4 -3 -2 -3 2 3 -1 -4 -3 6 
-17 -10 0 17 -1 6 2 17 28 -14 0 -8 18 -15 0 -14 
2 -4 -4 -9 0 -28 -11 -18 -31 -6 1 16 9 0 -13 40 
8 21 -14 15 11 -22 -5 5 1 5 0 -10 -1 -2 -5 -9 
-14 4 -3 -3 -24 -7 -10 -9 -10 13 14 6 5 -2 60 -4 
12 -10 -9 -9 7 -10 10 -20 1 3 10 -3 -1 -7 8 11 
-15 -2 -3 -6 10 2 8 11 -11 8 -17 7 11 -3 -4 16 
8 -4 13 2 9 -3 9 -5 -2 -6 -1 -1 -3 -5 3 6 
-1 -2 -5 -2 5 -2 -15 12 7 -22 -4 2 -1 10 6 2 
-9 14 -4 9 -2 -9 2 -11 -1 14 -1 -3 5 2 6 1 
-5 13 1 10 -3 -12 -3 0 11 4 -6 -16 -1 -5 9 2 
-5 -8 2 -9 9 9 2 -3 -1 -3 3 2 -10 -6 5 10 
8 -16 4 -9 4 2 2 -8 -11 -1 -1 3 -2 -7 4 9 
11 -2 2 -9 8 1 9 -2 -3 -12 1 -1 6 -2 6 10 
13 0 -1 -6 6 8 -10 -3 1 -4 0 -10 10 6 4 3 
-4 5 -1 7 -2 7 4 9 3 -3 1 -7 0 -3 6 -4 
-6 6 4 5 -6 -5 0 7 4 4 -7 -5 1 0 2 -2 
-13 -4 2 -9 -4 -1 1 6 -7 -8 10 2 -6 10 4 -2 
-1 -2 10 -8 6 3 10 -1 10 0 0 7 -3 3 -4 3 
20 -19 21 -2 15 -6 1 1 -10 -20 2 -5 22 16 -20 19 
45 -22 2 -22 14 26 -11 31 5 -4 8 -8 -1 0 0 10 
24 16 9 -5 -8 2 -16 -19 -22 -23 -5 -7 7 12 10 -14 
-19 38 7 11 -16 -8 -4 1 -2 20 10 0 -2 -10 4 10 
-4 0 -2 -29 17 -7 -2 -4 -2 16 8 33 -2 -7 -23 20 
-13 -44 -7 8 2 -7 12 5 22 -2 -1 4 -12 8 11 -1 
-3 -1 -2 -2 0 -5 4 6 -2 -1 2 -8 3 -9 4 -2 
4 -1 -8 3 2 -4 -10 7 -8 -3 -7 2 4 5 0 5 
-3 9 -6 9 -2 4 3 9 5 5 -5 -3 -4 -6 3 -12 
-4 -3 -3 1 -8 -9 -5 2 -1 -6 0 -7 -7 -3 10 -5 
0 -3 6 -3 6 6 4 -1 -4 -10 4 4 -4 -3 6 7 
2 -1 0 -6 4 -2 3 -1 -10 -7 -4 7 -6 -7 -2 3 
11 -12 10 -5 -2 6 3 1 -2 0 -6 -5 13 7 -8 10 
10 -4 -2 2 7 4 -10 13 7 -19 6 4 -2 17 7 18 
5 21 -6 14 -3 -10 0 -2 2 9 -10 1 -1 3 -3 -15 
-16 3 -6 0 -15 -7 0 -12 8 8 -3 -19 6 -6 22 -3 
-2 -4 -1 -13 11 13 -2 -11 -10 1 -1 1 -6 5 9 11 
9 -16 8 -13 1 12 5 -9 5 0 -3 1 -9 -16 4 14 
6 4 0 -5 9 4 4 -1 -5 -6 9 -2 2 0 9 7 
4 -1 -3 -2 1 5 -4 2 1 0 -2 -2 6 -1 10 1 
-1 -5 -4 9 -5 6 3 2 4 2 1 2 4 8 7 -6 
3 -1 4 1 -5 -1 4 6 2 -4 -3 -2 -7 -2 -2 0 
-5 2 5 -4 1 4 5 3 -5 0 7 0 -6 10 0 0 
3 -5 10 -6 1 3 6 -7 11 -4 0 10 -2 -6 -6 5 
1 0 1 -2 1 -2 3 4 -4 -5 -3 -1 1 0 3 1 
3 -1 -4 -2 5 1 -2 1 -4 -1 -6 0 5 -5 0 2 
-4 2 -2 1 -1 0 4 3 4 6 -2 1 -2 -4 4 -5 
-1 3 0 6 -2 -5 2 4 5 -7 3 -5 -6 -3 5 -3 
-3 -5 4 -5 5 5 1 -5 1 -6 0 0 -5 5 5 0 
-5 1 2 2 2 1 1 -4 -4 -4 -2 2 -4 -1 -7 6 
20 14 31 17 12 2 -1 -20 1 -4 17 6 -7 6 -3 2 
13 12 17 5 7 -15 9 8 14 -9 2 -15 4 2 10 -24 
-23 -26 0 4 13 0 -2 5 -15 6 17 14 -4 12 -2 5 
14 19 -3 16 -1 1 2 17 13 -19 -7 4 5 7 1 -18 
6 -9 8 7 7 -1 22 -11 11 12 -17 -5 -3 2 -11 3 
5 -8 2 5 2 -12 0 -1 -1 3 -19 -4 21 7 7 -4 
-1 32 12 18 5 2 -4 -15 -9 2 13 14 -15 -18 0 -11 
-3 -3 -6 2 4 5 7 -4 20 -7 1 6 16 -2 4 -21 
-21 -25 1 -15 8 -7 4 7 1 10 12 21 0 3 6 4 
17 5 -13 7 11 5 -6 25 19 -20 14 -12 1 3 -3 6 
3 -2 6 -5 4 5 8 0 4 17 -9 12 -2 1 4 6 
-5 5 -6 -3 -3 2 2 -11 -8 -7 8 -9 12 1 -17 -8 
5 4 -1 -3 5 0 4 2 0 -5 4 -8 4 -7 2 4 
5 2 1 1 4 -1 -6 5 -2 -9 -9 0 0 -4 7 6 
-3 8 -4 7 -5 4 8 1 0 2 -3 -5 1 5 9 -2 
3 3 5 11 1 -5 4 1 3 -5 -9 -8 1 0 1 4 
-2 -2 2 -4 -1 6 2 3 -7 -1 3 1 -8 4 0 8 
13 -9 2 5 1 6 5 0 -8 -2 -10 10 3 -7 2 7 
1 2 4 -3 8 3 4 5 -5 -4 8 -4 2 -1 9 9 
0 3 0 0 2 -2 0 4 1 -10 -8 4 7 -3 5 -4 
-11 -2 -5 6 -1 -4 3 7 8 6 6 2 0 7 3 1 
9 3 8 10 4 -5 8 4 8 -5 -7 -3 -7 -5 -1 -5 
-3 -5 1 -3 -1 6 3 1 -1 -2 2 2 -11 6 2 -3 
5 -5 4 3 -1 1 3 -3 -3 -3 -6 1 4 -2 -3 8 
-4 2 1 0 2 -1 2 2 -1 -1 2 -1 -1 -3 3 2 
0 0 -3 -1 4 -1 -3 5 -4 -6 -5 1 7 -2 2 0 
-4 2 -1 1 1 2 4 6 5 7 1 2 -1 -3 5 -5 
-1 3 0 2 -3 -4 -1 0 1 -5 3 -8 -4 -5 5 -1 
-3 -4 8 -5 4 5 1 -3 -3 -5 3 5 -4 2 4 -1 
-6 -3 5 0 2 2 2 -2 1 -5 2 4 -3 -3 -5 5 
12 7 17 9 3 8 -1 -2 2 -5 2 12 -3 5 18 9 
3 15 9 8 -1 -7 5 -6 11 -22 17 -16 6 -2 -5 1 
-24 -8 -16 1 8 -12 11 1 -5 13 17 -1 18 -1 -17 3 
-1 14 5 10 0 -3 -22 14 13 -13 16 1 -12 -4 6 -13 
10 16 -2 -4 12 6 3 -17 -10 17 -3 -2 -2 -2 -1 11 
1 17 4 0 12 -8 15 -20 1 5 6 -13 19 -7 -4 8 
-2 1 0 0 3 -4 2 3 0 -3 2 -2 1 -1 2 -1 
0 -3 -4 0 5 -2 -2 1 -3 -2 -3 3 4 -3 -2 0 
-5 3 -3 1 2 0 4 5 4 5 2 1 1 -1 3 -4 
-3 4 1 3 -2 -3 1 3 4 -5 2 -5 -4 -3 4 -2 
-3 -5 3 -3 1 5 1 -1 -1 -4 2 4 -5 3 4 -1 
-2 0 2 2 2 1 3 -2 1 -4 -2 4 -4 -1 -4 5 
-1 -17 4 -3 -9 26 -7 20 -7 -11 -7 2 0 10 23 18 
15 25 0 10 11 1 -6 -7 6 -22 28 -11 -11 5 -4 23 
5 -5 2 2 8 -9 -9 3 4 10 28 0 -6 -7 -13 -5 
-22 -1 19 12 -32 -2 -24 -5 1 -8 -3 -10 2 -12 9 -11 
7 -2 19 -4 -14 -7 9 -2 -20 3 13 -20 -9 -5 -4 1 
16 16 27 -17 1 20 33 -3 9 5 18 3 10 -10 8 -4 
2 2 4 2 2 2 4 6 -2 -4 1 -2 -3 -2 5 0 
0 -2 -2 0 7 0 -5 -1 -4 -1 -6 1 8 -1 4 -2 
-1 3 -7 2 3 -2 7 8 6 4 -1 3 -2 1 6 -9 
6 2 0 4 -1 -8 -2 1 0 0 1 -7 -2 -5 9 -2 
-6 -4 12 -5 2 8 4 -4 3 -5 -1 3 -6 5 8 1 
-1 0 5 -2 3 -1 8 0 -3 -7 2 6 -2 3 -6 6 
1 10 2 -8 3 9 8 5 -10 -3 4 0 2 -2 7 7 
11 0 -1 1 1 6 -8 -6 -1 6 -2 -2 11 -4 5 -3 
0 2 -1 -2 -8 9 7 6 9 6 4 -2 6 -2 7 -2 
-3 2 1 7 -2 -7 0 9 -1 4 -7 -9 -3 -2 0 -2 
-13 3 -2 -4 -3 3 -1 11 -7 -4 9 7 -9 11 4 -1 
4 7 11 -7 -2 11 7 -9 10 0 10 10 2 3 -6 3 
-14 -4 -12 3 -5 -16 19 19 -23 13 27 20 0 7 7 -22 
15 -12 2 0 12 11 -23 20 24 -6 0 28 9 38 -13 -8 
-6 12 1 -13 -24 2 -1 3 25 -9 -16 -15 6 -9 12 -24 
1 -17 -13 -6 15 -12 10 2 3 17 -9 -20 23 25 -8 12 
-12 -12 2 -4 -5 7 -12 14 -2 -9 -8 22 1 15 1 -6 
13 -15 0 -32 0 12 -11 -21 -20 -1 -3 -2 -11 -16 18 -7 
7 -2 6 6 9 -7 -1 5 -1 1 6 -11 1 -1 5 7 
2 1 -1 1 -3 -7 -5 12 0 -8 -8 2 8 2 12 -6 
-5 9 -11 5 -1 0 8 7 -1 8 -5 -2 4 3 3 -6 
-6 11 2 12 -7 -10 7 5 2 1 -4 -1 -4 -8 -1 -2 
2 2 0 0 14 10 4 -8 -4 -1 -3 0 -2 3 8 0 
3 -3 1 7 3 5 5 5 7 -2 -2 -1 -2 -3 2 13 
13 -29 -7 -4 -4 -26 1 12 -11 -2 5 -4 17 11 4 14 
11 -17 4 0 3 12 -20 32 -2 -7 1 24 -11 17 0 3 
17 25 2 3 -23 4 -8 -9 -5 -15 -9 -18 -9 -5 3 3 
-19 -2 -4 8 -9 6 -5 -1 -12 1 2 -9 13 8 -3 1 
9 0 -4 -8 7 1 -16 0 -10 -10 3 23 4 -7 7 30 
21 -44 4 4 8 16 3 4 -15 8 -3 3 -22 -14 12 10 
29 -25 34 0 -3 8 4 -9 -15 -6 14 1 20 26 -18 13 
26 -17 -6 -21 6 3 3 34 27 8 -23 -4 -12 6 -6 -2 
27 10 -2 10 2 -6 -11 -10 -15 -4 -19 -8 1 5 13 -2 
-23 47 -6 8 -23 6 -8 2 9 0 1 6 -12 -28 -4 -6 
3 0 -9 -14 30 -11 9 -7 20 15 0 22 4 2 -23 6 
-24 -27 -15 15 13 -4 -4 5 20 13 -3 12 -27 0 13 7 
3 6 0 -3 -1 12 0 0 -6 -7 2 -5 3 1 6 7 
12 2 6 -3 5 -1 1 1 -1 3 -1 -6 9 -3 2 -2 
0 -5 -5 8 2 1 5 8 -1 1 4 4 -6 6 9 -9 
1 7 5 1 -5 -6 5 8 -2 -2 -6 -6 1 -5 9 -7 
-16 -1 9 -3 -9 2 1 2 -4 -7 6 -1 -11 7 8 0 
1 -3 12 1 -4 3 6 -2 1 -4 3 2 0 -1 -6 11 
0 6 3 0 0 2 2 5 -1 -5 -3 -6 -4 -6 2 3 
-5 -1 -6 3 3 2 -5 4 -5 -8 -6 3 7 4 -1 0 
-6 8 -6 3 -1 -3 1 8 4 7 0 1 0 -1 8 -8 
1 2 -2 9 3 -8 -2 3 2 -6 0 -7 0 -9 5 -2 
-2 -5 3 -6 4 7 1 -5 2 -7 2 2 -10 3 7 3 
-1 -1 0 4 1 1 2 -1 -5 -9 -3 2 1 -4 -9 3 

