-408 -150 147 -547 579 800 -485 9 -798 294 595 -354 833 -618 165 761 
-121 5 24 -9 -26 14 -73 -38 37 92 68 -65 5 7 -65 77 
20 101 39 -63 57 -174 27 67 50 -152 29 -2 96 77 93 184 
-24 105 -26 75 -17 6 31 24 13 -41 71 -95 -41 150 -101 -106 
-9 -55 -90 29 89 99 -9 -50 55 134 4 -60 -6 -113 -94 -78 
60 1 -161 -56 55 7 2 52 0 0 0 0 0 0 0 0 
-77 -37 -11 -42 -71 41 -119 45 41 -38 -119 -73 -7 -64 -52 -93 
6 67 59 -4 -69 3 77 28 -33 -42 -30 20 57 -46 -8 85 
-26 2 -25 44 44 30 20 -63 -22 -97 -16 69 50 56 40 63 
58 39 -9 -77 -45 10 -81 -120 103 30 -86 -100 9 -20 -130 -39 
-8 -24 65 -101 108 25 -47 21 0 0 0 0 0 0 0 0 
-97 -56 23 60 -23 -12 147 -84 -44 -97 120 23 -91 46 -3 45 
83 123 4 31 162 -82 -15 -1 -81 26 -75 85 -85 -106 100 78 
131 71 27 -36 -1 -43 28 111 -23 58 63 10 -54 -17 -53 3 
-83 42 27 -71 100 62 37 46 18 -130 -21 -65 30 -54 110 -135 
107 -13 17 61 -39 -67 -101 -19 18 49 111 39 14 45 123 1 
-68 12 -144 28 -41 -6 77 40 0 0 0 0 0 0 0 0 
-42 21 -15 176 -110 38 49 -67 -35 86 -92 -34 51 -79 -140 58 
8 -71 -28 48 122 -2 -32 113 83 36 33 -81 158 -9 14 56 
70 -64 -68 2 -16 -27 0 -45 -14 -89 72 67 90 -75 52 -85 
60 -43 -84 -107 205 20 -86 53 -16 40 52 -10 -93 -14 104 -125 
-37 -4 14 -98 19 33 -52 -54 -95 73 44 95 27 -70 -121 -96 
-46 2 -44 -85 81 158 -57 -45 0 0 0 0 0 0 0 0 
-53 -144 -104 -204 -83 182 188 -325 125 132 -181 247 64 241 -96 -143 
-137 -265 -132 47 260 309 -214 -225 64 -118 172 -102 -43 38 -209 -176 
107 275 98 181 97 -62 157 12 -79 -25 -107 -70 -87 186 -52 -146 
278 -219 -147 -53 109 290 23 -98 -199 240 44 -92 -234 26 -49 239 
109 10 -147 163 68 -107 126 118 -171 131 -92 3 -166 -44 177 -116 
87 -135 -348 -85 -25 -45 -46 -144 220 195 56 -123 -21 -255 -99 122 
-61 -167 -131 13 -193 186 108 -45 182 73 -2 -92 -88 -55 187 116 
53 -69 -141 -163 -240 -1 163 -112 -54 0 110 132 240 -223 -113 -188 
-48 -224 -81 56 -162 -22 43 22 26 181 280 6 76 -110 235 214 
198 42 -111 97 171 142 138 169 395 -57 -211 -40 -160 -31 27 139 
-127 -10 -62 167 189 256 -60 -30 -83 -119 -46 101 111 28 -107 36 
-42 -103 226 -157 -84 -96 16 -37 -48 37 15 40 131 322 60 -167 
-46 -194 -9 181 -197 -1 202 18 -51 -43 51 279 53 112 -200 -27 
1 60 -90 116 237 -30 -253 174 205 -218 7 -123 137 68 -216 -123 
-31 -202 6 -33 32 -266 181 -109 -25 199 65 106 286 240 -280 96 
-187 114 21 -127 -111 -103 100 194 48 167 256 -10 -171 -106 39 -221 
-176 -18 89 0 -346 -241 -173 179 -63 56 59 36 -226 131 214 -79 
61 301 100 -156 -81 -23 -65 -141 23 -149 233 -37 11 -3 28 -58 
-65 -23 -154 -34 72 31 -1 20 -89 -4 133 47 103 -55 32 93 
-86 -44 35 90 45 10 37 -9 -51 40 44 -54 45 -77 -117 29 
75 3 -89 -79 -90 8 47 -98 80 118 45 86 0 -17 -5 -70 
-20 -21 -40 79 103 -94 -53 51 -58 -119 1 157 19 -32 23 -8 
65 -21 -5 -159 85 100 58 -3 -58 133 93 -12 -13 -5 159 78 
50 -29 -98 -25 50 -43 52 -71 -1 26 11 1 30 84 43 -41 
-175 88 120 20 12 -16 -68 44 -176 -119 173 43 -57 -171 99 -48 
-24 50 -134 29 204 1 7 100 -83 67 104 -69 -14 96 -102 116 
-47 165 48 -35 33 4 111 8 104 -20 -101 -115 113 -164 -67 33 
-1 -56 -131 -17 -46 29 -111 69 -34 16 96 7 -30 98 1 55 
133 -201 102 91 75 12 43 -51 50 -53 -41 35 47 -64 2 29 
6 21 -36 11 -79 148 -31 129 37 94 -104 -90 116 188 -28 -73 
71 53 45 -8 9 -23 -19 193 29 158 22 -4 -42 42 -28 -80 
29 29 -5 -19 -30 -71 -48 -80 15 81 -62 -100 -10 -146 36 -66 
-30 10 60 74 137 40 -1 -65 48 8 94 -45 -35 -198 128 -9 
35 -32 10 -61 -3 -80 90 -19 50 -91 -9 -103 -64 79 -44 -58 
47 75 -81 62 161 -34 -61 -16 144 35 -60 -59 39 64 63 50 
-113 -60 -64 -30 3 -37 49 27 35 107 35 -51 -125 34 -20 -72 
145 -65 -7 -10 32 23 -38 41 -28 177 -31 72 -35 91 -35 -68 
58 95 -126 98 -39 32 127 33 4 84 60 -56 -7 -209 -5 -19 
-10 51 9 28 -144 3 -22 22 11 59 -55 7 31 89 47 60 
48 -67 -130 72 97 49 -70 66 104 -28 130 0 -87 123 -12 -50 
49 -7 -44 66 -77 87 42 73 43 -63 93 53 35 35 66 38 
-125 -99 90 63 125 -30 54 -49 37 -130 -50 19 66 -48 -52 120 
-51 -142 -34 53 93 -118 -95 -94 15 95 -19 15 -83 -33 32 -37 
-150 51 83 -101 61 29 -55 2 -142 -65 -36 -64 115 -67 -23 102 
68 97 1 118 44 -154 10 65 -70 7 72 -94 99 48 142 15 
-14 -97 -28 32 -58 104 45 -57 -131 -56 -89 56 -137 49 57 -114 
44 -27 42 4 2 -76 -43 44 -120 -38 -10 23 -47 3 -19 -30 
-15 -39 -7 0 -89 -138 47 0 -3 196 -90 -102 2 48 -18 9 
-63 -78 -40 -85 76 85 78 61 -186 -112 -5 -48 70 -42 -26 21 
-59 -143 -123 -24 2 -53 -55 54 31 11 88 -117 -63 21 -75 -103 
72 96 107 29 57 -7 -9 7 69 -27 -93 -89 -44 45 -59 -35 
-67 -22 35 77 -25 -100 4 85 -22 -71 -123 39 -34 -153 -133 -34 
102 -81 107 21 -50 50 4 69 36 -61 -58 -68 50 63 0 -21 
108 -117 -5 41 -29 10 85 80 -100 -88 31 -54 -109 -36 4 -35 
-84 -95 -10 138 -90 -75 -90 32 -16 -109 77 60 -23 -52 -22 -59 
-3 -23 46 76 221 36 7 -2 -13 43 -76 -137 26 131 -6 186 
47 84 -171 42 36 -50 156 83 64 -30 81 28 -17 -91 201 -119 
-13 215 -34 -76 17 -15 -118 6 -76 121 -9 0 83 -85 -9 66 
124 -144 -10 -15 14 -42 13 45 131 69 22 34 -15 77 33 52 
35 -86 -32 -25 16 -82 -99 -37 -10 24 -53 58 5 -20 -23 18 
-44 10 -110 -17 1 -96 -106 15 22 13 27 40 22 122 -40 -79 
25 39 57 28 5 25 8 75 62 33 1 -59 12 -16 -9 -67 
50 -41 -73 53 61 52 12 17 13 -70 -4 36 -49 50 35 -67 
21 32 67 1 -113 7 -61 208 -176 42 -66 -144 183 101 -113 121 
-158 43 1 5 -42 38 122 132 -19 -116 125 -6 77 173 -154 6 
70 74 -1 -25 31 213 84 88 -130 -41 -128 65 -111 -14 -31 10 
-118 -75 182 -28 -40 -125 -136 -90 0 108 69 31 -40 -81 -9 151 
-223 -7 43 -95 28 -138 81 77 57 -35 -36 -96 183 -116 1 26 
138 99 -11 33 -18 -163 45 75 -19 6 -24 28 -84 -14 -17 -7 
-20 41 -157 -18 -97 89 -40 86 1 52 -93 -112 20 -95 -205 -106 
62 -75 -23 62 90 56 101 -23 -45 -125 144 127 31 -83 132 -3 
39 -19 -88 49 22 83 -36 84 -41 32 15 60 -32 -44 79 -43 
-49 65 47 30 134 50 -43 49 -60 139 -17 -164 -111 -40 -143 134 
143 125 -72 129 -68 70 73 -80 104 13 16 21 69 199 -53 -179 
-10 89 -91 39 116 -21 -161 -4 -23 57 -85 18 139 15 -94 -154 
56 -25 25 -102 51 30 100 40 166 -49 100 53 33 -74 64 90 
90 8 19 -100 21 130 -69 136 43 44 94 25 -29 51 27 -69 
9 58 26 147 56 -39 -60 9 -4 8 -55 -42 -45 -51 -61 95 
114 -59 -159 -22 -83 -43 51 -49 128 88 67 -123 -186 -167 70 56 
17 22 -3 -18 58 -30 34 -204 -23 -70 -50 28 71 15 -193 27 
-38 -82 -140 -39 -21 -102 -25 -39 145 -35 148 61 -42 53 -110 55 
-40 54 89 -67 84 -39 -57 -16 32 58 -138 -57 -33 24 -141 15 
52 0 86 32 -48 -93 -53 100 -5 48 -59 -60 71 68 27 46 
17 59 -92 -103 -51 -12 57 72 50 48 67 129 -40 30 15 -5 
-52 -10 -1 114 18 -21 -137 -87 -32 -254 82 46 -59 188 -125 -51 
-16 148 -75 53 -61 -70 47 -46 -41 57 -67 2 -13 -65 83 88 
148 -27 -39 52 54 -162 -102 125 -3 -135 -100 -1 2 -108 -37 108 
-141 -63 11 26 -20 -40 15 50 -102 -240 -94 186 -58 -37 -40 -5 
-93 -59 65 -42 20 91 -63 -89 110 -123 -91 70 3 76 -12 37 
163 139 68 -30 -100 -151 -33 -50 -54 -50 104 150 -51 40 -151 140 
-17 -131 -52 64 -50 -35 -67 6 72 -158 -144 23 -85 -58 -48 -62 
46 105 39 29 -67 -95 -57 -30 -13 -13 85 28 -139 47 42 -136 
-7 -130 161 -51 -1 125 -9 -82 -45 -27 -97 -46 13 141 92 80 
-12 51 -117 84 -26 12 -33 -70 -72 20 103 1 -37 76 -54 -112 
68 -72 -142 102 -34 -42 53 -95 33 62 43 -58 17 -29 -47 56 
36 21 85 24 3 -33 107 -16 -75 22 -113 21 46 -29 53 -42 
-68 -65 -22 117 247 48 19 -9 132 -49 -123 27 -124 -67 13 87 
133 2 -40 100 1 5 -111 62 33 85 106 -50 -57 91 43 91 
-96 -74 -53 72 49 -57 -8 -105 140 44 30 -20 -132 -48 84 -86 
-116 17 26 61 62 64 -94 43 -67 153 -33 -16 -4 -37 -60 -27 
-21 61 38 -44 11 5 -56 -63 45 -143 1 -83 120 -92 37 -14 
-7 -58 22 -74 40 -60 23 -43 -23 1 79 -17 59 -55 -11 54 
-108 42 -31 -26 19 -122 -55 23 76 65 109 21 24 -126 18 -52 
-93 82 -56 66 51 -3 18 43 -89 -73 9 -104 80 -55 -1 49 
-29 14 7 42 -143 63 -15 23 -173 -8 -40 -75 13 60 -67 59 
-104 -22 49 -31 89 -81 -1 -61 -33 136 -47 48 -35 16 -76 -14 
105 54 -104 29 -78 39 53 11 162 74 99 21 6 96 -28 -4 
35 121 14 -65 -3 -68 -89 -17 19 -2 -118 53 100 -20 -6 12 
-192 323 -7 -146 153 236 96 -9 -145 103 171 -104 32 -20 -6 -332 
-311 92 -42 90 -187 -4 195 14 -506 34 73 -13 -118 -89 62 39 
342 198 148 222 211 52 145 36 20 -187 -13 -6 211 -62 -113 -65 
24 -103 82 -237 106 -180 131 10 -303 -48 326 -140 -57 89 131 -156 
-39 -437 369 -30 48 -254 266 79 -57 178 214 -13 93 71 187 -114 
226 27 21 253 -38 -129 52 149 346 -76 76 -128 200 69 -6 -35 
-49 -166 -38 171 -111 279 -140 59 -293 57 33 -119 259 -83 79 -66 
112 127 36 70 255 -13 80 -156 0 0 0 0 0 0 0 0 
-135 -14 136 -31 136 11 -55 -110 -189 -51 63 -64 -140 167 -123 -70 
148 -86 -242 -49 205 170 -37 -203 -104 -230 76 -87 -32 -32 83 -126 
-51 -4 118 66 31 26 23 0 109 26 -21 -59 -212 -8 50 211 
-19 -268 39 -102 -268 -150 -115 20 -49 -150 -82 -204 42 -283 178 -138 
-46 -85 -270 15 -270 -187 -8 -126 -187 110 197 -210 -174 61 -96 -173 
71 -140 -26 71 92 -156 -74 67 -196 -107 -201 -145 -35 -70 -223 -118 
91 122 180 -18 93 -141 -52 -60 -156 -162 50 -188 74 -163 50 -143 
64 -27 153 138 -245 43 -2 202 0 0 0 0 0 0 0 0 
-220 -126 -188 147 43 -181 22 -152 56 -70 238 -90 -257 -113 169 182 
-30 30 153 216 33 89 93 -193 -127 2 -176 92 -31 -68 118 -148 
75 73 -22 -256 -187 44 -58 -12 -164 245 -50 -208 -115 227 36 -107 
-82 -159 91 -246 -86 180 -111 -265 361 17 83 -11 137 -108 85 99 
-14 331 77 -216 76 -65 -145 114 -221 -98 194 169 154 43 -246 -133 
145 138 79 92 -55 6 -244 145 188 -46 113 -226 -265 78 193 -40 
5 -47 327 -84 -124 -80 -130 -93 -159 -179 -112 -140 -93 -179 -121 103 
225 -112 96 -64 -34 -104 -16 -18 0 0 0 0 0 0 0 0 
111 204 -102 -51 18 64 -133 117 -47 -46 190 124 91 -127 -14 -127 
-116 -111 -28 -143 -154 -88 -30 107 -68 61 -190 178 -52 -108 110 19 
-12 32 158 161 -57 7 -33 15 146 101 -161 -209 -105 -64 -30 27 
74 -52 -152 -193 -105 57 -88 -201 87 -83 -66 16 41 71 109 166 
114 -93 10 53 129 30 68 59 -69 -23 55 -91 -28 -20 -82 100 
-178 211 186 51 15 49 114 83 -75 -137 -86 92 -17 11 145 91 
-80 -147 1 -178 140 -43 -315 102 -145 191 8 50 91 -153 -133 138 
-62 84 189 -76 -161 -110 -207 49 245 -151 136 -154 -15 71 57 -80 
-71 134 63 69 -57 257 -55 57 -325 -146 -52 30 12 -2 5 -22 
46 78 -76 -207 54 206 154 55 -67 -211 -2 15 155 -97 94 -76 
107 60 84 218 -64 93 16 88 -17 98 -52 -117 20 32 -138 7 
187 69 -75 -99 -126 -102 -57 4 21 171 33 96 -85 -22 -82 104 
-24 -16 1 -69 100 -62 -57 125 99 -19 27 -181 36 -79 214 -118 
-142 -163 -15 90 29 -97 -31 52 137 -30 62 23 -70 75 -42 70 
39 2 -101 -60 102 -22 -102 -27 14 -4 -144 62 11 82 55 -96 
124 -132 -7 -227 94 -24 -52 157 -240 -36 -117 -37 65 -86 -172 142 
10 178 17 37 -86 45 -21 33 53 68 79 153 -74 -108 -61 -1 
7 72 101 -1 -81 -31 -75 -147 45 45 120 -129 129 19 -34 -149 
78 85 150 -27 -83 139 -51 -135 -121 29 -203 18 24 214 167 -157 
33 -122 -4 4 74 -29 159 237 -16 -32 -5 271 44 93 80 -168 
19 222 83 79 64 106 -81 -71 14 39 -137 62 -21 91 58 81 
-100 9 120 148 -127 46 -152 -155 132 -139 -29 107 -69 -2 47 81 
-92 157 -86 -65 -89 89 57 -40 -145 -62 -171 144 -57 47 -11 -34 
-17 -7 -142 -123 276 48 -133 -53 -40 -3 -75 -42 -211 -105 102 43 
126 132 -105 -67 2 -118 27 -104 71 99 -105 17 -122 -271 -64 22 
4 146 67 154 -100 190 -40 -6 78 -65 -233 31 205 66 -33 -166 
-60 -57 122 -100 36 214 -2 68 -18 -53 28 -70 -31 129 117 43 
-161 83 -57 -102 -26 66 7 48 165 97 66 124 74 -90 -80 -26 
-119 36 -56 27 -34 -155 -46 27 26 43 28 -62 -96 -76 -166 18 
-83 235 -152 22 138 -54 -66 4 78 -170 -17 62 -94 29 -68 -169 
-86 139 101 -126 -12 -177 -81 -26 85 -56 14 128 68 -88 64 -19 
-3 -52 -10 -57 110 203 38 6 -124 -86 -1 53 105 123 -43 -113 
-1 11 51 -108 5 -85 6 30 -147 -85 -138 25 146 107 -31 8 
111 115 -140 -7 115 -39 60 -35 -48 99 -2 -20 -125 61 34 -16 
36 88 -57 72 69 -90 -67 54 55 -5 -5 -139 -80 120 -54 -186 
30 -77 28 184 -28 -19 14 50 -198 71 6 55 30 91 116 74 
-85 -89 -39 -110 106 118 102 64 -77 47 -56 42 -37 -132 46 -164 
-66 -38 -120 33 92 -7 28 -40 123 14 30 -16 -119 82 25 -37 
-24 -89 -54 -73 114 12 -73 17 94 -50 93 23 19 -13 -246 26 
151 -50 -74 -1 3 -124 104 -27 57 58 144 -192 99 -42 -164 -115 
18 5 -104 -14 32 -1 -4 -50 -191 97 -68 -99 53 49 -45 -56 
11 -111 -83 84 -142 106 -2 -28 223 74 74 0 -28 110 -115 -48 
66 101 -112 -19 119 -58 60 -3 -71 -108 62 4 -75 -82 135 65 
120 0 -149 -63 -50 -120 10 -60 -127 -45 74 100 -32 -37 95 130 
-37 94 43 -42 97 121 -77 -51 140 -79 142 -83 -33 -117 31 -143 
35 -37 29 10 -54 74 60 -75 -7 -20 -89 60 48 6 55 -8 
-44 -16 108 7 51 52 -5 179 -53 36 42 -25 74 74 192 -12 
-35 13 70 -101 101 69 -89 -101 -112 5 100 -48 -100 31 -44 108 
-49 73 130 3 13 -70 27 -92 -39 -74 -49 -44 -48 41 -8 -14 
-79 -55 30 77 46 120 -1 -44 19 -48 7 120 -35 -54 -21 18 
-107 -23 -16 -71 -91 -25 -46 89 141 136 -130 11 -55 -88 38 -50 
-42 24 106 51 -77 -110 -92 101 -83 -130 111 138 -16 -55 42 -72 
-6 5 77 -149 47 78 -34 57 81 -98 -67 -33 21 -80 84 -12 
-160 3 80 -126 31 24 -39 31 -8 19 42 -81 -52 -8 83 -9 
-9 -119 4 15 124 -165 -4 -18 -56 -36 136 87 91 34 22 -26 
61 -68 33 81 31 -13 56 -115 -69 142 59 107 54 34 -10 9 
-117 -38 -54 74 75 46 119 -85 -18 -133 14 77 -3 140 67 -53 
-36 -52 -51 44 -37 19 -18 83 -89 -157 -34 94 -71 -2 -42 -3 
-77 52 -8 -22 -108 -58 -69 37 -27 -34 -78 15 -16 38 139 116 
-46 -56 -101 124 -16 -53 10 6 -68 48 -25 -54 48 8 75 -46 
86 41 137 34 -139 -98 92 -16 29 6 -120 51 12 35 69 50 
-123 -12 -72 -17 123 -58 97 -35 53 -61 168 -21 66 23 43 80 
-46 -113 17 -52 9 -64 10 -91 12 89 64 24 139 18 41 -41 
26 163 152 126 60 173 44 -60 -103 64 -75 72 -49 11 -102 -3 
-58 122 -3 -56 51 4 -130 281 -49 9 20 73 -15 -42 24 -80 
17 111 -88 -22 -165 -48 -97 -224 -105 4 317 158 -128 -139 17 133 
8 154 -4 36 30 -49 55 -78 -53 -184 -106 -19 144 147 -35 -130 
-12 16 -60 97 107 -86 -6 -171 -63 125 51 -13 -38 -17 -28 -98 
-50 160 94 -60 162 -4 -183 -78 -83 6 -283 114 20 -12 125 52 
-61 -4 40 57 -129 80 -59 181 -57 -42 -39 -31 33 -2 -2 128 
-102 28 21 9 85 -34 -82 35 -149 202 -89 52 -55 -11 121 -13 
124 -80 -6 -79 -77 -41 -37 185 -21 62 -65 -166 6 171 193 24 
-17 -51 -10 25 23 15 -148 94 -137 -46 0 -49 -115 -165 133 41 
21 -29 134 -160 -147 102 -231 -173 111 -41 93 -88 48 12 79 103 
-155 -27 -65 73 -4 -141 69 80 -275 35 -40 -61 -56 128 156 34 
11 -113 118 13 5 49 -80 -50 132 -24 47 116 92 120 74 -43 
41 -47 -114 88 54 -24 -56 -142 14 -19 8 -6 -36 68 12 147 
-15 -114 153 80 -50 13 -175 10 96 -86 55 -49 38 93 -129 -104 
-38 72 184 105 110 -86 -76 -84 87 111 4 54 -89 -8 80 111 
-185 -57 -125 -15 70 -41 46 -5 29 -88 70 -37 41 -44 -75 87 
-184 -36 -6 -13 -49 -9 -101 -19 -14 85 -90 -52 32 -113 -183 -171 
-55 89 31 25 58 25 1 15 31 18 20 -35 -57 5 19 -6 
3 94 -52 -34 -11 26 38 43 84 94 26 0 47 30 56 -8 
26 -78 -42 27 -89 53 31 20 58 59 -2 50 -37 -6 161 32 
33 11 4 91 -68 84 69 142 -32 -63 16 -33 8 93 85 -43 
28 -117 -15 -40 -93 77 138 -116 -67 48 -84 -13 -35 -2 43 22 
38 33 -80 6 23 -47 -132 -77 72 55 3 83 4 38 -10 46 
4 74 -20 63 -25 55 -15 -82 56 54 -74 -6 -102 14 -125 8 
-11 6 77 4 -21 -37 -32 7 70 75 -42 124 36 88 -5 60 
69 -184 62 71 -48 -139 26 45 75 4 96 44 42 -38 -33 53 
26 30 37 37 -94 -34 31 81 -19 12 -34 -78 -99 27 3 33 
78 65 85 53 -68 -55 -47 128 -9 103 -14 -23 5 -1 50 39 
7 16 30 -28 -57 -211 -35 176 42 73 -41 48 0 119 18 -31 
40 62 -14 57 28 1 -152 85 105 15 -60 127 42 -101 112 74 
-3 44 -24 -17 -52 -147 -79 -84 42 26 56 26 29 27 -19 -8 
78 109 47 40 -75 -73 6 -22 -10 -28 23 29 3 -77 -11 65 
2 29 73 61 7 22 -68 -5 84 -13 65 -20 -9 5 -15 31 
12 -70 -14 43 57 -101 92 167 93 24 -57 90 -8 -41 89 -5 
11 1 72 42 4 -28 73 36 -23 -129 -34 97 4 32 -96 -14 
95 84 19 -83 36 -25 39 -85 -102 -77 -32 27 -72 112 -8 -115 
-18 -83 25 69 -51 41 -125 110 44 12 -36 -17 -172 -78 75 206 
-112 86 -192 -68 -47 -133 -142 80 -76 -1 -135 139 -40 -166 -190 -22 
-10 -122 -126 -104 -96 -104 -23 147 21 -164 34 -28 17 76 -55 -95 
70 91 94 11 21 -63 59 46 -64 133 -89 -46 139 -120 78 183 
105 -18 20 49 25 31 -70 -96 -54 -129 -44 16 46 34 -37 -75 
-104 17 -96 40 6 179 -22 -41 -16 -156 -19 -153 189 -12 61 15 
15 178 35 -43 -75 -44 4 -29 -186 105 22 -43 -17 -25 55 -56 
-21 -33 -28 55 39 11 -28 95 47 -18 77 -28 133 38 141 92 
6 79 46 101 -22 -14 -183 -79 4 49 131 -175 40 -59 -19 -70 
-140 73 -126 -49 -74 150 -93 12 43 46 103 -65 184 -79 -25 91 
-82 71 52 38 89 -45 37 172 23 -85 20 35 49 64 -94 91 
76 55 -96 97 -73 77 33 23 -58 -66 125 -144 -18 149 0 -71 
-19 -45 -68 -76 -36 60 10 36 35 -63 -19 -98 11 -28 24 -69 
-70 -121 96 -166 -137 -62 -130 -99 174 -34 69 121 -145 69 73 34 
103 88 -25 -24 30 5 -148 -39 137 -93 23 32 -25 -106 -9 127 
90 -90 16 -109 -149 -69 7 7 -44 1 -82 -61 -17 -124 95 -100 
-2 58 -11 21 -98 7 -62 -4 38 11 46 -115 1 48 -75 46 
21 -9 54 -13 -33 -9 -24 -37 -46 -30 -23 -61 32 9 -48 -2 
76 -55 6 -33 29 -23 -16 -21 -8 9 57 30 -16 -83 129 -59 
44 -38 34 -18 30 -43 45 37 56 -43 45 -26 66 -72 -116 -32 
-72 32 -45 58 80 -112 18 65 -2 -19 -92 52 111 -67 36 -49 
-48 59 117 87 -17 -60 -38 93 46 28 66 -99 93 56 111 -47 
-71 -26 80 -24 8 -14 -14 -135 -68 -10 -9 37 -58 -78 12 55 
-155 -24 29 55 46 68 -33 14 59 -17 48 6 77 57 113 -12 
-59 41 -28 -46 34 33 -10 -17 -4 -29 8 -121 -18 68 22 -89 
9 57 54 -27 -39 -16 -40 15 6 85 -33 78 -62 -68 -15 2 
70 4 58 -35 26 70 -20 -9 -7 32 -54 -11 61 -24 1 13 
-77 22 74 -31 2 19 -52 58 -96 -19 1 -41 112 61 8 62 
-24 -14 126 -73 68 29 35 -12 -55 113 24 -52 -38 -55 -7 34 
-77 -63 -45 -16 77 -25 50 48 -35 -26 9 38 51 -33 -42 -52 
-19 -97 -28 -65 8 68 126 4 -36 -71 10 -34 28 -57 27 27 
50 7 -38 -74 -19 5 -70 -73 30 -52 -2 77 8 -88 -9 -19 
91 -32 -77 28 -108 -36 96 -7 65 -33 -7 -13 18 115 68 43 
-25 -7 -15 -11 -82 29 52 14 58 -36 39 -78 -23 52 21 -133 
-69 63 106 -65 53 -108 -48 -37 -9 -80 -3 -39 -58 27 90 50 
16 28 -22 70 20 53 56 6 63 -35 -55 5 -2 -11 48 -24 
-16 -27 45 -108 25 -43 -10 -5 13 26 -2 39 -3 -68 -25 -7 
-53 44 -23 75 22 94 32 -78 -4 13 -67 57 2 -11 -47 92 
-11 -33 -13 35 11 -45 41 -55 19 -21 41 0 -23 8 -34 24 
-19 70 8 26 76 -6 -86 0 -33 36 -1 -33 23 67 2 -22 
54 -24 90 53 -31 47 56 5 18 15 -23 -22 58 6 -70 58 
39 -87 -44 35 45 49 25 -49 0 24 -58 39 45 35 58 -11 
-27 -14 17 22 51 -8 29 75 49 43 -11 -4 19 33 -5 5 
63 68 -53 90 40 122 31 -7 -8 -10 -22 86 13 -6 77 42 
34 -40 -22 17 -9 68 -51 103 19 -21 94 17 26 18 72 34 
-73 34 12 -39 -40 -27 -39 42 9 84 46 -47 23 -42 43 -25 
28 31 66 25 93 85 -30 59 -39 83 -30 102 39 44 -46 -25 
15 36 -2 13 -9 -16 -35 -45 8 61 37 31 -3 -75 27 39 
3 14 -13 27 10 -3 61 -10 -16 21 8 2 -53 -25 96 -22 
10 -3 28 101 0 -93 -38 -43 58 -1 50 53 -26 -6 35 -4 
-4 63 -61 60 53 3 21 0 35 55 -25 -17 12 59 9 -83 
9 -11 8 74 -78 -36 50 15 -62 22 -1 23 10 71 21 -19 
35 -67 3 23 -52 38 106 0 -9 17 191 12 39 18 46 60 
-14 4 -14 48 82 38 9 29 -52 29 -63 28 -49 -33 1 -7 
43 15 64 30 -123 -51 67 -7 179 -39 -24 1 -59 62 54 -11 
-7 13 -74 16 15 41 -10 72 16 2 -48 53 -41 0 105 -24 
7 -4 -29 19 -34 23 -8 32 1 -52 -7 -67 21 36 26 -58 
-12 48 81 15 -56 -15 -121 -21 -46 40 -11 -17 35 24 -13 20 
126 95 78 35 -36 40 40 7 89 55 85 0 -24 27 -21 16 
3 2 -5 -53 23 -32 50 -11 -3 22 62 -29 -41 18 -21 -24 
-26 6 11 22 -33 42 170 -34 -41 -37 167 7 -13 -68 -65 8 
-37 76 -8 48 46 7 -2 -21 -71 -71 -95 -1 19 64 -36 8 
45 3 6 5 12 -78 -75 26 84 34 -81 40 0 -20 -2 20 
51 71 -5 -87 45 4 95 -47 114 59 -15 -58 70 44 -17 14 
129 93 45 -16 76 -7 -44 -14 37 -7 -47 22 -28 32 2 26 
12 19 11 102 -29 13 -66 16 -4 -98 -42 -29 -130 6 -42 18 
83 -42 -13 -13 5 -16 -56 10 1 -25 39 -5 77 -30 -17 66 
-9 7 -19 -28 8 6 -14 -34 -122 36 12 -24 -41 -19 -10 63 
-36 -36 -6 26 41 3 59 28 43 -46 39 -77 70 20 54 -3 
-126 28 2 39 41 26 -44 -59 -88 39 120 33 -75 23 -20 171 
-9 32 23 -8 5 -78 40 -19 -74 -4 90 -16 99 22 10 34 
54 -58 -49 29 75 35 -27 -37 23 47 40 -83 -58 34 -40 -7 
-34 -60 14 19 16 85 124 -33 90 20 -7 18 60 1 -28 14 
-42 -45 -79 18 -101 -18 -90 -2 31 43 -5 43 30 -6 64 -22 
-11 -8 24 36 33 52 -49 32 -40 -20 -36 6 -111 -1 -8 6 
-69 6 10 -20 -32 10 -120 31 31 -21 53 1 3 -6 -28 3 
44 -8 10 -60 -22 55 32 -25 4 -21 -12 25 -33 -75 -8 1 
-41 57 -11 -6 56 -18 -7 -80 1 65 -5 15 32 0 4 -17 
6 -80 26 27 -49 -42 7 23 -9 28 -16 7 -23 -1 -86 56 
-41 81 5 -13 23 -43 -32 -17 14 10 3 -78 -88 -17 -8 27 
-17 -21 34 -41 41 4 52 -56 7 14 32 10 47 25 -17 16 
-36 1 -20 32 13 43 12 21 -12 -34 26 -51 32 -44 3 54 
53 -1 23 -8 -61 15 -39 127 -29 144 -22 106 55 63 -2 1 
55 -85 -16 -14 -32 57 21 109 -65 2 -2 -25 -39 19 47 -6 
-15 -10 10 18 84 35 -1 6 -41 27 -7 4 13 -67 55 -22 
29 -21 -23 -22 -62 -137 64 64 13 10 -8 -11 -31 -65 5 53 
-69 -134 36 111 -24 25 2 -7 25 42 -8 23 42 47 -23 -1 
-36 16 40 88 134 57 3 8 -14 -13 3 7 -41 -21 45 -7 
1 10 12 -11 50 -15 -104 10 -39 -27 -13 -41 24 -3 -17 -30 
36 44 35 20 -43 -21 75 -49 93 47 3 -92 46 -1 1 -22 
-4 20 29 -7 -86 -21 -3 -23 7 10 -39 24 -3 -11 7 40 
-24 37 31 53 11 41 -9 -101 -15 -12 -51 14 15 8 -7 16 
0 -6 -19 -40 58 -71 -13 1 -1 -42 22 -51 3 4 -51 45 
-25 9 -16 23 17 -21 57 -14 44 21 -3 2 -49 10 -16 -40 
-114 -20 -33 5 43 -31 -23 -7 30 102 -15 66 -11 -22 33 9 
7 13 21 -24 5 -16 38 56 8 4 28 22 -51 -42 44 -57 
81 -38 -15 33 55 -23 -33 -21 -49 -17 42 -54 41 13 13 -32 
-131 -41 16 -26 4 15 -4 24 -9 -12 -7 -26 3 -18 -48 -37 
-82 -20 22 -53 -54 46 30 -21 41 -73 96 47 7 3 21 -45 
-53 -36 47 25 -37 37 -70 54 -46 -5 73 50 -33 67 13 20 
-22 77 -16 -36 -35 102 40 20 66 -11 -49 -13 6 38 10 -79 
-9 38 -32 -59 37 -33 30 -15 -42 44 -12 48 -18 17 34 87 
-30 52 26 7 25 18 -39 106 40 -23 1 7 -2 39 3 24 
19 -19 -14 -52 1 41 54 46 -6 -20 -30 26 5 65 -57 -29 
82 -12 4 -4 43 121 -121 5 -2 -9 -3 -10 18 31 -26 -57 
-10 -25 80 -39 28 7 -59 9 81 13 -30 -14 -10 -40 -17 7 
34 39 16 -5 113 -22 -61 53 -13 -5 -14 36 23 8 -14 33 
-26 -36 73 -7 28 -43 -51 -63 -47 62 26 -117 -64 -57 -73 -28 
31 -116 -2 82 -41 72 35 -7 37 -65 92 15 -70 40 7 29 
-73 -104 1 -34 18 10 -68 -84 -59 10 110 0 -45 -88 -7 42 
56 5 -36 52 1 41 -70 -19 -58 3 -31 48 -72 42 -37 43 
10 -44 81 15 40 -3 -45 23 34 -4 -25 -19 58 11 52 17 
-36 46 10 -23 -45 47 -46 17 -35 17 -29 31 -14 46 19 -39 
17 -54 72 34 -4 7 -74 -27 -4 -168 -52 17 104 27 -54 -45 
-103 40 -35 -7 37 52 31 11 -91 -19 -10 52 -30 99 -29 29 
4 -30 -34 -1 -24 21 -34 -37 -110 49 62 48 12 18 -32 13 
-28 10 42 70 -7 -51 -4 -20 -26 -22 92 -8 14 -9 -25 70 
-78 -30 -52 40 -26 46 -22 6 -31 10 32 -90 -5 -57 -35 -5 
-91 63 55 -44 -2 -10 26 27 -101 -71 -33 91 42 100 -22 -22 
-5 50 -54 -26 10 11 79 -23 6 53 -17 -53 14 -43 -26 -42 
23 -71 95 75 -44 -27 33 6 57 -52 -16 -47 25 13 51 -27 
-25 -28 -2 80 -38 -36 86 9 12 42 -49 15 -49 -5 -106 27 
-51 -7 27 -49 32 34 65 -60 -80 19 44 -18 -44 179 -78 36 
-20 -123 32 -88 12 0 -40 28 -42 -12 -34 -3 -16 -1 -64 -10 
35 -6 20 -37 55 -68 6 53 -61 -29 30 -88 2 75 3 0 
1 109 1 -62 -29 -32 5 -37 12 24 13 -22 37 47 9 12 
-54 -6 -38 -29 -69 61 17 -39 11 21 -5 0 7 -2 -112 31 
-36 9 15 73 -45 12 -19 -41 -62 4 -29 20 23 -65 -27 -25 
-56 -6 -69 -57 24 -11 -50 3 27 -46 -33 40 69 39 -56 43 
52 37 -4 114 -66 35 -50 29 -47 -16 -16 36 22 45 88 -45 
-68 -4 -92 -22 -19 -96 -14 21 27 88 19 20 22 50 108 -75 
40 4 -33 -22 -8 -13 -30 -24 26 -12 -55 -16 -32 -112 -31 -70 
-2 -47 -31 16 -24 3 -24 -58 -4 47 34 -17 39 -46 -53 16 
-20 -38 -50 -39 -15 38 49 -74 11 22 8 -50 34 -80 20 -44 
-11 49 12 46 -45 -19 16 82 71 -75 -29 19 103 -30 73 -10 
-74 -25 28 1 -40 17 70 59 -28 -49 40 -3 -32 78 10 35 
-5 -41 11 -41 4 -8 -18 3 1 5 51 -33 9 3 -26 -5 
59 -19 -6 18 -15 -52 8 -6 -57 -27 22 -11 99 -4 18 56 
-56 106 54 22 19 -34 34 8 0 28 -67 6 -5 6 22 35 
-51 -33 22 -84 4 16 -27 -36 -57 25 -34 9 -32 18 12 -6 
-28 -50 0 64 -35 69 -161 26 -29 -17 -20 35 -165 47 -80 -23 
56 25 3 37 11 26 -17 -74 46 46 -64 -10 11 -52 12 32 
-66 26 66 18 111 21 -3 -21 62 -57 13 95 92 69 -64 -17 
2 72 48 13 9 -73 26 8 30 24 -44 -12 -14 -37 -22 79 
-33 6 40 -1 -14 10 -92 34 -12 22 -43 -37 -4 11 -9 38 
38 10 74 -1 43 -27 13 6 22 -8 -29 58 -27 -13 -16 -35 
42 42 14 33 37 -9 -4 22 -67 -36 17 14 -29 25 47 77 
5 -13 30 4 68 48 -35 53 -8 34 -5 -17 6 -24 92 -7 
25 -18 -5 11 40 -41 -96 22 -11 32 -19 28 -9 55 -8 -32 
-17 -34 -20 -17 -9 -26 -18 -37 11 -52 13 7 -13 -33 44 -33 
-10 38 3 8 -12 34 -9 18 -61 -77 30 20 0 2 -25 4 
1 -4 -35 9 -16 43 -69 33 -20 -2 -5 96 35 40 11 13 
5 51 57 96 22 -38 16 -9 44 10 -74 5 -17 14 -2 1 
36 -8 -39 24 32 -18 -76 16 30 0 45 82 -24 4 13 -55 
-52 0 25 4 -8 -6 10 -61 6 -135 13 -6 49 33 -32 1 
26 21 -1 28 -44 -13 51 8 20 -28 -10 6 47 -24 -33 -2 
32 -19 25 -24 -50 -8 38 19 27 -58 2 -17 22 71 -56 2 
-27 -15 46 -26 55 108 41 -54 -58 -13 -5 40 49 20 33 5 
-7 13 -13 -79 -70 5 30 5 43 5 -36 -32 -11 6 -22 56 
53 -14 31 -56 -15 -12 19 49 -9 -5 -6 -29 -9 -2 -24 81 
-23 23 -98 19 12 -12 9 -44 -17 -4 -47 -19 -19 -7 20 0 
41 -6 16 -24 14 -34 -38 72 41 -50 71 -15 -46 -6 22 12 
41 -10 8 1 39 -13 37 66 24 5 91 -12 30 21 -31 33 
12 -34 -32 -17 -1 46 19 -12 -49 53 6 18 -3 4 -19 14 
-45 -24 -7 -6 22 50 12 -30 29 2 49 19 -23 -4 -65 11 
38 32 24 18 -21 62 -15 9 -39 23 8 -14 8 -14 33 7 
17 29 -59 5 26 -26 6 9 -12 -30 -55 -29 7 -10 -22 31 
22 -24 8 2 10 34 -52 -41 -16 -49 -11 23 2 -14 16 4 
-6 -15 -26 -39 -17 20 15 2 24 -8 -24 40 23 -3 51 37 
3 10 -22 -37 -52 52 -8 -26 4 -18 27 33 25 14 35 47 
-14 -8 0 11 -20 96 -21 36 -33 -19 -58 16 -12 85 22 20 
15 26 -13 -10 39 -40 -28 13 -25 -50 26 22 -9 3 47 -15 
-36 -17 -46 12 -13 -56 -25 -9 -27 -52 63 7 -1 -42 -13 4 
25 29 22 -59 -30 37 19 3 19 39 -7 -47 13 -2 -21 35 
-100 -6 22 -26 68 0 -38 37 -8 66 4 -25 -38 5 20 18 
-18 19 44 -5 33 15 43 -11 -43 25 22 2 3 11 43 4 
-31 25 21 35 -27 -21 31 -10 -38 40 -68 -53 -75 -10 -2 26 
66 -8 15 -23 -32 -12 68 44 -61 -39 1 -20 -8 1 -7 9 
-81 34 2 52 -69 50 19 -89 12 -23 -32 8 2 27 21 41 
46 -32 23 -12 -36 17 26 6 -30 19 28 -7 -43 33 -14 6 
27 -37 0 -58 23 -32 -9 45 -13 59 12 -25 -17 -52 67 1 
12 6 48 7 -2 -44 -36 -20 -9 -1 31 -14 33 -9 37 -27 
49 10 -14 -47 -7 -15 -96 45 -30 -16 -55 -14 -4 43 13 -59 
-29 6 25 54 -23 -51 18 11 12 6 19 -43 20 30 -14 -22 
-51 33 -20 19 13 -41 -7 -2 8 -37 4 -11 -38 40 27 41 
-13 30 8 -47 28 33 -25 3 -31 21 13 -12 -56 27 23 -22 
4 -50 -30 -18 46 18 -6 -12 2 -27 -35 41 27 -13 35 6 
32 -30 24 2 7 -15 -76 -24 50 -17 28 51 59 30 23 0 
10 37 -13 -17 -34 -11 24 -40 -13 -17 24 28 -11 -8 -7 -12 
-37 24 -52 -21 9 -40 34 -4 0 57 19 9 1 61 25 -14 
-54 -23 -66 -14 30 -28 24 -26 7 -42 4 17 54 9 13 -39 
-27 -26 -10 -8 23 -11 68 4 28 28 12 -17 34 -71 -21 -19 
-44 -44 4 24 -33 -14 -17 -1 -50 35 11 53 38 9 16 9 
2 -19 -30 3 -7 -9 -8 35 -6 6 -11 0 19 -13 32 -19 
0 -36 4 -54 40 23 6 13 29 66 -9 6 7 -7 13 13 
21 -15 -11 -61 10 5 9 -66 6 -3 -29 -26 -40 -62 -27 -35 
-20 -4 19 0 15 19 38 13 -22 -20 22 -20 -4 3 -10 21 
-4 -5 26 44 16 8 -19 -52 11 6 -7 23 -1 32 15 11 
7 30 -17 43 -1 -5 -33 -24 25 28 44 -18 9 -11 -53 -38 
28 41 9 26 -9 -12 12 -31 -63 12 3 -1 -8 -11 -21 -14 
-27 10 -18 -38 44 53 28 30 32 -5 31 45 57 -5 -17 39 
17 -16 2 9 7 -27 11 19 -53 -42 -38 -14 -26 -24 15 28 
-39 11 41 -6 -24 8 20 -26 2 31 12 13 -11 -5 26 13 
0 -10 30 36 16 -49 -34 -21 -12 -43 -2 -14 29 26 -26 15 
-26 -12 9 -21 4 -19 -11 31 -39 -23 20 -3 4 -18 -32 1 
7 17 -32 -20 59 -25 10 29 -7 23 1 -39 74 15 47 8 
-49 -9 -15 -46 27 -46 -29 32 -40 -57 -23 -56 5 -52 -18 -16 
-16 3 50 32 13 -5 3 23 10 27 18 14 38 17 23 -6 
6 3 31 -36 32 31 0 -7 8 -1 29 20 2 3 15 -41 
-3 20 -29 -36 25 19 -48 -26 9 38 -10 73 -1 -4 5 41 
-13 -9 -9 -15 -46 2 -36 -6 -13 10 34 -22 -34 -45 6 47 
-1 -33 -8 -35 -11 13 35 14 48 -15 28 -29 -30 -2 6 -7 
0 -23 58 12 81 8 62 1 23 -18 71 12 2 -21 7 -1 
96 8 -35 18 21 14 -26 -2 6 -4 6 52 16 2 2 -6 
-15 -3 -8 -14 -27 -8 -17 -29 -11 49 32 6 -26 53 -7 -11 
4 -41 -50 -25 -26 47 23 14 -65 18 -42 -10 -45 23 48 31 
66 12 17 17 18 -19 -72 2 30 15 13 -24 42 100 10 14 
-47 66 -32 11 -12 -17 -33 -20 90 -25 -24 -10 -30 -6 40 35 
-41 -22 -21 54 -20 -1 20 -14 27 -34 -7 23 19 -13 -14 -41 
62 -49 12 7 -15 -34 3 -2 18 -29 -1 23 -7 -15 67 3 
-25 21 -4 6 -20 -94 -36 8 -4 25 -32 2 14 4 1 0 
-18 -22 -19 -84 -2 8 -26 22 -30 -42 22 -4 12 -10 -50 25 
-77 -22 -29 31 37 26 10 -8 5 -5 -21 47 -11 -39 -52 10 
0 -42 -18 32 -38 -36 -3 -38 -20 1 36 -63 -9 -33 -6 -27 
-30 -14 -2 23 -1 -22 -1 1 1 13 -63 23 19 -1 -4 -27 
-16 -18 26 24 -16 -10 -51 30 7 27 10 0 44 -76 75 -49 
-19 -2 -48 -15 12 2 -2 83 0 -48 -28 -9 -49 -15 37 6 
-6 9 41 -22 -2 19 -63 -30 2 -6 -1 -8 -38 -17 -39 -4 
-36 -33 3 81 -32 -18 -8 -19 26 65 -10 15 -13 37 -74 -32 
0 24 -28 -9 68 -13 -52 -18 -4 11 0 -12 65 51 -3 -44 
0 -23 36 -2 26 -2 18 -56 47 -33 11 17 -13 14 -31 25 
28 -14 42 -29 28 -29 32 40 -16 4 -13 5 4 44 -21 -14 
-1 20 -7 -4 22 13 32 17 17 -31 -9 5 29 -13 28 -19 
-30 -13 24 -64 -42 8 -24 9 1 5 -32 3 -5 -37 22 -54 
-44 57 42 -14 -14 18 3 -5 -28 -59 -23 -9 14 33 -11 2 
26 -27 -13 22 0 10 -42 -49 28 16 -15 -7 -3 -7 -64 -12 
34 -7 74 -19 24 9 -66 -55 -55 22 -40 -12 31 52 -23 66 
8 -64 -8 -2 91 -34 10 13 -32 24 -11 -8 25 -5 26 10 
37 35 -8 -15 9 11 -15 13 -52 -2 -14 20 8 20 33 23 
-9 -7 -3 -14 27 34 0 -67 18 -21 19 -15 24 -4 -3 -12 
-13 -45 -1 -2 2 30 -17 5 -31 2 15 -7 -8 26 -7 -21 
14 -12 8 -45 10 9 -31 -13 -23 21 23 3 26 7 -17 -21 
12 24 -30 14 7 -64 18 -15 -29 -14 -8 12 89 -13 8 -27 
26 5 -45 -3 12 21 -10 -31 9 30 46 -19 -37 -30 9 21 
-21 17 -5 21 6 -56 -11 1 -73 20 -16 24 -17 -38 -43 14 
0 -37 3 1 12 -1 -13 11 -72 -25 -37 -36 10 -20 -19 -76 
-14 -41 9 15 -3 -28 8 49 -1 -8 13 8 -16 16 -2 1 
18 36 -8 -51 0 -42 -25 -16 5 21 -65 -37 15 -7 18 -47 
65 -14 45 15 33 22 13 15 -43 -23 53 -32 -30 -8 -6 -11 
-45 20 21 4 4 -15 34 -10 -21 -10 -53 -34 -53 24 -4 -15 
-17 -17 -15 -12 -10 -4 18 29 16 -13 22 1 9 51 -6 8 
5 41 -1 0 -36 5 0 -88 -51 -89 91 10 0 6 30 5 
-2 0 5 1 0 0 -4 1 0 -15 2 -10 26 55 -11 0 
44 17 9 0 -20 16 22 -15 -42 -1 35 1 75 2 -86 0 
-19 0 17 41 -2 1 0 -50 41 -25 69 12 56 70 134 3 
-89 1 -14 157 9 -104 23 -15 -7 0 16 6 -46 -49 76 -27 
-7 -72 -83 -65 -55 -14 2 -111 -68 3 -17 0 -11 -23 12 0 
-9 4 -15 -1 -1 -4 95 -27 -17 -77 21 -21 -12 7 16 1 
-14 -57 -21 30 34 -3 32 -16 10 0 -42 90 -29 -29 -22 -12 
6 -40 -8 7 -6 8 -26 -88 36 -1 -67 -3 -57 -18 -32 -19 
-12 -1 -7 121 4 18 -19 47 0 -3 12 10 29 14 -73 -79 
4 18 27 -27 -1 -47 -20 1 -6 -4 -15 -49 -65 -6 34 39 
40 -71 9 -53 18 56 10 -76 19 -18 -35 -4 25 33 0 -17 
77 -75 -37 -26 106 -12 19 -61 38 0 4 1 9 -9 21 1 
5 33 -55 -65 126 2 0 -24 2 3 -6 -15 -25 -1 -63 0 
-10 1 0 -26 -1 -21 11 -42 -64 1 32 -13 -34 -1 18 4 
2 0 -14 13 -27 -10 29 -15 24 10 64 26 -30 27 1 10 
18 19 1 0 22 0 -43 1 -2 -29 0 31 -15 -12 -14 164 
-4 7 -38 5 2 22 41 -31 -39 8 -23 -33 -2 -4 13 14 
28 0 26 36 -28 -3 -16 58 -6 9 -3 -4 -27 -10 39 5 
-25 9 -28 -29 -21 33 -51 0 -13 5 -39 57 34 -6 -51 -4 
-49 -4 -12 -19 -1 24 -44 -4 68 -55 -29 -23 10 -21 -89 -49 
8 -7 -39 -3 -5 39 -9 -58 4 -152 0 32 4 -10 0 44 
-34 -2 31 3 25 -33 0 58 2 31 6 -2 15 10 5 -66 
-5 -23 17 2 -3 -74 -30 -11 2 -105 75 -5 58 -56 9 -2 
82 -8 1 1 -7 -3 4 -19 10 5 -24 1 0 69 -5 -2 
13 -3 14 -4 -12 -12 33 51 -15 -6 -1 -1 18 -26 16 -78 
-17 3 -68 -48 2 4 -47 -64 21 -19 18 98 19 -19 -11 3 
23 -55 33 0 20 -9 -28 -18 83 18 0 0 -19 10 40 0 
4 2 0 -20 -21 16 -15 0 -44 -28 -73 -4 34 67 39 -5 
4 25 15 -17 12 3 22 40 -18 7 -46 -86 29 -2 -11 -38 
36 -40 43 30 -50 -49 29 -55 -42 0 -8 -35 28 -39 -9 48 
84 0 -56 -2 -9 -1 25 -9 -6 5 48 -44 108 2 13 -7 
22 3 2 44 -7 -9 -62 -36 0 4 -15 33 4 20 18 33 
11 -55 -29 0 -68 -22 -16 21 -21 1 -43 7 6 -58 2 103 
-1 8 9 0 -8 -5 3 -26 10 -12 81 21 -8 0 42 34 
-2 -9 3 27 -14 -12 -7 7 -34 16 4 -1 -15 -40 11 -19 
16 -52 -1 0 -116 -6 0 53 -9 14 78 -49 0 20 -32 3 
9 0 -32 -1 0 0 -14 -4 0 1 -21 -6 -10 12 1 3 
-24 5 -79 -23 21 -57 76 4 1 0 -22 35 7 2 -55 0 
-10 0 -63 -17 1 0 0 37 20 -8 30 -5 27 -21 -31 -12 
-7 0 -6 -46 -12 37 23 -44 10 0 17 5 13 -62 -36 35 
-4 21 37 45 -8 5 -4 1 15 6 -37 0 -30 15 -62 0 
0 -1 59 -4 1 -3 66 3 -64 92 6 -51 47 -17 8 0 
-66 105 23 -13 -19 -40 30 -24 -3 0 4 43 25 13 -12 49 
1 -20 -7 -6 3 2 -56 -73 28 -25 -7 -13 17 38 47 23 
46 2 -14 -44 22 13 38 57 1 -1 48 -10 51 -10 5 31 
25 17 -12 -37 -13 -30 -19 4 -13 -2 24 -9 -39 12 -5 -25 
-7 62 -15 38 -10 -29 -8 37 -89 99 -65 -8 8 -11 0 55 
-108 92 18 51 54 3 12 52 16 -2 -4 -5 -13 -2 18 0 
-11 45 34 89 1 17 0 54 3 -1 1 -39 -26 2 22 -20 
-10 0 30 -10 1 -5 -45 20 8 2 10 -23 -13 -1 22 -30 
5 -13 24 -29 -18 2 28 -18 57 -26 -12 13 2 10 0 9 
7 -40 1 26 -63 0 63 -5 -10 4 1 -70 9 49 116 -39 
-73 4 1 -101 -3 -12 18 1 31 1 -26 -15 23 0 -10 -47 
-11 1 15 14 41 2 -1 -2 -4 67 3 -1 -8 -46 4 0 
-9 35 -24 -57 9 -38 66 0 -14 -27 9 -7 -13 -9 -23 0 
3 -5 -1 41 -1 -14 104 -17 -32 10 8 2 13 -8 -38 -15 
15 -25 -22 15 -1 -34 8 -51 -42 -24 0 -20 -2 8 0 -7 
26 9 -15 -3 2 22 1 -92 11 -61 89 4 9 5 -14 -17 
5 21 3 -1 2 -48 -27 8 4 10 -82 2 -27 -39 58 18 
-43 -61 -9 1 -29 5 27 -10 18 -19 -8 0 0 -34 -6 33 
12 24 -14 5 -6 2 -32 -63 43 5 -1 -5 10 17 -14 1 
7 -2 30 43 0 2 9 -15 11 88 -7 -10 69 29 61 -16 
2 -15 -72 -3 -42 -13 -54 0 -23 33 0 0 75 -30 55 0 
6 0 0 -14 -1 9 60 0 -17 70 17 1 -5 -6 5 -1 
28 -41 -18 3 49 -7 -6 11 -30 -30 -33 -22 -8 2 13 35 
69 0 -18 -12 -20 5 -1 15 35 0 0 51 -24 -17 57 -5 
24 -1 -11 -2 -5 65 32 -5 3 3 -12 -43 47 -22 -5 11 
-30 -8 -1 -32 7 7 90 -23 0 8 15 -44 -1 7 -45 2 
2 -48 8 0 40 9 64 -16 37 0 -7 -10 -7 -8 9 99 
-20 -8 -4 0 4 -14 -2 61 70 2 12 3 43 1 -18 19 
22 -32 45 -1 33 -20 -8 17 18 2 -8 0 -7 -64 -9 42 
9 32 0 0 -51 -9 0 58 -38 -74 -35 -62 1 28 -7 21 
-13 0 -38 1 0 1 33 -7 0 4 6 -24 55 67 -11 -5 
-42 13 -62 -11 36 32 16 -76 -82 0 0 -52 103 -6 21 1 
-21 0 -42 35 1 0 0 43 87 -9 40 4 5 -3 8 -5 
-28 0 -25 -8 -3 -33 25 -29 -24 0 -19 -3 14 -40 -27 5 
13 77 66 -36 69 -19 1 -96 -35 -5 10 0 -20 -45 30 0 
4 -12 11 -4 0 0 12 -24 58 142 -14 -70 15 -38 27 0 
-34 -21 -17 -82 -37 -6 -17 -15 2 0 4 -105 59 46 8 24 
2 2 1 -8 8 2 -7 -94 -26 17 -60 -1 -33 32 -2 46 
42 1 11 43 37 -4 20 82 0 3 77 -114 -16 16 6 -2 
-43 15 21 -33 2 -66 5 5 4 -14 -11 -37 21 3 19 14 
16 100 -9 45 5 -12 1 80 -8 90 -49 -1 -5 -28 0 63 
-87 32 -6 75 17 -92 6 -53 0 -5 -13 39 15 -6 -6 0 
-11 16 78 47 -20 8 0 -51 4 6 -1 10 15 6 31 -23 
8 -2 13 50 1 -6 -13 71 61 -1 10 -59 -69 2 -9 -65 
6 17 18 -26 -37 -39 -31 11 24 -37 -97 -39 12 -10 1 -14 
4 72 -1 7 -63 0 55 -15 -2 16 0 -36 12 -119 148 15 
-53 11 -3 -43 2 -67 2 -15 9 5 -86 -35 11 0 -14 -32 
-11 1 0 -122 27 -3 6 17 -15 95 -6 -6 58 55 12 -2 
-34 -18 4 -108 30 -15 101 0 -2 -21 17 -24 -7 -10 2 4 
-23 2 3 11 1 31 -69 -7 -40 0 4 -22 8 18 -12 -92 
-22 25 -99 89 -3 13 15 0 -4 19 0 -10 4 10 0 49 
0 8 -8 4 96 -44 -5 -28 -51 47 60 -19 89 -1 -31 -76 
-6 -83 -17 -9 -2 -14 -13 3 -10 41 -30 -1 1 35 42 42 
-6 -56 -12 -2 -61 -4 -34 -9 -8 -4 7 0 0 -58 19 34 
55 4 -1 -19 10 4 -24 46 117 -4 0 -10 9 -80 -7 -44 
-11 2 28 1 1 7 41 0 32 19 8 -24 71 2 -26 -5 
23 -39 -120 -1 21 -24 2 9 3 42 0 0 46 -12 -16 0 
-15 2 0 -35 -6 11 -19 0 -32 23 -48 -4 -21 -42 12 37 
21 14 -5 -71 46 -19 -17 26 -20 -27 -43 103 33 0 -37 -48 
-49 -10 30 -95 -35 13 17 6 -61 0 1 5 -30 -49 37 -36 
44 6 -43 -3 8 -78 22 -16 2 1 -74 48 46 -50 10 6 
-39 10 -44 -4 8 -18 4 47 -1 10 -4 -14 -5 2 0 -11 
-4 -11 7 0 61 -13 129 0 34 -1 -27 79 3 92 5 25 
-26 -15 5 0 8 -6 3 21 18 9 -40 -12 59 0 14 26 
24 -47 10 -12 29 -40 -4 16 38 28 -3 1 -4 -29 5 15 
-4 10 0 0 27 2 0 2 4 -29 -43 13 0 -2 0 -3 
-1 0 -1 0 0 0 4 -1 0 0 1 -2 4 37 1 0 
-6 0 -16 8 0 21 -8 7 -43 0 -1 -16 -4 -1 23 0 
-4 0 -12 9 0 0 0 8 17 2 -2 1 -18 -10 11 3 
15 0 -9 0 2 -3 33 -9 1 0 -10 0 3 7 -3 -1 
-1 27 29 0 26 -2 -3 -21 -7 0 7 0 -3 22 1 0 
1 -1 4 1 0 1 -8 2 14 8 -1 -20 -2 2 -14 0 
1 -1 0 -12 1 -9 -15 -1 0 0 11 -21 17 -2 2 -4 
0 1 1 0 0 0 -2 6 -6 1 7 -1 13 26 24 3 
19 2 26 -7 2 -2 16 -16 0 0 -1 8 -3 -6 30 18 
-3 1 4 10 3 17 5 0 0 3 6 6 14 1 -2 -24 
4 47 -1 3 5 16 -2 11 24 1 21 1 26 12 0 -5 
-27 -7 0 0 9 -23 -1 -7 46 0 0 -1 16 1 1 0 
0 29 10 -2 -14 12 0 -4 2 0 0 -12 16 0 -3 22 
-1 0 12 10 0 23 17 15 12 0 -5 -11 -17 1 -7 -11 
-1 -18 24 -13 -19 -12 0 7 -27 25 -24 22 0 -15 0 28 
21 21 0 1 -9 0 33 0 0 17 0 14 0 -3 9 -19 
-10 -2 16 8 0 -6 -5 25 11 0 18 -2 -2 0 -12 12 
28 0 11 -9 -1 1 1 6 -2 0 0 -2 0 21 -7 0 
3 14 -6 -18 -11 9 31 0 1 20 7 -3 8 1 15 0 
-1 -1 1 23 0 26 -25 2 -2 10 1 1 -1 -5 20 -10 
-4 -2 -9 28 0 -3 1 18 -7 9 0 33 0 3 0 31 
12 2 -2 0 11 -14 -1 4 -21 -7 25 0 -15 -3 -14 3 
0 -7 -1 -1 0 9 -3 1 0 22 5 0 5 26 -3 4 
-1 14 0 0 58 0 26 2 0 0 0 0 0 -2 -1 22 
-7 -21 0 0 7 2 -7 19 4 -1 0 1 1 -9 8 -4 
1 0 11 0 0 2 8 -16 2 -13 0 -21 -11 -2 -27 6 
0 -7 -4 0 0 -2 15 1 -6 1 0 0 19 3 -9 0 
0 0 0 6 -4 -3 -10 0 43 21 2 1 -24 -11 3 -1 
28 3 -5 11 6 0 10 -3 -5 1 20 27 11 0 -1 29 
-37 7 8 -25 -7 -1 -2 11 6 0 0 -10 27 8 -4 3 
-9 0 -3 1 1 -43 15 -1 0 0 -1 21 0 -4 1 2 
2 -1 26 -14 1 2 14 13 0 5 1 45 -1 -2 -13 -5 
-2 13 34 0 5 0 13 0 0 0 -2 -9 -1 29 -1 -40 
31 -1 1 0 -1 1 -1 -19 2 0 -33 -2 -2 0 -2 5 
9 -4 28 22 31 14 0 4 24 -5 1 0 2 -15 -1 2 
-1 4 0 0 -15 -1 0 -1 25 10 -11 29 0 1 3 7 
-2 0 1 0 0 0 2 1 0 0 0 -1 6 -29 -1 0 
-12 -1 8 -13 0 -20 8 -24 44 0 3 4 13 -1 23 0 
0 0 23 -26 -1 0 0 -5 12 -4 -13 0 14 -4 -18 1 
-21 0 12 -7 1 -19 -28 6 -7 0 5 0 2 4 18 -4 
4 -4 7 3 23 -7 2 6 2 1 -6 0 9 -33 -3 0 
1 0 13 -1 0 0 22 3 -2 11 1 15 17 -2 11 0 
9 -2 -3 6 -2 8 7 3 1 0 -1 2 2 -1 -10 -6 
0 6 0 0 1 0 0 20 -3 3 -14 -1 -13 -21 -26 4 
-15 -1 4 -13 -3 0 -14 17 0 1 4 -22 -15 2 -6 -16 
-11 -1 -4 4 1 -15 -5 -1 2 -2 -14 8 11 -1 4 28 
10 -31 1 11 0 10 -11 11 -2 -5 9 1 -26 -23 0 1 
-14 12 6 5 5 21 0 15 -39 0 -1 -5 -11 -1 3 0 
1 -26 21 7 24 -18 0 -33 -2 0 0 -7 -7 0 45 -12 
1 0 -16 -7 0 -23 -10 -7 -7 0 6 0 5 -1 4 -9 
-3 20 -21 -10 6 5 -2 -2 1 -33 16 -22 0 2 0 -40 
-13 22 0 -3 -6 0 -12 -2 1 -13 0 -5 -2 -10 -4 -38 
-7 2 -18 8 1 8 -3 -31 36 0 11 2 2 0 -6 -7 
-23 0 -11 -14 -16 -2 -4 -1 0 -12 0 0 -15 -20 2 0 
4 -2 6 22 15 13 3 0 -2 -42 0 -6 6 -1 -8 0 
-2 1 -1 -35 0 -26 13 6 5 -9 -17 0 0 3 -2 7 
4 3 -23 8 0 19 0 23 6 13 0 -43 0 -4 0 -17 
-4 -3 -5 -1 -3 -17 0 -13 -8 27 -21 5 20 -4 -4 -6 
1 15 0 0 -1 11 0 -2 0 24 -8 0 -30 13 12 -1 
31 6 1 0 -20 -1 -19 -1 1 1 -3 0 0 -23 4 -26 
-17 24 2 0 1 0 6 -18 -11 1 0 -2 -1 -1 -9 -7 
-1 0 13 5 0 -3 23 20 7 8 0 -9 5 3 26 1 
-1 -5 2 1 5 -2 -15 -3 0 32 0 0 -29 0 0 0 
0 0 0 -5 1 0 -1 0 -26 13 -1 -1 6 -2 -1 -2 
-19 -16 6 37 3 1 -10 0 21 1 12 16 20 0 -25 -44 
15 -3 -5 9 -3 23 0 15 -19 0 2 12 -38 -3 -38 -40 
8 0 15 -1 1 3 -23 3 0 0 -4 12 -39 0 -4 -1 
-4 0 -32 25 -2 0 -24 -4 0 7 -1 -50 0 0 34 6 
0 16 -30 0 7 -2 -4 1 -1 0 -16 4 2 20 -1 1 
-28 1 1 0 -2 1 2 36 5 -2 -3 3 -14 0 -6 0 
-7 4 -22 -24 -31 -15 -2 -3 9 31 1 0 -1 -2 -1 4 
-18 29 -1 0 96 14 0 46 75 -35 -4 -103 0 13 -12 -26 
-5 0 -56 1 0 1 -19 3 0 -1 -24 -17 -43 39 2 -1 
37 2 -36 13 -1 54 84 0 -144 1 15 -2 46 1 -29 0 
-23 0 69 89 -1 0 0 23 59 -13 -36 4 -79 27 49 10 
42 -1 -13 38 7 -23 13 -118 11 0 -41 6 -56 -5 -69 12 
-22 -4 -4 56 -7 8 -9 -42 -3 0 45 0 26 33 -4 0 
5 10 27 -3 2 0 -95 -14 -3 85 7 -55 5 47 23 -1 
-7 53 11 -66 -32 -41 93 9 -1 0 37 -44 -1 1 14 45 
0 -9 5 -2 9 3 -4 -31 39 -2 52 3 -57 4 42 6 
40 5 -30 -2 34 3 31 75 3 -6 -9 2 124 -22 50 12 
58 16 4 6 4 -48 36 2 7 8 9 -22 31 -9 -29 -29 
-25 -33 -6 38 19 3 -6 53 -31 -50 15 -2 22 -3 0 64 
42 81 -47 -4 -65 -19 -1 20 23 -1 -3 26 15 6 2 2 
-2 10 7 -7 -76 -17 0 9 32 1 3 -14 -6 -7 -13 -32 
-7 -1 3 36 1 11 21 -43 14 -3 15 -21 4 7 3 -9 
20 1 38 21 -21 4 12 3 38 35 -8 -93 -14 -4 0 -42 
11 -49 0 13 82 0 14 14 -14 13 -1 14 -9 37 -38 58 
-54 11 -31 -6 -6 -39 -11 -26 54 -1 4 26 -23 -1 -5 47 
-21 0 -1 21 -42 -1 14 58 15 -104 -10 3 -8 48 40 1 
-64 81 -13 29 -46 60 44 0 -7 17 22 3 12 12 9 2 
16 2 15 -6 0 8 -87 0 -97 -26 14 -22 -10 53 -17 -48 
42 -27 5 57 -1 -35 3 -43 0 -54 0 -26 2 14 0 23 
-25 6 18 3 46 -114 6 61 -36 -51 37 14 -19 27 102 -29 
1 4 1 12 -3 33 -12 -2 5 -51 86 -1 -33 89 -1 -8 
30 67 -8 -2 22 -2 9 1 16 8 -4 -1 0 -81 41 28 
117 -9 10 17 10 -14 81 11 -23 2 0 12 4 -4 2 55 
-9 -3 -1 21 -3 -6 -7 6 79 -15 15 -11 -47 -29 -32 -4 
10 -27 -83 -1 106 10 69 -7 -8 -28 0 0 27 14 9 0 
2 -3 0 -24 -76 1 -11 0 -24 -14 -8 -3 -13 33 22 9 
0 14 37 -97 29 0 5 -20 -77 39 66 73 35 1 119 56 
-36 -43 8 -68 26 -115 -14 104 53 1 5 -14 -22 50 9 12 
31 -2 -36 6 4 45 -18 -19 0 -12 -4 -47 62 7 10 -15 
6 7 -27 -100 14 -6 7 -21 0 30 7 -2 -2 3 -63 -14 
3 89 35 0 -26 0 14 -1 -21 1 -66 -40 -8 1 0 53 
9 -8 -12 0 -4 -9 0 -29 37 -7 -49 10 88 -2 -43 63 
11 -6 -15 7 23 -27 5 8 -30 -2 2 0 -2 125 -14 -5 
4 15 -1 4 -1 17 3 2 -6 -4 13 -16 0 -2 0 -2 
3 -6 9 2 7 0 8 -10 5 9 -1 -10 19 -7 -4 -20 
-3 -9 -7 4 -8 -6 19 14 -1 -5 -3 -5 -7 -4 25 -3 
8 13 -9 11 13 -2 5 13 -4 -1 1 8 2 -4 -7 -5 
-23 -4 12 -5 -12 0 3 7 -6 -12 14 6 -1 6 9 3 
11 4 16 8 -8 -3 0 4 4 -3 6 -5 4 7 -5 8 
-11 4 -27 16 -12 -16 16 -23 7 9 10 4 -14 11 -11 9 
-22 8 0 -7 -21 11 -2 -20 17 11 -1 22 -19 -21 32 1 
-13 -6 -11 16 -3 22 26 -24 0 8 -11 23 -4 -9 -28 -2 
20 8 -15 6 7 0 40 -2 12 -30 -36 18 -26 -4 -3 26 
-24 8 -16 10 22 4 21 4 5 35 18 26 5 19 8 -6 
0 16 -4 29 3 -10 -19 -11 23 -9 -6 16 5 -22 -9 5 
-24 -1 -20 18 -9 -25 8 -8 -8 10 39 2 6 -2 -3 6 
-1 8 -7 -3 1 -17 -23 22 14 -16 -24 49 -9 2 9 -8 
-2 17 -12 5 -6 26 9 -22 4 17 -6 -9 -15 1 -1 24 
2 4 1 2 23 18 16 -12 12 -4 -11 1 1 12 -30 20 
9 -1 -15 7 11 18 1 -10 1 21 -15 27 10 20 3 20 
24 -18 -20 9 9 8 -3 18 -18 15 -13 18 -1 -6 9 -2 
14 -1 -2 2 14 1 19 9 -13 -7 6 9 7 8 2 0 
7 -6 1 -11 11 18 0 1 12 -12 -16 1 6 24 8 -19 
-8 -1 1 6 -13 13 -6 10 14 -8 -5 -15 -2 11 -2 0 
15 -3 3 4 11 -2 8 3 9 1 -2 -12 1 2 -12 -5 
-3 4 3 -1 6 12 -5 3 -4 -6 -12 15 -2 14 1 1 
5 -18 -2 -21 3 7 -5 -22 15 -1 -7 -1 -6 -5 0 3 
0 0 -3 4 8 2 5 7 0 -7 -1 -5 4 -4 1 6 
3 -1 -2 -3 5 -1 -3 2 -1 -4 -7 -3 4 -3 -1 3 
1 -1 -6 4 3 8 7 5 5 7 3 1 1 -1 4 -11 
0 2 1 5 -9 -5 5 6 2 -5 -1 -6 -5 -4 0 -1 
-6 0 6 2 4 11 0 -5 1 -5 2 2 -5 7 4 2 
-2 1 4 1 2 3 1 -1 3 -5 -4 11 -5 -1 -8 3 
5 -4 3 3 0 4 4 6 -1 -4 5 -4 2 -7 3 3 
1 -7 -2 -1 7 -3 -1 1 -5 -3 -3 -1 7 4 1 -4 
1 0 -2 5 2 5 5 9 9 4 -2 -1 1 0 4 -9 
0 -3 1 5 -9 -7 -4 5 0 -4 4 -6 -9 -8 2 -2 
-5 -4 2 1 7 3 -1 -3 -7 -8 0 6 -7 0 10 6 
-6 1 4 1 -3 2 3 -3 5 -10 -2 4 -4 2 -4 5 
0 7 1 7 3 -3 2 -3 -3 -3 7 1 -6 -5 3 2 
-3 -2 -2 -1 4 2 -3 1 2 -11 -4 4 8 0 3 -12 
-14 4 -1 0 7 -4 6 3 6 7 5 2 1 -2 2 2 
4 1 -3 8 4 -1 6 5 8 -11 -4 -7 -2 -9 -1 4 
-6 1 6 -3 0 9 4 -2 1 -2 -1 10 -8 9 10 3 
-5 6 1 -1 1 -3 5 -5 4 -10 -2 3 -4 1 -13 2 
-41 1 -28 -3 1 -1 8 11 2 9 22 -4 -5 -4 -1 -13 
-18 -17 -7 7 16 -6 -10 4 3 -2 0 27 -17 -6 23 13 
-2 12 -3 5 -7 8 5 4 8 2 -1 5 0 -13 16 8 
6 -11 20 2 16 -2 21 -4 4 -13 -9 4 8 9 -14 0 
4 -8 -7 14 -9 -5 4 -8 -1 -7 -10 9 -4 13 8 15 
23 -6 -9 10 3 -8 -11 8 -33 -7 -13 16 -9 2 1 2 
-2 -6 2 3 10 -4 4 0 -3 -4 -2 -8 6 -1 -2 9 
2 1 -1 4 4 -2 -1 4 -6 -2 -10 -2 2 2 7 4 
1 -1 -3 8 0 3 1 2 2 2 -1 0 -1 9 5 -11 
-2 -4 1 1 -13 -11 5 6 7 -7 -3 -2 -4 -1 3 -2 
-4 -9 9 0 7 7 2 -5 2 -5 1 1 -8 4 8 3 
-2 -9 4 -4 4 4 3 2 1 -8 -5 11 -3 -6 -5 3 
9 -9 -2 -4 17 -4 7 3 -3 -15 -6 -6 6 0 -3 15 
11 -1 -6 -4 9 9 -10 5 -4 2 -6 -4 0 3 7 10 
0 -2 2 8 -4 17 0 -6 6 -1 -3 -11 -1 11 -5 -1 
2 5 10 -6 -13 -1 6 6 7 -8 -10 -8 -8 2 -7 1 
-9 0 2 0 9 1 2 -2 -5 5 3 3 -3 15 0 1 
3 -10 7 1 10 -4 6 -8 17 1 -10 19 -6 -6 -6 4 
12 14 17 17 -9 -2 11 -4 -13 2 26 -4 -12 14 -14 4 
20 -10 4 -37 -4 -7 11 9 5 19 -9 16 8 -18 -2 -17 
15 -3 -2 17 0 -1 -5 -11 -5 1 -7 12 -9 14 23 5 
15 22 -6 18 1 -3 -9 0 -3 7 -12 3 3 -11 -12 -18 
-17 -7 27 -3 -10 -9 18 0 4 2 11 22 -21 3 -8 13 
-9 -34 -3 19 -5 -15 -17 0 3 12 -23 1 -10 21 8 -4 
-1 -2 0 6 5 -4 0 0 1 -1 0 -3 2 -4 4 -1 
-1 -4 -2 1 7 0 -5 -1 -8 -9 -7 0 8 1 2 3 
-4 3 -6 2 6 -1 2 8 8 8 0 1 -4 0 8 -5 
-1 3 -4 3 -4 -9 0 3 6 -3 0 -6 -5 -7 2 -4 
-6 -3 7 -5 3 8 -1 -4 1 -2 4 0 -5 2 9 3 
-2 0 0 0 1 1 4 1 1 -8 -2 3 -2 -3 -8 1 
0 -1 1 -1 3 -2 1 1 0 -1 -1 -5 1 -2 1 1 
1 -3 -5 1 4 1 -2 6 -5 -5 -1 -2 6 -4 -1 -1 
-6 2 -1 0 3 0 7 5 2 6 -2 0 1 1 5 -2 
-3 0 3 7 -4 -6 4 4 5 -7 0 -3 -2 -4 1 -2 
-2 -2 6 -4 0 4 -1 -3 -1 -5 -3 3 -4 1 2 1 
-4 4 3 -2 0 0 1 -4 -4 -3 2 5 -5 -4 -3 7 
-1 0 2 1 2 -2 4 2 0 -1 4 -3 -1 -4 1 1 
2 -3 -6 0 3 1 -2 2 -5 -3 -3 1 2 -1 2 0 
-1 3 -4 0 4 -2 3 7 2 5 -1 4 -2 -1 5 -5 
-1 3 2 3 -2 -6 1 4 5 -7 2 -5 -2 -4 5 -2 
-1 -3 2 -4 4 6 0 -2 -3 -4 0 3 -4 3 4 0 
-4 -2 2 1 0 -1 2 2 1 -5 2 1 -3 -4 -5 5 
-4 -1 4 4 6 -2 2 3 -3 -2 1 -2 2 0 3 -2 
-1 -3 -2 2 6 2 -3 5 -4 -5 -4 2 4 0 3 -2 
-5 4 -4 2 3 2 7 7 3 5 -2 2 -1 2 6 -2 
-3 -1 0 2 -4 -7 0 5 4 -5 6 -4 -4 -6 4 -2 
-1 -4 8 -4 0 6 -2 -2 -2 -3 3 2 -8 1 6 1 
-4 -1 1 3 -1 2 4 -4 0 -6 0 5 -2 0 -4 8 
2 -1 0 2 5 -2 1 5 -4 -4 1 -4 1 -5 5 4 
-2 -2 -7 -1 8 -1 0 4 -4 -7 -3 1 6 0 -3 2 
-6 2 -7 1 -1 4 2 9 7 1 2 4 2 3 7 -8 
2 1 4 5 -4 -7 -3 3 5 -8 7 -3 -6 -3 3 -3 
-3 0 5 0 3 5 2 -4 1 -8 2 4 -6 3 9 1 
-1 -5 2 4 -2 3 5 4 -6 -5 -3 5 -4 -6 -8 5 
-3 4 3 3 1 0 5 1 1 -2 0 -3 -1 -3 4 2 
0 -2 -6 -1 3 0 -4 1 -2 -5 -4 1 4 -2 -2 0 
-1 5 -5 2 1 3 6 7 7 7 1 -1 -4 -2 3 -3 
-3 -3 -1 1 -5 -6 -1 2 3 -3 1 -7 0 -5 4 0 
-3 -4 6 -5 4 4 3 -1 0 -7 0 4 -8 4 3 4 
-2 -1 2 3 2 2 3 2 0 -6 1 4 -1 0 -4 4 
-2 -3 3 4 4 -1 3 0 -1 -6 6 -4 5 -8 6 3 
5 -3 -1 -1 5 -2 -1 0 -3 -6 -7 -3 3 0 5 1 
0 -1 -6 4 0 5 1 5 4 4 1 2 2 1 9 -10 
-1 5 4 0 -4 -9 6 4 1 -5 1 -9 -5 -6 6 -5 
-3 -4 4 -4 1 9 2 -6 -2 -3 6 -4 -6 -1 4 -1 
0 -2 4 -3 2 -2 3 -3 4 -3 -1 3 -3 1 0 10 
8 0 3 -1 -1 14 6 3 -5 0 3 1 8 -3 8 3 
18 -1 4 5 4 0 -2 -1 -2 0 2 -12 17 6 -5 -1 
-5 -1 -5 4 -4 -4 11 8 5 4 -1 -1 -4 0 6 -10 
-3 -2 2 11 -1 -5 -6 7 1 4 -1 -6 0 -5 14 -10 
-15 5 1 -10 1 3 -6 3 -3 -9 8 8 -4 5 3 4 
-8 6 14 -1 -2 3 11 0 9 -8 6 -4 2 -2 -5 9 
4 15 12 0 10 -5 -2 -8 -12 -20 11 -9 -8 -5 -10 3 
14 3 0 -2 -1 6 -9 8 4 4 -19 4 -1 -20 14 -6 
6 7 8 10 1 -3 20 10 -14 3 5 0 2 -1 17 3 
1 25 3 21 -6 6 7 5 10 -11 -9 11 1 -6 -17 3 
-8 -20 3 10 0 6 -7 3 -7 3 9 16 6 2 2 5 
12 1 -9 24 0 10 1 10 -3 1 -3 5 -13 14 -6 -8 
13 -18 -12 -6 -9 40 0 -10 15 -11 -12 1 -1 20 -13 21 
22 2 0 -18 24 9 -6 -15 14 27 -10 -9 15 20 -19 -24 
18 -14 8 2 -11 0 3 6 6 -19 13 0 -22 26 15 -17 
17 -18 4 -22 -1 -9 20 -1 -8 2 2 -22 1 -7 13 -28 
-8 18 33 -11 -21 0 -17 21 27 -5 -14 -11 -15 -1 -5 11 
-28 -25 5 -33 -12 5 4 -25 40 -19 -11 0 -10 -8 2 11 
-4 8 1 4 -1 -5 1 5 -3 -6 7 -7 -1 -5 5 -1 
-2 -5 -1 -4 6 0 -6 -1 -3 -9 -4 6 10 1 0 -3 
-2 8 -9 3 -4 -4 8 7 7 9 1 -4 -3 -5 7 -4 
8 2 0 16 8 -7 -3 -2 1 -7 1 -1 -1 -7 5 -4 
-8 -4 5 4 -1 2 4 -5 -7 -9 -6 1 -6 -1 5 4 
-1 -4 -2 0 1 5 2 6 -14 -6 -1 -2 6 -5 -7 14 
19 -9 -6 -13 17 -4 -8 12 0 19 0 -6 22 -13 4 4 
4 -15 17 3 8 11 -4 6 3 -8 23 -6 9 43 14 4 
5 16 -17 5 -43 21 -4 16 12 -15 -27 -11 4 0 10 -30 
7 -6 0 2 4 -9 1 -16 -12 24 3 -14 11 4 20 16 
-10 1 -18 6 -13 -4 -12 24 -12 -1 -5 3 5 -7 15 -3 
17 -7 11 -19 -24 16 2 -14 4 -12 -7 -6 15 -9 4 12 
11 -36 8 19 -6 11 12 -23 25 -17 -4 -11 22 9 -18 21 
1 22 3 6 2 -21 3 -15 -1 14 -18 11 -3 -6 -13 4 
14 -10 -18 25 -11 14 -13 -8 2 33 -12 -32 -22 69 -8 -18 
-1 3 -7 -10 -14 1 -3 8 -20 -3 2 5 -17 18 21 -19 
-24 -1 3 -18 7 0 -8 -13 8 -2 -12 -22 0 -13 15 0 
-9 -25 22 -13 11 -10 -24 6 34 0 -36 -15 14 11 11 20 
-3 -2 2 -1 4 -3 1 -1 0 -5 2 -3 3 -7 4 0 
1 -5 -4 -1 7 3 -2 1 -5 -5 -6 -2 1 0 3 0 
-1 5 -5 4 5 2 7 8 5 6 -2 2 -1 -2 7 -7 
-3 -3 1 6 -7 -3 1 3 3 -3 2 -3 -6 -2 0 -2 
-5 -5 7 -1 3 8 3 -3 -4 -2 2 0 -5 6 8 5 
-2 1 3 -2 3 0 5 0 3 -2 -5 4 0 -4 -6 6 
-3 0 -7 -4 3 3 0 3 3 -8 -3 -6 7 -10 0 6 
5 -2 -2 5 5 -2 -3 3 -5 5 3 -3 9 4 0 6 
8 -4 -11 10 2 13 4 10 1 0 -8 -9 2 4 9 -17 
-6 -4 4 0 -12 -10 0 -2 2 -3 2 -2 -7 -7 4 -11 
-6 3 11 -2 -2 8 2 6 -3 -5 7 -7 -10 -1 11 0 
-8 -4 14 -5 -1 1 0 -3 7 -10 -2 4 1 -2 -4 10 
-4 3 4 1 -1 -5 7 0 -6 2 8 -8 0 -5 4 0 
-3 1 -1 -1 3 -1 -6 5 -2 -7 -10 3 7 -3 4 -4 
-3 1 -7 8 -6 0 10 6 2 6 -3 1 0 -3 10 -1 
0 8 0 13 -1 -4 5 1 2 -6 -2 1 1 -4 -3 0 
-4 -4 1 3 4 9 2 0 -5 -8 -4 3 -7 2 4 2 
5 0 3 7 2 5 2 3 -6 -7 0 4 -3 -3 -4 9 
-5 3 4 1 0 6 2 0 -4 0 3 -4 2 0 6 1 
6 -2 -2 1 8 -6 -4 -2 -1 -2 -3 -6 3 0 2 -5 
-3 -2 -3 8 1 -2 7 9 7 6 1 -2 -5 5 5 -8 
-2 1 3 2 -5 -7 3 5 3 -2 1 -4 -6 -5 8 -2 
-5 -7 10 -1 1 5 1 -1 -7 -4 3 2 -9 0 10 5 
-6 2 10 0 1 0 0 -3 4 -5 3 1 -2 3 -10 10 
2 -22 15 5 -1 -7 -24 -9 15 9 -2 -15 49 6 3 11 
-6 -3 8 0 -9 -24 -6 7 -17 -11 14 5 16 30 6 14 
-5 26 -33 11 -32 -7 2 -4 7 9 -21 -20 6 -1 -12 -17 
-25 5 -7 10 -7 -11 -8 -25 -5 14 4 -6 1 -7 19 5 
15 0 -17 -2 22 14 -2 -4 -9 6 -11 4 16 -8 20 10 
-18 9 -4 4 11 21 5 -1 -1 9 2 -15 17 8 5 35 
-5 -1 0 4 7 -4 5 0 -4 -7 4 -6 -3 -8 1 6 
-6 -2 -9 4 8 -1 -10 8 -1 1 -8 1 -1 -8 4 5 
-5 7 -7 8 1 4 11 5 3 3 1 2 0 -3 4 -6 
-4 1 -1 3 -2 -10 9 4 6 -8 -2 -4 -2 -9 -1 6 
2 -4 4 -1 8 6 -1 -1 -4 -5 0 5 -6 9 7 3 
-2 2 6 9 5 -2 0 8 -1 -6 4 11 -10 0 -5 1 
19 -28 3 9 3 23 1 -2 1 0 -16 -28 31 7 -3 23 
9 -12 -1 0 -12 -3 22 -3 -10 0 9 -14 19 2 4 -13 
16 -15 -24 20 -17 -5 -5 7 2 -11 -20 -25 -2 40 -7 -17 
1 19 8 3 -7 -5 -9 -1 -9 21 2 8 -13 -11 19 2 
-6 16 -10 -4 8 14 14 -7 5 1 6 9 2 -15 3 12 
-26 -17 16 -8 1 -8 -7 5 37 -6 -16 -5 22 0 2 19 
-4 -6 -4 3 3 -4 9 -2 -1 -9 6 2 -2 -1 6 0 
-3 0 -14 3 7 2 -14 -3 -6 -13 -1 8 -2 2 8 3 
-3 8 -8 3 10 0 5 -6 8 10 4 -2 6 -4 -5 1 
-2 -3 3 -1 -8 -11 -3 -4 11 -8 -1 -11 -4 -10 7 -4 
3 -9 5 -7 12 5 6 -4 0 0 6 0 -11 5 9 8 
4 -1 5 -4 2 -6 9 -2 -3 -1 1 6 -4 -7 -16 1 
-7 -3 4 0 -3 1 -4 6 7 -5 6 -7 2 -8 3 3 
-4 -6 -4 5 0 -7 -9 4 -12 -2 -4 0 10 1 2 11 
-6 11 -9 4 3 -10 1 7 -1 7 0 -5 -2 -1 10 -12 
-6 7 -6 12 -5 -10 -4 -4 6 -3 0 -11 4 -6 17 -7 
-4 -1 11 2 1 10 6 -4 -11 -10 -2 -3 -4 -7 17 2 
-3 1 0 -4 0 2 -1 1 -12 -10 -10 3 6 1 -4 12 
-2 3 1 3 5 -2 4 5 -4 -5 -1 -4 3 -1 2 1 
-1 -1 -3 -1 5 3 -2 3 -4 -4 -4 3 3 1 -1 3 
-5 3 -2 2 -1 0 6 6 1 5 0 3 -1 3 5 -5 
-4 -1 1 6 -4 -7 4 3 5 -3 5 -4 -2 -6 0 -2 
-1 -2 5 -4 3 6 1 0 -3 -4 1 2 -6 2 4 -1 
-6 -2 0 -1 1 1 2 1 -2 -3 2 1 0 0 -6 8 
-5 1 2 0 2 -2 4 2 -3 -3 1 -3 0 -4 2 3 
-1 -3 -3 -1 3 2 -5 0 -6 -5 -3 -1 6 1 -1 -2 
-2 5 -5 2 5 2 6 4 2 5 -1 2 -2 0 3 -5 
1 4 0 2 -3 -6 -1 3 4 -4 3 -5 -4 -3 3 -3 
-1 -3 4 -4 2 5 1 -4 -1 -6 -1 4 -5 0 4 2 
-3 0 2 3 2 1 4 0 0 -5 2 2 -4 -5 -6 5 
-2 -4 1 11 -1 -4 5 -1 -6 -8 0 0 -8 -13 7 -1 
-10 3 -16 3 10 1 -11 -2 -2 -24 -11 6 -5 0 9 4 
-16 1 -1 -1 6 -5 -2 1 4 17 7 4 10 5 1 4 
4 0 -1 0 4 1 -2 6 15 -13 5 -14 1 -12 -2 -2 
5 -1 9 -6 16 8 1 -17 -1 7 -12 3 -8 8 12 5 
-4 1 3 -4 -2 -7 0 -2 -9 -5 -6 3 2 -12 -16 -2 

