318 340 -598 -304 -89 -108 395 329 -264 564 -480 551 -290 -14 -245 393 
-4 124 -33 47 -67 111 -78 0 34 -7 -2 76 -111 -40 -136 -28 
64 117 -73 71 1 -99 -40 86 -12 51 24 15 17 77 101 -48 
-39 76 76 61 150 -73 58 -42 -8 57 -52 49 86 -37 74 33 
139 -79 -30 -76 12 104 -55 -111 -1 -15 87 -6 -82 150 117 67 
-64 65 -92 117 -68 33 33 -92 0 0 0 0 0 0 0 0 
0 0 0 0 0 0 0 0 0 0 0 0 0 0 0 0 
0 0 0 0 0 0 0 0 0 0 0 0 0 0 0 0 
0 0 0 0 0 0 0 0 0 0 0 0 0 0 0 0 
0 0 0 0 0 0 0 0 0 0 0 0 0 0 0 0 
0 0 0 0 0 0 0 0 0 0 0 0 0 0 0 0 
-43 86 60 -31 -23 77 -139 -95 -13 -68 125 -136 94 109 84 48 
155 -7 -173 -18 -84 -5 -10 -6 -23 69 -31 121 -36 -13 38 -35 
-121 -184 -7 -50 60 251 150 207 -99 -120 16 -79 -62 225 210 160 
47 -94 -101 45 87 -126 -9 155 -38 105 136 28 101 -42 -196 -51 
68 -34 45 -176 -29 133 -26 -56 75 49 19 112 107 42 -33 -95 
199 12 2 -139 169 170 -76 14 0 0 0 0 0 0 0 0 
0 0 0 0 0 0 0 0 0 0 0 0 0 0 0 0 
0 0 0 0 0 0 0 0 0 0 0 0 0 0 0 0 
0 0 0 0 0 0 0 0 0 0 0 0 0 0 0 0 
0 0 0 0 0 0 0 0 0 0 0 0 0 0 0 0 
0 0 0 0 0 0 0 0 0 0 0 0 0 0 0 0 
0 0 0 0 0 0 0 0 0 0 0 0 0 0 0 0 
-59 -66 -183 -105 -92 -62 -28 63 -127 101 -291 119 -227 91 78 51 
-10 39 -156 23 -158 150 85 160 34 -162 25 -55 2 -220 -76 -35 
-22 166 -3 119 73 86 83 -22 -104 -44 -146 -3 -205 -17 0 30 
132 180 155 183 74 -19 86 42 199 85 139 -193 -41 -86 9 -13 
62 146 -116 -131 270 1 -43 -9 -49 115 -114 33 94 -45 -204 -211 
112 103 115 -228 97 -158 6 102 -71 -43 47 -11 17 -119 -179 -87 
-97 69 60 60 -126 -101 -318 -191 -79 93 73 -40 49 -149 215 -68 
145 248 -35 114 150 46 -111 46 175 61 -192 70 -179 166 31 -101 
-10 267 56 21 -190 21 187 103 -43 46 -68 -89 -177 -211 -184 187 
-97 -71 -53 -88 -25 -109 76 -60 170 -206 129 -4 132 -185 22 -37 
154 -253 92 -40 89 36 -158 -14 -19 -92 -69 -27 -199 -112 -159 12 
2 -15 42 162 154 -70 175 -48 25 193 -11 -9 -231 111 -72 -144 
0 0 0 0 0 0 0 0 0 0 0 0 0 0 0 0 
0 0 0 0 0 0 0 0 0 0 0 0 0 0 0 0 
0 0 0 0 0 0 0 0 0 0 0 0 0 0 0 0 
0 0 0 0 0 0 0 0 0 0 0 0 0 0 0 0 
0 0 0 0 0 0 0 0 0 0 0 0 0 0 0 0 
0 0 0 0 0 0 0 0 0 0 0 0 0 0 0 0 
23 128 1 -70 -37 130 -109 -47 100 29 -34 -83 -120 83 40 141 
-47 -73 -28 46 15 -50 1 50 44 -138 20 128 114 50 -45 -119 
-70 -92 -70 114 -39 73 -199 31 -4 13 -89 74 34 -13 86 5 
66 -53 -5 -61 -8 71 -85 -42 -59 -121 -29 126 -59 10 27 60 
-54 95 -10 92 -61 17 -15 -75 104 -50 -51 -54 -111 6 -40 -14 
-133 -81 131 66 -38 58 17 -114 -18 -46 -38 101 19 151 66 -92 
71 -41 15 71 -158 39 -58 -33 50 108 -164 64 43 142 -50 -17 
-142 -110 -74 73 -76 39 -54 -68 129 12 25 -20 -24 100 -78 -80 
115 -1 74 44 -2 55 -98 95 -13 187 73 2 -99 59 -124 71 
170 8 -158 154 63 24 27 -13 -102 -63 72 -21 -26 -15 40 33 
57 -46 2 18 -112 -26 9 -137 -13 -16 50 -16 -11 73 -7 -65 
43 23 129 38 -26 -37 -43 -143 31 7 -53 150 23 -124 -69 -32 
70 -33 -10 -3 -109 -66 55 -56 -98 67 86 -58 16 -19 55 94 
-84 -14 64 -7 16 -102 -131 -74 -108 -9 54 -108 92 -10 -52 -51 
-60 -1 50 10 -14 -11 22 91 27 -68 -8 128 -11 -26 -108 21 
53 69 80 7 -16 23 -150 113 61 -65 81 -73 -115 -59 -45 -112 
28 -20 91 147 31 0 35 64 128 -119 65 13 100 44 -171 0 
131 -58 8 -12 86 -24 -47 -39 -149 116 -40 -1 10 -142 -164 40 
-56 64 -132 -80 -78 39 -65 39 -103 -25 90 -58 -134 56 -38 -14 
99 -10 68 -14 32 11 243 79 8 -54 40 -51 -29 -23 -164 -80 
-45 -96 32 -67 106 -106 59 -49 39 27 -133 -66 0 -62 141 -52 
133 13 53 -34 -108 -44 39 39 65 119 34 -139 -20 -19 -92 56 
-49 33 129 -48 -64 50 129 -158 -163 -53 21 55 -106 -19 24 -181 
24 30 -1 -13 40 48 -4 60 -34 -177 -156 156 -46 37 31 48 
-78 9 129 61 -32 -5 -42 3 41 -3 -5 119 19 2 108 42 
-18 -124 143 34 -144 -88 -53 54 61 -109 -34 0 37 -46 -5 44 
-17 -116 -20 -35 -103 -42 -74 -90 71 -46 198 -72 66 130 -8 51 
-59 -33 -65 188 110 83 68 90 -97 -1 -220 -47 -27 -48 -38 185 
102 35 -117 -108 -70 -133 71 -21 12 -130 42 15 -162 118 0 -52 
45 -173 -40 9 -130 119 150 -89 -9 198 7 47 53 -18 69 -109 
0 0 0 0 0 0 0 0 0 0 0 0 0 0 0 0 
0 0 0 0 0 0 0 0 0 0 0 0 0 0 0 0 
0 0 0 0 0 0 0 0 0 0 0 0 0 0 0 0 
0 0 0 0 0 0 0 0 0 0 0 0 0 0 0 0 
0 0 0 0 0 0 0 0 0 0 0 0 0 0 0 0 
0 0 0 0 0 0 0 0 0 0 0 0 0 0 0 0 
0 0 0 0 0 0 0 0 0 0 0 0 0 0 0 0 
0 0 0 0 0 0 0 0 0 0 0 0 0 0 0 0 
0 0 0 0 0 0 0 0 0 0 0 0 0 0 0 0 
0 0 0 0 0 0 0 0 0 0 0 0 0 0 0 0 
0 0 0 0 0 0 0 0 0 0 0 0 0 0 0 0 
0 0 0 0 0 0 0 0 0 0 0 0 0 0 0 0 
0 0 0 0 0 0 0 0 0 0 0 0 0 0 0 0 
0 0 0 0 0 0 0 0 0 0 0 0 0 0 0 0 
0 0 0 0 0 0 0 0 0 0 0 0 0 0 0 0 
12 -22 -96 -95 -104 -45 11 -107 -17 -215 -16 17 -55 182 -45 86 
138 -115 34 89 13 64 42 100 -69 23 2 39 177 -15 -18 50 
-156 -93 -50 35 -90 17 53 -90 -45 -71 -37 -71 265 -131 -103 100 
-107 -62 -58 39 -3 -44 14 -61 141 68 -125 20 -66 -21 -72 3 
129 150 126 80 -121 -51 -19 -73 54 -31 45 -55 75 11 -17 65 
-25 -14 60 -66 -47 85 -22 -54 38 12 -58 90 -9 -3 59 -132 
-97 -140 -140 -89 -49 -92 10 -11 91 -34 -82 74 4 -137 86 9 
52 -55 7 -14 -107 39 0 -117 -54 -59 9 -51 -92 84 6 -9 
33 -117 -125 -24 80 95 8 36 13 -42 48 46 106 -109 -16 28 
-68 -85 16 -10 -61 31 -67 -92 -55 103 -16 -57 203 -46 -112 45 
-133 94 -11 -2 53 19 -42 97 -69 120 5 92 -26 -69 83 -104 
-7 19 23 3 -119 137 7 144 71 -126 -121 -105 -63 -16 -56 8 
-59 -144 -128 158 146 152 -34 -123 62 -3 -18 -129 -43 -23 62 -39 
135 -5 -43 82 -90 64 52 62 -16 -113 -93 30 -55 96 -72 26 
-11 -24 0 14 52 65 126 219 -26 52 69 -65 55 144 32 -61 
-17 -18 -13 103 16 -48 98 -121 -39 54 33 27 37 -38 -11 67 
37 -86 44 -31 -133 70 -133 -33 70 -2 -59 55 43 26 0 -182 
48 -76 14 37 -21 -74 -30 70 -84 -39 43 -41 -16 12 12 -50 
-6 4 -164 30 78 18 3 -112 31 65 -167 121 44 52 8 83 
140 224 -129 134 11 -8 74 124 58 65 29 -45 -74 -14 163 -74 
54 -20 -117 -8 -42 148 16 36 39 -36 73 -72 68 -3 111 -42 
18 15 -76 56 -74 45 -87 30 -101 -103 29 97 -158 38 14 42 
101 -76 106 -30 122 30 59 -50 69 -215 -48 45 47 2 -48 11 
-17 -80 113 133 -74 24 8 23 -14 42 4 -79 -27 -43 67 37 
-10 -50 -119 -74 5 -104 -40 90 65 58 3 62 -5 81 31 -96 
-84 47 81 38 209 -28 -91 12 143 -30 -80 178 -53 -3 -14 100 
129 -69 -136 -45 -39 -42 70 11 20 -145 -41 -81 -123 -40 -119 -41 
46 -124 109 -56 -25 36 13 89 -29 155 -57 106 13 -61 -54 31 
-63 -33 8 -18 -14 24 92 -83 32 -64 54 22 26 54 -49 9 
-1 13 -30 -4 77 -124 38 56 50 182 108 131 103 90 -55 32 
0 0 0 0 0 0 0 0 0 0 0 0 0 0 0 0 
0 0 0 0 0 0 0 0 0 0 0 0 0 0 0 0 
0 0 0 0 0 0 0 0 0 0 0 0 0 0 0 0 
0 0 0 0 0 0 0 0 0 0 0 0 0 0 0 0 
0 0 0 0 0 0 0 0 0 0 0 0 0 0 0 0 
0 0 0 0 0 0 0 0 0 0 0 0 0 0 0 0 
0 0 0 0 0 0 0 0 0 0 0 0 0 0 0 0 
0 0 0 0 0 0 0 0 0 0 0 0 0 0 0 0 
0 0 0 0 0 0 0 0 0 0 0 0 0 0 0 0 
0 0 0 0 0 0 0 0 0 0 0 0 0 0 0 0 
0 0 0 0 0 0 0 0 0 0 0 0 0 0 0 0 
0 0 0 0 0 0 0 0 0 0 0 0 0 0 0 0 
0 0 0 0 0 0 0 0 0 0 0 0 0 0 0 0 
0 0 0 0 0 0 0 0 0 0 0 0 0 0 0 0 
0 0 0 0 0 0 0 0 0 0 0 0 0 0 0 0 
-57 107 11 82 -8 155 158 -106 -110 -88 -31 -177 80 -192 -153 -29 
246 3 -35 -45 157 -31 33 -182 18 10 -111 261 377 -89 -129 194 
-135 19 113 -65 5 84 315 -354 110 146 -28 168 112 -15 -12 -202 
-60 137 176 37 26 72 -15 -76 -52 -159 73 132 206 -156 -52 -24 
129 -365 48 53 28 -99 88 -38 262 -35 -38 167 31 142 -45 112 
-4 120 -198 23 -118 -49 73 241 -200 127 -154 284 39 234 -88 74 
54 -150 117 238 -9 -108 -26 -43 -107 113 -275 -209 -126 -197 -178 -119 
-106 164 -129 18 -60 105 -72 -246 0 0 0 0 0 0 0 0 
-81 -142 85 -82 184 -110 28 72 88 -256 -218 -21 -21 -119 162 284 
172 25 29 67 219 213 -127 -75 145 -14 -30 95 -77 -36 104 105 
-54 -29 -62 113 -50 45 -132 40 -57 67 7 -100 5 -272 -108 -101 
46 107 -186 -137 -48 -99 36 -5 298 -126 -284 -127 87 190 -184 28 
107 211 11 29 14 -42 -40 -115 -9 -52 90 145 130 -99 -44 -111 
-227 74 195 245 -189 102 -102 -54 -55 209 19 64 -89 48 328 -376 
-341 90 161 99 -110 38 -51 195 -77 59 270 19 -36 133 -7 -189 
-216 36 33 -28 -113 -137 -107 -105 0 0 0 0 0 0 0 0 
1 51 46 168 -66 -97 103 -68 -239 116 102 169 -43 -25 -50 46 
-70 200 -253 98 -95 63 134 -341 127 -149 -38 -111 -26 -238 -57 -182 
-148 93 138 -197 -98 -238 203 172 -52 137 -171 -202 -93 74 57 -88 
-108 23 109 -150 -46 -93 21 156 67 -183 -41 -74 -24 -236 -180 -49 
29 20 -171 -237 -238 -151 -204 -53 -91 155 143 173 25 9 129 44 
106 -27 65 78 186 -51 37 -163 -146 6 225 -68 46 31 -96 -48 
160 -229 -15 6 222 -5 52 199 159 -230 116 90 10 -25 -70 -25 
-96 -258 56 -39 56 -48 -274 108 0 0 0 0 0 0 0 0 
100 10 26 9 -8 73 53 83 130 -44 1 -30 -109 -40 0 124 
-119 -19 -132 151 -130 24 95 29 -84 50 -39 51 -142 -102 -24 99 
11 -74 -21 56 -131 170 132 -83 171 26 82 -7 -94 79 -26 99 
13 80 -75 -114 107 13 50 -97 -55 -52 -141 -97 -119 -19 39 -2 
-14 65 45 93 -135 152 -31 -79 -44 6 22 63 158 74 -47 36 
-116 35 -48 46 23 -97 50 70 135 -72 -110 95 -11 -117 16 100 
103 -91 -126 100 137 61 -54 -55 -33 88 -59 62 -20 19 46 54 
205 15 26 -99 -106 108 -92 -27 46 -30 -18 -103 116 -29 -73 -23 
-157 78 27 -104 -126 48 34 45 80 -13 122 -19 3 111 -35 74 
-87 -203 61 138 -99 -21 -63 -139 -70 -26 -113 -17 -123 157 -105 -90 
-116 -31 -34 -104 -66 -16 -60 119 -10 -127 -212 78 -182 194 -98 -166 
4 74 -79 -50 -17 70 184 -123 -37 -211 68 3 32 71 -46 103 
120 -46 38 137 -11 -68 -124 -29 -44 -110 -88 -108 -121 81 26 48 
-33 -126 -139 -28 -45 -10 -56 -42 162 -85 -16 83 42 83 -151 -211 
-120 -113 89 38 -177 -145 -72 -174 78 -70 -22 46 -81 -54 -4 64 
99 182 65 141 97 -41 -71 -121 58 -72 135 -67 -35 -24 -1 -61 
-154 3 68 130 -10 126 -45 46 -113 101 -214 -83 -99 -118 -88 -185 
-100 22 -106 2 67 109 -182 48 -159 12 146 18 -34 -139 19 5 
-6 5 23 -42 0 -60 82 70 -109 27 91 -43 6 -88 30 -40 
33 -27 -123 67 -26 -84 -29 13 14 -46 -77 36 46 147 26 -22 
-8 102 17 39 47 -38 -24 42 -111 87 25 8 61 -45 -7 76 
4 30 56 5 -8 -43 -95 96 51 -12 6 158 73 73 -77 -78 
55 -46 24 -45 103 29 25 99 -78 65 34 42 40 -11 11 6 
0 -119 -45 -69 142 65 -46 131 115 -89 4 73 -56 93 46 -38 
49 48 46 71 -54 55 -40 -15 58 -42 -23 -116 12 76 -69 63 
56 -48 -60 -87 57 49 17 -56 -42 -57 -84 -28 -8 18 -47 12 
104 61 102 -116 133 -39 -41 -143 -36 7 100 25 140 23 -98 68 
-68 -104 93 61 86 13 44 8 19 22 -37 -9 -45 -14 -15 45 
46 70 121 112 -37 -46 -48 120 -61 -9 -34 -33 -43 69 -55 46 
1 -39 -67 72 -19 139 -123 27 120 -79 61 38 46 -23 -30 -26 
55 21 121 -3 -59 67 87 -12 90 10 185 188 1 25 -42 11 
-63 -98 158 43 2 -21 23 55 -72 -14 -53 -73 78 -6 -66 -44 
151 24 99 67 69 -23 62 47 -36 60 -10 -1 62 -44 52 -66 
-62 -62 -80 36 3 -100 -97 126 -4 141 23 12 -96 -72 -6 -75 
2 66 1 86 0 48 -40 -1 2 -36 -80 62 26 -1 -103 66 
-72 -129 13 6 40 -48 58 56 1 -72 -69 27 3 34 30 -76 
52 138 -119 50 113 44 100 -40 -87 -2 17 48 33 106 143 -128 
-36 -49 -92 -76 -17 -175 70 96 48 50 6 -62 -64 -82 2 -38 
-58 1 -77 -77 -34 46 65 -5 66 -45 49 -25 22 0 59 -144 
25 56 -57 7 -5 51 -9 -7 59 -24 0 67 33 2 -52 28 
-39 23 96 84 40 100 3 39 15 -104 25 42 -21 64 -69 -94 
75 124 32 -93 -37 -56 174 -13 23 140 128 -4 -58 -68 13 56 
8 45 54 67 65 74 -65 103 61 -61 -13 -93 -11 -4 105 -25 
60 158 65 -65 -60 124 73 -82 92 94 73 155 94 58 -8 93 
-68 -86 92 121 -84 25 -94 -90 5 42 -35 -6 -49 -117 101 -111 
46 135 57 143 68 44 82 88 -70 78 -20 103 -80 16 166 -83 
4 61 -62 -107 -103 87 13 150 40 49 -171 37 -46 80 59 111 
-54 22 24 -28 -134 63 78 -61 -15 -105 -127 75 -61 -44 -5 41 
143 -59 55 -96 -135 -137 -121 8 80 -135 54 -23 26 -36 49 23 
33 27 19 -3 8 18 49 -39 -49 106 -67 4 47 129 66 -87 
-54 -37 -15 -52 10 -18 -9 -10 -60 52 -43 11 53 -40 46 -29 
39 -56 13 43 -31 -66 1 -96 79 -122 38 -22 -101 -146 -174 47 
110 96 99 -32 -15 -60 -71 -55 -6 -138 51 68 -69 -196 -4 -91 
-14 0 -26 -63 -121 -66 -78 106 -34 98 -94 -72 43 104 89 142 
11 61 -88 -11 -41 -25 -115 75 -85 41 -44 -147 -80 -174 -74 -80 
53 -96 62 -100 -45 -40 -76 48 168 45 -61 -42 10 61 31 28 
132 -36 83 41 -153 -49 -14 195 -89 -75 13 -126 -34 73 33 -78 
-94 -12 -121 74 -38 -100 -117 -187 -57 -70 -27 40 131 1 57 -25 
-148 36 -15 -9 16 -114 7 -87 -82 144 118 85 -70 -14 -142 9 
-28 23 -120 50 11 -79 -84 -59 152 -7 64 91 -195 23 -38 66 
-50 157 50 76 120 -1 -6 -66 90 -32 27 24 -58 -42 -49 -63 
-6 -46 -55 3 12 15 4 -19 -20 -40 129 -15 50 -63 -54 -66 
39 -87 6 21 -45 -71 -37 7 -46 64 -25 22 66 -46 -146 -1 
-81 -45 -45 18 -37 40 38 95 221 126 37 -52 64 57 -63 68 
-39 -49 47 20 97 20 -146 -86 -100 34 70 -14 127 -28 -132 39 
32 0 91 1 23 -25 17 -36 49 73 52 10 77 8 -73 82 
-7 110 187 8 50 51 -31 50 -110 -62 2 -48 33 -63 -20 -70 
-109 67 -41 -11 66 9 -38 32 63 -127 -70 43 -87 82 41 -28 
66 -129 111 17 -77 -14 6 42 88 30 48 -100 37 -51 -95 116 
153 54 -22 114 -22 -65 -25 -7 -74 54 -47 -25 -67 68 42 -61 
117 71 65 -47 46 -20 -5 9 51 83 -115 5 94 14 -18 -56 
-50 147 0 16 78 -12 41 -42 -29 -57 -54 81 -82 -44 -39 73 
-21 -120 -77 -55 64 -154 127 78 -67 51 -47 44 -67 -46 32 7 
-6 -122 -58 -19 114 -3 -77 -5 101 -47 0 38 -61 23 19 -38 
-30 31 -82 64 62 15 70 -12 87 -20 1 -5 87 73 30 38 
-58 56 31 41 50 -46 -61 -45 -93 -125 -106 5 -2 26 -66 18 
100 112 -46 49 -100 60 -39 21 -1 117 11 -33 103 44 94 115 
98 -32 86 33 14 -4 2 -38 -26 -16 21 19 41 -90 -64 -68 
23 -84 -76 -125 72 -59 93 -15 -86 -37 17 -88 -100 -69 23 -35 
29 -113 -91 -18 -70 -40 14 -47 -58 -58 -91 -41 -11 102 -164 111 
77 39 59 -48 -54 154 13 -60 -39 -10 17 -83 -15 -40 -32 17 
10 -22 39 8 -39 30 -83 -66 68 22 95 29 -27 -47 -10 -174 
20 -43 -67 -269 61 56 19 9 117 -37 -17 51 -31 -115 114 -94 
-38 9 -94 36 125 -79 66 -34 -31 -86 -18 -74 26 8 63 15 
66 -40 -85 39 14 -81 97 10 33 -87 -5 120 0 88 12 73 
53 -60 -39 -36 5 -5 -50 90 -61 129 43 1 88 33 18 72 
-144 26 -49 19 56 -9 84 -212 10 -105 -74 144 70 42 -50 -96 
-25 -45 56 0 9 55 -39 11 163 97 -22 12 11 118 54 -54 
-84 41 -44 59 -31 90 148 43 59 66 113 -35 -53 90 -19 -58 
-43 14 35 21 -226 32 31 -103 -26 40 -101 154 -6 -127 -22 16 
42 -10 29 -10 -60 125 -7 30 66 8 -60 -97 -25 -122 18 122 
-25 -14 -21 83 -86 -23 65 0 -12 -142 97 80 76 90 58 -14 
69 -55 172 -66 42 -1 17 -70 -21 134 -2 73 153 19 -33 -19 
58 -98 -25 -49 157 27 28 -60 80 104 28 -79 139 -74 -69 16 
-121 40 0 -61 32 2 6 -40 44 14 -12 33 -104 73 -84 -84 
11 15 -46 -28 56 47 -73 -47 61 29 8 -62 -86 -37 104 62 
25 11 80 -63 55 -12 219 -1 13 -32 -55 23 -224 196 164 104 
-68 -90 97 58 96 -77 119 -1 108 96 50 -38 5 -86 93 -49 
4 164 52 45 -10 -171 -143 -73 119 -48 -17 100 74 32 -141 20 
-39 145 4 -93 41 17 -17 26 9 -58 33 9 94 -41 -76 8 
32 -29 59 -29 -72 25 -18 -37 81 41 28 -97 44 -11 67 79 
-20 -110 5 23 52 -6 59 -68 -54 -65 -94 65 -61 0 -42 48 
116 80 -98 3 -28 -59 21 123 20 6 -3 64 23 -25 -29 -24 
28 -43 73 13 -7 -76 -20 -57 -2 90 5 12 82 -142 24 57 
-19 -55 -58 -44 -76 5 64 -99 -54 -44 -8 105 -51 -29 -21 -31 
-59 -115 -11 -72 8 78 -16 -80 33 -2 -16 -63 81 -24 69 75 
27 57 42 -52 -73 43 25 -24 3 62 -64 3 87 -22 59 -56 
44 83 2 -23 -139 93 -13 -49 77 29 -6 6 -21 -26 43 -32 
35 -32 58 68 -27 84 83 4 -96 39 28 -138 4 7 7 6 
-78 31 10 37 0 40 59 -46 -107 -163 23 -28 57 -15 -5 -26 
50 -67 25 -53 -75 -14 -1 4 -145 -13 67 10 47 26 -21 -78 
38 -7 37 37 -37 77 -90 13 74 -56 92 -91 83 52 34 -6 
-100 -114 -77 -29 -36 -102 -30 -15 -22 -100 -2 22 -41 -24 -29 -41 
7 -38 -10 -41 -67 31 89 -104 111 -110 -10 -49 -106 -44 3 51 
-33 1 34 4 7 39 95 -90 1 -77 0 -45 -42 10 -11 101 
52 30 91 -65 81 62 89 78 15 -78 -95 -115 -189 -54 -8 -34 
-27 40 110 47 16 -98 -145 13 82 48 69 -14 8 -15 74 72 
170 -80 -83 -93 152 -29 -66 -19 -85 -69 82 45 -72 -48 117 27 
19 -105 58 88 -22 -22 -28 -129 -102 40 -9 -26 -27 9 7 -55 
10 -108 42 100 -54 -89 66 43 -63 -48 15 -53 42 32 -168 22 
-46 -20 -59 -25 -20 31 57 57 -67 11 43 63 -154 -21 -14 59 
35 -18 -56 -42 58 65 -31 67 -41 1 31 -97 -22 -67 37 93 
79 -100 -25 -37 -2 41 112 51 34 42 27 -67 -4 -82 40 -43 
-120 57 47 84 23 14 -21 112 -4 -71 -112 59 41 55 127 -49 
-8 28 -85 15 52 65 -16 65 -108 95 -66 -105 72 -19 -17 38 
23 107 22 -34 93 52 37 68 21 2 -51 43 22 56 20 -134 
37 72 -20 -38 154 -111 -38 -128 -101 46 -66 24 13 159 -41 22 
-121 -5 57 66 75 -32 -68 83 163 38 124 21 59 -33 44 -96 
62 31 -29 82 54 69 -52 44 80 -20 35 -24 44 82 -2 6 
-66 60 50 53 -19 -37 70 25 35 5 -59 2 70 42 25 77 
-47 24 12 31 -21 102 1 58 124 -46 -70 -7 80 -96 41 20 
-75 8 -31 -121 101 67 -16 1 -66 -22 -115 106 49 -34 40 35 
8 26 -61 26 -113 111 35 49 -8 28 -31 -62 -58 -28 20 -84 
8 31 43 60 -92 -5 -118 4 12 9 -62 -108 -32 27 33 20 
-56 64 -102 8 -13 -37 106 -64 49 -95 78 -56 35 54 84 3 
-23 -8 19 27 -20 -7 -45 14 -91 -9 -57 4 -70 -26 -27 34 
13 -54 -44 5 -21 12 0 4 -22 70 62 79 35 -54 -53 7 
-2 -18 -16 -40 37 -43 -49 -97 15 -14 23 -13 -28 -61 9 -17 
1 15 5 38 -21 -4 32 -55 -26 -9 -28 22 -18 -28 -11 7 
36 -42 0 4 23 -21 -21 3 20 14 2 17 39 -34 36 -3 
-24 -25 13 -87 81 -42 32 -2 12 49 10 -70 46 -2 -30 -32 
17 -9 -31 -60 66 68 49 24 21 -67 -64 3 -7 -42 -40 -34 
-60 59 0 33 40 -60 -65 4 9 54 37 12 18 18 -19 -39 
-14 -6 7 29 -51 -4 73 -3 8 1 -67 35 84 -9 -4 1 
25 30 30 58 -27 23 -69 -32 -24 -31 -10 -29 -37 -51 31 -1 
-67 12 21 7 7 2 -39 39 7 55 9 -30 -2 10 3 18 
-21 26 -1 3 -21 -19 -12 69 -36 -25 17 61 -50 12 28 44 
36 25 -19 -6 -15 -10 35 -30 23 -7 34 52 -15 -58 -108 12 
6 73 -48 31 -31 -26 -30 14 -57 33 33 -1 14 39 -62 -8 
3 -35 7 -6 9 100 -18 17 -28 9 2 24 44 17 -59 -24 
8 32 27 10 33 48 -52 -9 -23 -88 41 6 48 49 20 7 
23 -79 -60 15 -30 -35 38 -35 -10 24 -13 -19 -7 12 -6 13 
19 -28 -20 15 -8 46 -25 1 -13 -97 36 -55 22 -50 1 11 
-63 16 -10 7 -19 7 -59 -53 -110 -18 9 -77 32 6 23 -29 
-27 12 37 50 16 54 -33 50 15 21 23 -12 9 -27 -22 -68 
-11 -70 -40 74 -26 34 -5 11 26 0 29 21 18 -50 -15 -6 
-35 -20 -33 -30 -61 4 33 36 -25 4 -20 -8 43 -8 -18 23 
-63 -106 -41 63 10 3 13 37 17 -29 -4 18 2 -33 -10 43 
78 62 36 6 24 -29 -5 -59 -14 -84 -62 -28 -48 -8 18 -43 
-1 -6 -39 -32 12 -14 -68 -15 -5 89 28 -2 23 -16 -50 -43 
-31 -63 -46 2 -22 -4 53 -22 -39 20 30 -24 23 -13 -22 -30 
-23 -36 5 24 16 -10 26 -3 -4 68 13 -13 120 -26 1 -71 
-25 9 -16 22 -27 -47 -12 23 13 -2 -35 -50 20 -39 36 47 
-55 -1 -36 -26 3 -43 -31 4 22 85 40 16 32 20 7 -13 
-7 -83 -18 -22 25 15 22 12 -80 -23 8 42 4 30 6 75 
30 -18 6 38 -12 -18 3 2 -8 31 -16 -17 38 -6 4 -39 
-12 24 18 53 14 -26 -54 -102 -14 3 2 20 -15 -20 4 40 
25 30 -25 -35 -34 -28 -13 -10 -33 -20 -35 -44 -38 -9 -51 14 
-15 -14 59 -58 5 5 5 10 -34 -25 34 8 -43 -23 -18 -26 
-2 16 35 19 -27 15 -22 22 -42 39 -64 -45 4 -17 7 53 
-25 19 38 -11 13 23 -9 -27 23 35 16 -45 23 23 -3 74 
6 39 8 -48 -42 32 47 -105 -46 3 -23 -108 -79 -18 -97 124 
11 91 8 -55 -44 2 -2 44 -49 0 -2 -89 -28 34 6 56 
-102 -66 81 57 104 -32 -42 -38 54 -75 67 80 -68 -22 -68 -14 
73 -10 -23 96 -14 -33 -10 -34 3 29 -15 79 22 -91 -3 -24 
-57 47 18 27 -2 3 95 -49 44 -13 -47 -35 15 -41 128 4 
-39 46 8 -53 -14 -13 -4 -14 -3 52 18 -2 -48 36 74 -76 
-26 -1 58 -62 21 0 10 -8 -54 -100 -68 125 81 31 37 16 
-31 73 0 55 27 61 -13 51 -45 -19 63 36 -8 -51 -13 35 
-51 3 -12 -16 -30 -11 -102 105 8 -26 17 115 6 -61 -22 -33 
-10 63 36 -61 -31 -7 34 38 28 -7 -8 -14 -41 -8 77 21 
-45 30 14 14 19 -44 -140 10 -14 68 10 -19 70 -74 -13 -91 
-154 39 26 -91 44 41 -55 12 -46 -54 -29 0 4 0 40 -49 
-19 -16 -3 23 63 -93 32 49 -3 -64 -66 9 -40 63 -31 -30 
27 85 -32 1 -66 37 -9 -8 12 -45 -33 -59 40 -7 37 10 
-26 17 31 -40 128 94 5 23 -45 23 37 31 7 24 -34 93 
26 31 3 -31 -20 22 65 -96 37 -11 29 -41 -17 74 81 7 
-5 -40 40 -28 26 17 -49 30 -11 -17 -35 -26 29 -33 -71 23 
-8 61 -56 -14 -7 10 -28 -6 -14 -22 -113 -7 0 26 -4 -90 
46 30 10 5 12 5 -11 -4 -13 19 -9 8 -60 -9 -31 0 
-16 8 -72 -4 56 -30 -14 45 -21 29 96 -22 -12 -21 -54 58 
-17 -43 -33 -6 32 32 -3 -54 -46 -8 -33 -2 4 2 -14 12 
42 41 -6 16 14 50 -82 -60 -168 -2 -33 27 3 -36 -63 88 
156 -93 0 51 -70 23 -73 0 -9 -1 13 -3 -66 -16 52 -18 
22 -5 -52 13 73 -13 -39 -7 45 54 -56 7 -45 74 4 15 
26 0 88 -60 36 28 0 2 -11 -45 -13 -29 -8 -49 2 -54 
-32 -35 9 -48 -45 77 -20 -51 0 23 -49 60 -1 6 -93 -31 
1 -36 55 31 -51 55 30 -86 46 -42 -42 7 37 61 54 -122 
17 -23 -18 16 26 -51 23 -29 35 6 -87 66 116 -29 22 37 
-3 -46 -14 -32 58 35 33 72 -45 -46 73 59 -47 -2 -8 -5 
45 -75 -32 15 15 -102 -25 -45 -151 -26 129 -30 -21 35 -22 -10 
48 17 32 -83 25 38 -70 22 -30 -86 21 -102 4 17 -16 -159 
-34 -28 40 -107 70 4 77 -25 29 64 -126 -8 34 18 -6 -121 
32 -26 53 -20 60 -78 76 -25 -96 47 -41 -20 -19 -55 -36 -10 
46 71 4 -23 32 -61 -29 -58 -33 -4 -19 8 -122 8 -85 -7 
103 41 -75 51 5 -53 32 58 -29 17 -126 -52 -28 -17 -13 -47 
-59 16 -19 31 33 53 22 -83 47 -27 -14 -55 -9 94 -3 30 
14 -36 14 2 2 4 -31 -1 50 -15 34 47 17 -11 -1 37 
-10 -40 -2 -21 -10 50 21 19 32 -35 -26 9 1 5 -1 17 
-41 25 -19 20 12 -36 -14 -7 27 -3 -7 37 -15 -12 -13 40 
-47 0 -1 15 -2 24 4 20 14 8 -9 50 8 9 11 -40 
-21 -14 11 -6 5 -64 -15 2 1 -13 -1 -7 -9 -26 -39 6 
-49 -11 2 -17 42 4 0 8 13 36 -4 -10 -35 -40 -18 -15 
-7 -15 17 -33 19 -4 -23 -32 24 16 1 -9 2 28 -36 -26 
-3 -34 -21 23 -30 -7 -16 12 52 22 -31 -14 2 29 47 -43 
10 -46 -15 -3 8 -19 24 -52 -5 -6 -1 -33 12 -36 -1 -14 
14 -10 6 15 -56 20 -38 24 16 12 1 -23 15 -12 -10 -8 
-13 8 3 17 -10 25 -18 -3 21 19 -12 6 41 51 1 5 
-52 16 50 5 -22 -92 2 13 -25 8 12 -7 -9 -12 -16 33 
-20 31 -6 21 25 -7 -66 -31 -17 15 -28 -2 -17 -40 28 14 
-58 4 -12 19 -21 0 -9 1 1 13 18 0 18 -22 24 -26 
-4 -26 8 -18 -61 -57 11 19 -3 -14 3 0 17 -16 -12 -6 
-58 9 -13 11 19 16 -28 -13 -33 -59 -11 10 -14 -6 -39 -15 
-8 -15 11 14 -18 8 14 -14 11 -1 -11 -17 41 -8 19 -48 
-14 -23 22 15 -27 6 17 -4 10 1 22 -4 25 -60 -3 -19 
-46 19 -38 -41 55 31 22 20 1 16 -1 -38 -6 0 -23 -19 
18 4 -5 -7 -8 -22 30 -7 -23 2 -24 -6 -31 12 44 34 
-30 -7 -1 42 -5 5 -2 -2 20 -4 -15 38 -1 25 -18 -13 
-12 28 -10 -28 -15 -13 19 1 -32 -11 -18 2 21 6 38 -10 
5 -9 -44 -10 -23 -34 -34 -26 54 38 -29 -7 -19 -1 1 4 
55 -20 -17 -11 6 2 -16 -8 -10 -19 13 28 -43 43 -6 0 
11 8 -39 7 17 -15 34 -32 -54 -49 -10 13 19 32 31 -13 
31 -10 22 -2 -3 10 -5 0 29 -11 15 5 2 -10 11 1 
22 13 5 -29 17 21 -2 9 7 -10 12 -52 6 21 -23 -14 
26 9 9 23 9 53 -5 5 15 -7 4 -20 -13 -36 -5 -2 
-18 -19 3 15 -18 -12 26 6 -26 -13 0 27 24 -26 -19 -12 
68 1 -7 -3 -66 1 -11 4 27 3 -18 -6 -4 1 5 8 
-17 -25 -9 43 -16 15 -35 -2 8 5 0 -40 38 12 4 -11 
19 11 8 -32 -20 -28 4 13 -1 -26 10 12 34 -46 2 -24 
0 21 -36 21 -6 11 -2 -5 4 -7 -6 -19 27 -1 -7 -25 
-19 -21 -62 18 -22 5 -24 -45 -21 17 31 -1 23 -26 3 -23 
-27 26 50 -20 -9 11 -6 -18 1 -40 -13 30 31 -1 2 8 
42 -13 22 -48 30 -13 5 24 -14 17 28 -23 34 7 1 19 
-43 20 -67 -57 -22 53 30 20 -70 -61 -121 -45 22 -18 11 -11 
45 96 26 -27 -16 -53 -26 5 34 56 18 24 31 45 39 -30 
-30 78 -82 -37 -65 28 21 17 11 -11 29 -59 0 41 -33 84 
-100 -31 21 -34 82 -21 69 -49 45 -6 1 -52 178 17 -5 -33 
72 61 -93 -51 -64 -32 -28 0 2 -31 22 4 -48 42 23 -26 
37 11 -20 8 15 -67 1 10 -35 -5 31 -11 18 10 -115 -97 
63 -50 -47 -4 -25 63 -11 108 -21 -3 55 -23 -28 -8 50 26 
-24 37 38 -21 63 29 14 -40 -91 70 -76 -28 27 -94 0 31 
-74 3 5 84 -47 6 85 -29 93 -20 34 -23 -57 118 93 1 
-1 -2 9 -39 -6 -32 -38 75 -31 10 -46 -9 30 74 43 -45 
-11 -34 48 16 -16 -19 -61 -83 -19 -3 -16 -50 49 -7 -38 -56 
-36 11 -6 -25 -32 77 -32 -56 -5 78 -38 59 -79 -41 -20 36 
-12 77 18 12 89 -26 63 -60 57 56 43 99 -32 76 26 -49 
24 -14 4 6 -11 13 19 -39 16 2 -37 -39 8 -31 -58 10 
16 74 24 87 58 82 -38 17 29 4 -3 18 -35 62 45 -41 
78 -133 8 16 -18 8 -30 14 5 14 -5 61 -21 83 34 -41 
-41 -43 -60 63 8 -24 -2 69 -29 79 -4 -1 62 89 45 -38 
-33 49 31 47 4 72 -11 59 61 -14 40 -6 -60 78 -3 68 
-14 -70 -23 65 -102 -72 45 -8 -8 -31 -57 63 -30 77 -52 -40 
40 12 -38 50 0 -36 26 -25 4 -76 50 13 14 -15 16 4 
-18 -27 -1 -63 10 -21 -23 27 38 4 82 41 -51 -29 5 20 
37 -2 -41 105 -26 -62 -24 -27 44 -25 -78 -45 -36 -95 19 -22 
-80 -10 13 46 61 3 -19 -11 -79 -24 12 16 -9 -136 31 13 
23 64 170 11 -27 32 -27 47 -74 -37 -3 -36 -32 -82 9 -18 
-44 -1 34 40 -28 63 41 -99 78 52 10 -36 -16 39 5 67 
-63 4 -40 -1 7 -43 -69 15 -11 -23 -15 -2 -53 5 -21 -10 
54 -40 3 39 -35 -92 4 46 42 -36 26 16 -12 26 -9 89 
108 -14 54 -73 67 18 -33 -53 24 46 10 -8 90 55 36 42 
0 -7 -89 -9 -33 84 -45 -116 49 86 20 62 15 30 9 -10 
37 89 21 6 136 3 -38 -42 -33 30 31 3 10 -13 -2 -8 
-19 -20 -54 60 -2 -28 27 2 3 -25 3 -39 -47 33 -47 16 
70 -95 4 14 -43 5 -125 -19 3 2 3 21 55 -12 2 23 
-24 40 -29 -27 0 99 -38 56 -31 21 -67 -33 -19 48 61 31 
67 37 65 -53 -4 -42 -45 -44 -35 -58 -1 -99 -5 -48 -26 35 
38 -52 -16 69 7 -41 65 -14 -42 48 -55 -53 -38 -48 -3 60 
15 29 -67 13 -73 -41 37 0 -20 -52 -2 1 -23 -39 -57 -52 
36 -131 19 9 -26 12 -20 44 -31 44 -4 -55 -61 59 -45 24 
50 5 -28 -42 -8 6 -16 38 13 -21 66 37 -11 -25 4 2 
-15 -2 -17 -28 -68 4 -60 -51 -73 -66 105 -56 66 23 -5 64 
-13 -17 13 -66 48 -41 -122 -12 -29 -43 -15 -11 28 -27 -30 -48 
-25 -16 -32 -8 5 -12 -1 43 16 -31 44 15 11 39 -8 -24 
-46 39 -23 24 41 -52 59 -24 -23 -74 -19 -7 -25 56 70 5 
24 21 31 -30 -6 5 -31 34 36 8 -46 -18 9 5 -14 -6 
15 -2 4 17 81 -7 -17 -82 -20 0 -33 9 22 -26 17 6 
9 -58 44 35 -52 -10 37 -37 51 7 6 -61 -18 77 44 -39 
15 32 11 38 -43 -101 21 -13 22 -57 -7 16 35 -43 17 -21 
9 32 17 14 -49 -10 20 -38 -19 12 -4 -34 -1 -3 -30 -1 
-10 -53 -65 -81 24 -54 -5 35 -35 7 37 37 -19 -34 3 50 
-26 19 -27 -44 26 -64 102 -52 16 35 73 49 60 -11 8 -63 
-40 -41 -37 77 -97 -39 41 -1 -39 26 -9 21 53 0 -46 -28 
-32 -25 2 -20 -4 2 17 -22 54 29 -44 15 7 38 -14 25 
63 -31 36 43 -8 26 21 1 57 9 -32 11 28 35 25 19 
-26 -48 -136 2 39 -39 -83 -56 10 35 -17 -14 10 9 15 -39 
55 8 79 32 -36 54 -22 35 73 44 19 -51 44 16 29 73 
-15 1 20 48 -85 -36 -17 -51 -50 -23 -29 67 57 52 -19 23 
17 -7 0 67 42 35 9 18 67 54 40 -13 75 -39 -56 -30 
54 31 37 0 0 21 -1 12 32 15 48 -6 14 -9 47 35 
56 -17 -23 34 0 35 6 16 -18 21 -62 16 45 -5 4 29 
-65 43 24 34 48 -15 90 18 6 35 -43 47 -25 -41 -3 33 
20 61 70 6 -143 32 -26 24 -60 -37 14 35 -63 -67 58 -9 
-39 -7 26 7 3 -60 -8 -67 50 61 3 -9 -34 16 55 43 
-31 1 30 -8 -42 11 -53 -29 -72 -13 25 15 -14 38 25 -38 
-53 -37 -91 3 28 -9 35 2 -17 25 18 -9 96 3 54 59 
1 -54 19 -59 -6 -22 0 15 -43 3 48 -12 25 -45 0 -14 
-44 -48 -16 36 -20 21 18 -37 99 72 25 85 39 34 0 -38 
-62 53 97 -68 65 19 -2 2 -47 19 36 13 6 -5 -13 -20 
-6 15 -30 -21 -6 -41 19 -41 -19 2 -36 99 47 -9 -54 51 
-18 25 -8 14 -18 -16 -98 -73 15 -8 -16 53 -34 -3 -9 -33 
11 -26 -1 -15 -1 43 1 24 -26 -52 0 -22 -33 44 48 60 
84 29 51 -10 33 -22 1 -25 13 -134 23 43 41 -50 69 -40 
74 -21 -39 66 -6 -26 24 -80 -5 14 54 7 -49 19 -33 -34 
21 17 -14 15 2 -15 -7 -6 3 -39 4 9 2 -20 -9 -84 
-2 77 16 -19 5 -15 32 7 22 -40 -25 37 10 11 -8 19 
-1 32 -17 -22 22 28 -36 -10 20 22 15 -18 -4 2 11 -11 
7 11 -18 6 52 -22 18 2 1 -11 -35 -25 -21 11 26 -15 
-13 10 -21 -28 -21 -36 43 -25 -5 -17 23 10 23 2 33 47 
4 -51 -6 -31 -38 33 25 10 5 9 0 35 -19 -24 -5 3 
36 8 8 -34 23 -3 21 10 10 49 -10 -23 73 19 13 3 
20 -36 6 33 -20 -8 -18 -59 5 2 14 -19 -6 -13 -39 1 
-11 -20 47 -14 11 6 32 2 8 19 -2 19 -9 -13 37 7 
21 4 -23 11 -4 -25 -5 -18 25 14 16 -49 1 -3 -5 21 
-2 12 -25 -9 49 5 -57 17 -39 39 -29 30 4 12 -15 8 
4 9 25 7 29 1 21 10 -11 9 -7 17 12 13 17 60 
-4 10 12 6 30 -28 -14 19 26 -31 -20 -26 -12 -26 29 -4 
33 19 28 -10 -19 14 -45 30 -62 19 20 6 20 -27 4 -11 
14 -11 5 22 -16 -5 -4 8 12 -8 16 46 -9 -13 -48 6 
20 8 -8 21 -27 6 25 -3 6 -31 -3 -12 44 10 -5 -68 
14 37 -15 -39 45 -8 -12 6 15 48 23 -5 -18 -23 -34 8 
25 -34 36 49 18 10 28 8 21 31 -13 0 7 25 53 36 
-40 7 7 5 -27 9 20 18 14 -3 -57 -2 -17 -31 3 3 
38 1 15 -16 50 38 8 -30 -6 3 7 12 -25 -29 -7 -4 
3 28 37 -30 -18 7 -10 29 44 -9 -20 29 9 0 -10 -8 
-33 -1 -24 19 -26 3 7 -5 -15 -6 5 -18 -42 -7 -70 -38 
-23 -26 6 5 0 69 -34 50 16 -16 7 2 18 -6 0 35 
-17 38 -32 -54 31 31 35 10 -30 -29 40 -14 32 -22 -17 12 
3 21 0 -3 47 -28 27 17 -1 -53 6 -11 39 -10 -47 35 
1 16 -59 22 24 11 -28 12 -2 -38 -34 -11 10 1 -13 19 
-33 14 -52 19 5 -47 -35 9 25 -47 -6 2 -13 36 -13 34 
1 11 32 -25 -13 18 -6 19 12 19 -5 77 4 -1 33 -6 
-25 35 -29 44 60 5 -5 27 -10 46 -10 -58 10 18 14 -16 
-9 9 26 26 32 -10 -19 -8 15 40 -23 -53 21 -64 5 5 
-48 -23 63 3 -2 -36 -9 16 35 11 -9 29 -16 30 -26 -14 
26 9 24 -16 -61 16 5 24 4 -43 -51 -31 -28 -3 -9 -4 
9 -38 -7 19 29 16 65 -28 14 -14 24 8 -11 -8 4 29 
-50 -1 15 35 -43 -15 -37 -37 49 37 -25 -16 19 -24 0 -18 
-22 -7 54 17 -13 -9 15 3 -17 18 -36 58 -26 -1 3 24 
13 33 15 6 3 17 -3 -9 -19 -24 0 -8 45 21 -12 3 
-18 -12 24 -12 4 -9 5 2 -27 34 17 -12 -11 23 -14 4 
-1 -6 -1 0 -30 -2 0 -27 -9 -13 19 16 0 0 6 -2 
-2 0 -9 0 0 0 -17 0 0 -1 -3 -9 -24 23 0 0 
17 0 18 -1 -5 6 46 12 -19 0 4 11 16 1 -20 0 
-5 0 22 -16 0 0 0 -8 7 -4 12 1 9 5 7 -1 
0 0 7 14 -1 7 -43 26 -3 0 -4 -1 -17 -22 -3 -2 
-8 -10 -11 -4 -2 6 2 7 -14 -1 10 0 5 -22 8 0 
0 -1 -7 0 0 -1 -1 0 6 0 1 -18 2 4 2 0 
-33 -4 1 -25 12 -1 30 4 -1 0 6 5 -13 -5 -5 7 
0 -8 -1 0 -1 0 32 -24 0 1 2 1 -22 -4 -19 -12 
-27 -1 -19 23 -7 -1 -7 -25 0 0 -13 -4 44 1 2 -5 
12 -10 -7 -21 -5 -19 -11 1 -2 -1 -14 -21 -3 -3 -6 6 
4 -30 0 25 4 -1 0 28 3 -12 -12 -1 -12 -12 0 15 
25 -14 -1 3 -17 -14 3 -17 -40 1 -1 -14 -33 -1 -9 0 
-1 -26 -2 -33 16 -15 0 -5 2 0 0 -56 8 1 -22 -5 
2 0 -13 -16 0 -25 16 -20 -32 0 1 -4 7 0 15 17 
1 39 -23 24 17 16 -26 0 1 -13 9 -47 0 -11 0 -30 
-12 -16 0 5 12 0 10 0 -2 -6 0 -27 1 15 -3 44 
9 1 -10 -3 -1 0 -11 -10 -12 0 -9 -5 -2 0 0 3 
-30 0 -20 22 -7 -2 -2 15 0 -18 -1 1 5 -5 -2 0 
3 5 -5 0 5 -1 -8 0 4 -5 -6 12 1 -1 -31 0 
1 1 -1 -34 0 -42 -26 -6 -5 -20 -23 -5 0 15 -15 3 
1 -12 17 2 0 -3 0 1 8 -6 0 -20 0 -5 0 -65 
-12 -3 2 0 -9 -51 2 -2 10 11 7 0 17 7 20 -37 
1 12 1 -1 0 4 -9 -2 -1 -18 -1 1 -11 -6 16 10 
6 14 -1 0 3 0 -17 -5 1 -2 -7 0 0 -17 0 -30 
57 19 0 1 -10 -1 8 -8 26 1 0 1 0 31 -7 -9 
0 0 -2 0 0 -1 3 -6 -3 -2 -3 13 9 -7 31 1 
3 -33 -7 -1 12 -5 12 -1 1 -25 0 0 -2 -1 12 0 
0 0 0 2 -35 -1 3 0 -21 10 -15 0 30 1 6 0 
-28 9 4 -31 30 0 -13 8 -4 -12 -41 0 -32 0 -5 1 
5 -19 14 11 -11 -22 3 20 -8 0 -3 24 -44 12 -3 -2 
36 1 -25 -1 -1 22 -14 -2 -1 0 -15 -3 -13 9 -2 -1 
-7 1 -37 -45 -8 0 -10 -18 0 2 -3 -35 0 -1 -21 1 
-1 2 -21 0 -6 0 5 1 -12 0 -18 27 0 -17 0 13 
-19 0 -1 0 -4 -2 -1 -9 -4 -1 29 -1 32 0 4 -11 
-20 -2 -37 -25 -18 -9 1 1 -53 -9 -1 0 -2 -7 -3 -10 
-7 25 -1 0 6 -6 0 65 5 -11 -98 41 0 7 3 5 
-11 0 -47 0 0 0 19 -3 0 3 -17 4 -15 57 2 -2 
7 3 -9 -2 1 -15 -7 -35 -64 0 -9 -47 82 -1 21 0 
9 0 15 8 0 0 0 -7 66 -9 12 -2 -54 6 10 -4 
0 0 15 28 -5 -9 -24 19 2 0 -3 1 37 -12 34 -9 
-3 65 53 3 32 -2 -3 -61 -28 -4 8 0 -6 -33 4 0 
1 -1 6 1 0 1 -71 -10 16 58 -7 -69 -7 -23 10 0 
-28 -36 12 -4 -13 -31 42 16 -3 0 -24 -60 42 0 -37 13 
0 -4 5 -5 4 -2 -34 -24 11 4 -2 -5 6 -23 -2 16 
-13 0 10 -5 17 -12 4 48 0 0 15 -52 11 -1 -8 8 
2 -1 -16 13 -11 -14 -20 3 -5 5 -6 -9 11 -6 24 17 
48 0 0 -17 5 19 -13 -35 -15 64 -18 -1 -32 -12 0 2 
-26 -6 -8 15 -51 -68 -5 11 -44 0 -5 -12 -22 -1 -13 0 
-8 1 35 -21 0 -1 0 -35 -9 0 1 0 10 0 -22 -12 
4 0 7 26 0 5 -3 -29 29 0 31 -29 -67 0 1 -17 
-4 28 -44 19 -10 -17 -14 57 -55 -29 -59 -27 3 -15 0 -28 
13 39 1 28 13 0 65 3 -2 22 0 -15 2 -51 37 17 
-10 -2 -17 34 -1 6 -41 -10 40 -1 1 -11 5 0 11 -3 
-8 1 -17 -49 -11 0 -1 14 -6 -16 -3 0 11 34 -23 -1 
-83 34 -21 -74 -15 -9 28 0 -2 -9 9 -10 16 -5 -41 0 
-5 -2 1 -40 -1 -24 -74 -12 21 33 -20 -4 -14 34 -27 -53 
5 -12 -6 53 0 7 3 -43 7 -18 0 -7 0 19 0 -31 
-16 1 -10 -1 37 -30 5 -5 -62 30 40 3 27 -2 13 -40 
0 21 -4 -8 -1 20 13 0 -1 28 10 1 -21 45 23 27 
45 -9 -4 -2 2 -2 -37 -13 -1 -6 10 0 0 -30 -10 -46 
94 -12 -8 0 10 0 24 48 41 0 0 -5 0 14 -1 -11 
-4 0 28 5 0 1 -7 -37 43 1 -2 -19 41 -19 -62 23 
-2 -68 -7 -1 21 -1 46 -5 6 2 0 0 -10 -11 -16 0 
-5 0 0 -10 1 1 -6 0 -32 6 -47 0 9 24 23 1 
-18 12 18 -29 3 -14 -13 18 47 -4 58 95 -4 -1 15 8 
-73 -4 47 -1 -5 -37 -2 20 4 0 5 15 -43 -23 2 -31 
15 -2 -15 -1 -12 -13 -22 -5 -1 -1 -24 9 3 -10 -8 6 
-19 3 -39 -26 -6 3 -20 -13 0 19 4 -26 1 2 -26 18 
1 19 -36 0 9 -7 80 -7 2 0 -27 2 -3 25 1 -6 
-44 1 -4 0 -10 -9 3 -25 22 -5 -16 1 48 0 9 -13 
-22 -11 -27 -23 15 -102 -1 11 -3 -20 1 0 -3 5 -10 2 
-2 12 1 0 -4 0 0 52 12 11 -30 -47 0 13 2 5 
1 0 6 0 0 0 20 -2 0 -2 -7 -8 5 2 0 1 
-2 -1 51 -8 13 -31 -20 12 -15 0 1 27 32 1 -21 0 
-1 0 44 54 0 0 0 26 12 10 -20 0 20 13 -27 2 
-2 0 -14 -10 4 4 -43 19 7 0 8 -2 -9 57 1 7 
-1 -27 10 1 19 -13 5 -33 4 -1 -5 0 0 -30 -12 0 
2 0 33 -1 0 4 -7 2 -19 21 4 12 27 22 27 0 
21 -24 0 -14 8 -16 -13 -15 2 0 -25 -13 20 -14 6 -18 
0 3 -5 1 1 -2 -2 15 4 -6 -3 -4 7 -19 -18 -1 
-17 1 10 8 2 1 -3 20 1 -1 9 -21 10 3 -19 19 
5 0 -9 21 -1 -20 -1 0 3 -4 -5 -16 28 1 -4 46 
-24 -22 -2 -22 -4 -11 -1 -25 14 -8 6 5 -29 -2 0 25 
-31 10 -35 19 -28 34 -5 31 -40 1 3 -18 -33 -1 1 0 
10 -43 10 14 -37 -8 0 5 -6 0 0 23 -24 1 -8 -1 
6 0 -6 -16 0 -12 2 11 43 1 0 24 -21 1 -32 -20 
-3 -3 -10 -3 -5 -11 25 -4 22 -18 -34 -3 6 13 0 -55 
-21 48 0 2 5 0 -11 1 0 -28 0 19 -2 44 -22 -12 
-7 3 -35 -16 2 4 29 -47 16 1 1 7 -8 0 3 -10 
0 0 -19 51 -7 1 3 -8 -2 1 4 4 -44 -4 8 1 
-19 17 10 19 2 20 -45 0 -4 -22 4 -19 -27 -1 -17 1 
-7 -1 -1 -25 0 -14 49 0 -39 9 15 3 2 16 -21 -12 
-4 9 -9 9 -1 2 0 18 10 -48 0 -11 0 -13 0 42 
-6 -3 -7 -3 -1 36 -1 0 -37 -18 17 9 -25 -13 34 45 
2 -27 0 -3 -1 9 -16 3 0 42 42 -1 -7 -3 16 10 
-2 13 4 1 -56 2 -34 -3 -5 2 -16 0 0 -9 -7 -32 
28 31 8 4 -4 -3 1 -5 -13 0 0 -1 -1 -8 -18 25 
-7 0 22 21 0 -2 -21 -9 15 25 -6 -23 -4 4 13 -3 
-17 38 -45 1 -4 17 -67 -3 10 25 0 0 6 5 6 0 
3 0 0 -16 11 -7 9 0 -27 4 5 0 28 35 22 2 
-17 10 8 7 -57 10 -9 16 -4 3 35 -22 43 0 16 -20 
1 -5 1 -12 43 -26 -3 -13 30 0 -5 -3 -26 17 -7 26 
-7 -1 -7 -1 5 22 -4 7 3 1 13 14 9 0 5 3 
-4 2 -34 43 -6 0 17 -28 0 15 -9 -46 0 -1 6 18 
-1 58 -42 0 -3 6 -43 7 4 0 -24 -23 5 -17 2 20 
-39 4 4 0 2 1 4 -18 -12 -2 -26 15 36 0 -15 30 
-18 11 -5 -38 -4 -29 -3 -9 24 -31 3 0 -1 55 -2 9 
4 -30 -3 0 81 19 0 -86 1 31 -20 26 0 -22 12 -13 
-1 0 12 0 0 1 -44 2 0 -9 -13 -5 -30 -8 2 2 
65 3 -9 26 16 87 15 -9 -49 0 9 -28 -8 -3 9 0 
-6 0 35 8 -2 0 0 -66 27 -3 20 8 50 80 -2 -2 
21 -1 -30 80 3 17 -33 25 29 0 6 -7 -29 -24 -9 -35 
-28 -73 -74 -40 -50 7 -15 -20 -11 7 43 0 23 4 -5 0 
-2 -4 -81 2 1 -4 -33 5 15 -88 -14 18 -17 -26 -10 -1 
-41 -32 -6 -9 30 -29 23 20 3 0 37 -26 -15 -26 -5 -41 
1 31 1 6 4 -3 20 -5 32 1 28 20 -8 4 -31 -67 
-3 -3 -25 15 -5 -11 -32 24 -1 -5 -33 58 34 -10 -25 -121 
10 -19 -14 2 5 89 0 4 -10 -10 -17 6 8 -5 -3 -17 
45 -71 7 -35 7 8 -10 14 0 -77 18 -3 -27 12 0 40 
141 9 -62 -34 -114 45 6 -67 -43 1 -3 -28 -43 0 4 0 
-5 -40 -26 -78 30 -20 0 10 14 -3 -3 43 -2 -4 -97 -1 
6 -1 -33 -36 -1 -2 25 -23 -45 -2 27 -7 -8 1 5 26 
-2 -20 -15 77 -1 0 -15 -37 66 -4 15 -53 -8 20 -1 0 
-5 -123 -3 -19 73 0 -79 10 2 -12 0 -58 -23 50 -106 65 
39 3 -11 66 0 26 -8 -33 -48 1 7 -10 -2 -2 17 -4 
14 -4 -35 -20 -81 -15 15 53 -3 -70 -10 11 68 -21 -20 -1 
-93 4 -10 53 -12 26 -42 0 14 -1 -6 -26 -29 7 9 -3 
-8 2 -5 2 -2 0 -90 4 -110 -35 23 -8 13 25 3 -2 
-5 -51 71 -53 1 -20 -6 -38 31 -1 0 -12 -1 -20 0 14 
-46 -2 10 -1 10 -66 15 117 -19 2 -80 -7 -12 18 27 -16 
12 36 3 5 5 -64 9 -7 -6 -108 114 -9 64 1 -79 9 
31 8 -3 3 -14 3 -3 -12 -6 19 -28 1 0 -39 9 0 
82 -40 8 -4 -8 5 51 50 -53 -6 -2 -6 -7 69 -16 26 
-12 -1 -69 34 0 -6 -27 -28 14 -23 5 89 33 -24 9 -14 
4 9 56 -1 14 -13 52 3 29 -50 0 0 -43 -5 -2 0 
4 -1 0 -25 -42 -30 24 0 -46 -110 -10 3 -15 40 24 2 
-19 17 20 -79 26 -5 2 -19 -15 45 29 64 -22 3 79 50 
16 -35 23 32 -34 -133 14 31 24 0 3 -71 1 0 4 32 
-13 6 6 -1 2 -55 -5 5 -9 -7 45 -29 9 17 6 -25 
43 -13 -12 21 -11 -4 -100 -25 0 -12 -14 -17 -11 -9 -40 18 
-7 -67 -42 0 -77 -16 -29 11 -34 1 -10 -48 6 -86 0 -47 
-33 2 4 0 -10 -12 3 -55 -32 -6 40 -38 31 0 -43 -17 
-33 -20 -58 -6 -16 51 -5 -18 -94 13 1 0 -3 61 -3 -50 
-3 3 -1 0 34 3 0 -23 1 13 -14 -6 0 2 15 -2 
-2 0 5 0 0 0 5 1 0 -2 -5 -7 1 14 -1 0 
9 -2 14 1 -1 22 1 -18 -16 0 3 -10 15 -2 34 0 
7 0 23 -8 0 0 0 -20 31 -4 -29 2 14 22 -3 0 
-23 0 6 -10 4 1 -41 8 -4 0 9 -1 -11 15 -7 -5 
0 -2 -32 -2 15 3 0 -18 8 -1 12 0 6 -29 25 0 
1 0 -28 0 0 1 -40 4 11 -26 0 14 9 -13 8 0 
-7 -46 -1 -28 6 -1 5 0 2 0 20 -41 14 2 -7 -13 
0 4 1 1 -1 0 21 -15 5 1 -7 6 -26 -23 -34 -1 
-9 -1 -7 8 -1 0 -4 11 0 1 15 -36 14 5 0 -32 
-14 -5 -8 12 0 -13 5 0 2 -4 -18 -20 30 -5 9 -2 
17 -34 3 26 -5 12 -5 42 -8 -9 20 2 -7 -26 0 2 
29 9 4 7 -43 -8 1 -9 -49 0 -1 -8 -24 -2 -6 0 
1 -14 16 -6 24 -14 0 -30 0 0 1 -7 -11 0 -4 2 
5 0 -10 -7 0 -23 12 14 12 0 -3 -8 19 -1 14 3 
-3 18 -35 8 8 1 4 9 9 -39 9 -32 -3 8 0 -29 
-20 -3 0 -2 18 0 -35 0 1 -15 0 17 -2 -11 -40 24 
-2 3 -15 35 1 -5 -13 -4 8 1 -16 -4 3 0 -9 39 
-8 0 -16 -22 -44 -2 -2 21 1 9 -1 3 33 -6 -11 0 
-8 -8 7 15 7 10 -15 0 2 -28 1 2 -2 0 5 1 
-5 2 0 -34 0 -33 -41 3 -31 -19 -14 -1 -1 19 12 10 
3 5 -8 25 0 14 0 3 9 27 0 -26 1 -5 0 -34 
-5 -4 0 0 -1 -17 3 16 10 35 -31 5 27 -2 -5 -14 
3 -9 2 2 0 3 0 -2 -1 20 36 0 19 18 1 18 
22 4 1 0 -31 0 -32 -1 0 3 -4 0 0 -18 -2 -27 
52 -7 4 -4 -6 -1 -5 15 6 1 0 0 -1 14 -9 8 
-2 0 1 0 0 -5 24 34 7 -19 1 13 12 -2 12 -6 
1 -11 -8 1 14 -1 -11 -2 3 5 0 0 -24 0 -8 0 
-1 0 0 -9 -10 -2 -15 0 -32 -31 -9 -1 -5 -6 3 3 
-23 -3 4 -12 6 3 -5 6 9 -3 -5 39 -9 0 4 -29 
-8 -12 0 -11 -15 0 2 18 -7 0 -2 -10 -42 -17 -37 -6 
4 1 10 -1 5 -16 -25 2 -1 -1 -9 20 -45 1 0 -3 
0 -1 -35 1 -5 -2 -33 -6 0 8 0 -44 -3 -2 22 11 
-3 -11 -21 0 0 -3 -6 5 -6 0 -24 42 3 3 0 1 
-31 1 2 0 2 0 1 -16 1 -2 -24 2 22 0 10 -2 
-21 -1 -29 -18 -32 -21 -1 -1 -7 27 2 0 -2 34 -2 -12 
-3 4 0 0 28 8 0 -4 57 10 -25 -3 0 -9 -2 -13 
-1 0 7 0 0 0 -5 -2 0 1 -20 -9 19 -7 4 1 
-19 2 20 6 -5 -18 -30 -5 6 0 -2 35 -42 0 19 0 
5 0 -6 23 0 0 0 -4 -20 0 -52 0 44 -3 -39 8 
23 0 5 -3 -1 -18 47 -27 1 0 1 1 -19 72 -32 3 
-5 -4 19 1 -8 18 -5 1 15 -4 0 0 1 17 -31 0 
2 -2 16 0 0 0 -7 -8 3 0 -2 63 -20 26 -6 0 
30 30 -2 -32 -7 -24 18 -11 -1 0 22 -43 6 -13 -11 5 
0 3 2 0 7 -1 2 -16 -10 8 9 -2 20 10 3 6 
16 0 -8 0 6 -2 -4 -20 0 0 14 3 1 -9 -44 3 
5 0 4 15 11 28 12 -1 3 1 7 3 23 4 -15 14 
0 -11 1 -11 -5 9 14 29 4 -25 39 3 24 28 0 -34 
-3 -6 -36 32 -1 33 -1 1 46 0 1 7 2 -1 -6 0 
0 36 -3 -22 -43 3 0 2 8 -2 1 12 -5 1 -2 1 
0 0 5 1 0 32 17 20 25 0 -14 0 -33 0 -3 -9 
2 -40 31 -1 7 1 20 7 54 11 -8 12 -2 -6 0 45 
-7 3 0 3 -1 0 -28 2 -2 8 0 -26 -4 26 -34 16 
-7 -1 19 -3 0 -10 12 22 7 0 27 1 4 0 -12 24 
-36 0 2 -48 -25 3 -1 3 -1 7 1 3 -19 -19 13 0 
-27 -2 -4 29 -15 6 -20 0 1 25 0 1 17 1 -12 0 
8 0 2 27 0 29 4 14 -34 12 11 1 1 40 -9 -20 
-1 -18 -28 2 1 15 1 25 -1 1 0 2 0 10 0 20 
18 5 6 -1 15 12 -1 8 1 -21 11 4 -18 1 15 45 
-6 11 -3 3 -2 -10 16 3 0 31 1 0 -14 38 -42 24 
34 29 -1 0 19 1 12 4 -1 1 5 0 0 7 17 30 
-13 31 3 0 16 0 64 -18 -27 0 0 0 -1 -11 0 15 
-1 0 -16 6 0 1 9 18 14 -6 1 -20 -22 8 2 6 
-2 45 3 1 44 1 14 4 -5 -5 0 0 8 0 1 0 
3 -1 0 22 -8 0 -6 0 33 -17 -5 0 -1 32 3 0 
36 -10 -5 21 -10 -11 13 -13 -13 4 25 25 55 0 28 22 
39 14 -4 4 22 1 -2 -29 17 0 -2 -22 40 -28 -49 -14 
-36 -1 17 2 1 -58 10 0 2 -1 -18 -3 11 6 -4 -5 
-3 -3 64 23 4 -2 1 9 0 17 -4 60 -3 0 4 8 
-1 21 27 0 -19 -3 -1 6 7 0 -3 -27 -1 6 2 -39 
23 -1 2 0 -4 5 -1 -26 19 2 -2 9 2 0 -23 0 
-8 -16 48 13 34 12 6 10 17 -14 2 0 3 13 1 -9 
-2 1 0 3 5 -1 3 0 -1 -6 0 -2 1 -3 0 3 
0 0 -4 -3 7 -1 -4 5 -6 -4 -6 0 3 1 2 2 
-7 2 -2 1 -1 4 2 9 2 6 -5 1 0 -3 7 -7 
0 0 2 6 -4 -7 -2 4 4 -6 6 -5 -5 -6 4 -2 
-4 0 9 -4 3 6 1 -4 -3 -2 1 3 -3 0 4 3 
-5 1 3 -4 1 -1 3 1 -4 -7 0 2 -4 -1 -5 7 
13 -8 4 -4 14 -10 -6 -11 -2 7 -5 -16 29 -3 -6 5 
17 4 7 -1 -15 -2 0 30 -4 1 6 -2 19 19 7 -3 
16 4 -18 1 -32 9 1 -1 8 -12 -29 -33 13 10 13 -18 
-8 2 -7 12 -11 0 0 -3 -2 14 10 -2 -9 -6 5 17 
0 -5 -13 -18 16 -3 1 -12 -16 -2 5 8 10 9 1 10 
-5 -8 3 3 2 18 5 10 12 4 -2 -2 3 -7 14 8 
-6 5 2 6 4 -4 9 0 -5 -2 8 -1 -1 -4 1 -2 
-1 -2 -9 1 9 4 -1 -2 6 -12 -7 4 6 -6 4 -6 
-11 -1 0 3 5 -2 5 0 6 9 -2 1 2 -2 2 -3 
3 -3 -1 8 -1 -8 7 6 6 -12 -1 -5 -5 -8 -3 -2 
0 -3 2 -3 7 7 2 -2 4 4 0 11 -10 5 7 1 
-6 3 -1 2 2 -4 2 -4 -2 -3 -1 7 -5 -6 -13 0 
-4 3 -1 0 4 2 2 2 -1 -3 0 -3 1 -4 1 1 
-1 -2 -6 -1 3 2 -4 0 -2 -4 -2 2 5 0 -1 0 
-5 6 -2 -1 2 0 5 4 2 5 -3 2 -1 -1 5 -4 
-1 4 2 2 -4 -4 1 4 4 -5 3 -6 -5 -5 2 -3 
-1 -5 4 -3 3 5 -1 -2 -2 -4 0 1 -4 1 2 0 
-4 -2 2 2 2 1 3 -2 -1 -3 0 5 -1 -3 -4 6 
-5 0 3 1 5 -1 3 3 0 -5 1 -5 -1 -2 1 3 
0 -1 -4 0 5 -1 -4 2 -3 -3 -6 1 6 -4 2 -3 
-2 3 -4 3 0 -2 6 8 6 6 0 0 -1 1 4 -3 
0 -2 0 4 -6 -5 -2 2 2 -5 4 -8 -2 -3 0 -2 
-2 -5 2 -5 6 3 2 -2 0 -5 1 3 -4 3 3 -1 
-4 0 6 3 -2 0 5 -2 -4 -7 -3 2 -4 -1 -7 5 
-7 -1 -1 9 -4 9 -6 2 9 -7 -1 -19 3 -13 7 1 
-3 -7 0 7 6 -15 1 1 -12 5 1 -6 7 4 0 8 
-5 7 0 13 -2 -8 4 15 3 -1 1 4 -10 19 21 -5 
-2 -1 -10 0 -9 -9 -3 3 5 -7 7 -5 -4 2 21 -16 
-1 0 25 5 -8 11 2 -7 -5 -17 -3 -2 -14 -9 18 8 
-6 -10 14 3 4 2 0 6 0 -8 -16 0 9 5 3 2 
2 2 -2 -5 5 -5 6 6 -8 -11 -1 -9 -1 -1 -3 2 
0 -5 -9 0 20 2 -6 10 -3 -7 -1 9 3 5 0 5 
-8 13 3 6 9 -4 5 -5 2 3 2 2 4 -7 6 -9 
-9 0 -4 4 -12 -10 -8 3 0 2 -6 -21 -1 -1 3 -6 
3 -5 18 -3 -6 6 -4 2 2 -5 -1 -1 -16 -7 8 10 
3 -10 2 -10 -4 6 7 -7 -13 2 -4 9 -12 -2 -6 4 
-2 -1 1 7 -4 -5 4 10 -4 -4 -3 1 0 -5 -1 2 
-3 -14 -7 -3 7 -1 0 -5 -5 3 -7 6 5 -1 -2 2 
-5 12 -7 8 5 0 7 6 8 13 -2 1 1 -9 -1 -6 
-1 -4 -11 5 -4 -12 -3 6 9 -11 5 -3 -8 -9 -2 -3 
-3 1 4 -3 6 7 3 1 -1 -7 0 10 -2 6 10 -7 
-12 8 4 6 4 -2 3 4 9 -7 5 0 -7 -3 -16 4 
-10 14 -15 2 3 -14 9 -2 -11 9 37 -14 -10 9 9 -7 
2 0 13 -9 6 -3 -14 2 16 -11 -14 21 -11 7 19 -4 
4 -2 4 4 -3 6 6 -6 -1 2 -1 -4 4 6 18 16 
11 5 -1 22 29 12 12 -3 1 3 -18 7 19 14 -26 -4 
-5 10 -7 11 -18 0 -5 -2 -3 -15 -9 7 -3 3 -8 17 
42 -26 4 -2 -5 15 -11 2 -30 0 -38 -5 -2 2 7 14 
8 -1 7 -4 9 -3 3 -2 -4 -10 5 -2 4 0 9 9 
6 5 -2 0 5 12 -10 6 2 -4 -4 -6 4 -1 9 8 
3 -1 -2 7 -4 10 7 3 6 -1 5 -8 5 -2 1 -1 
-5 6 5 5 -9 -4 -2 7 6 -4 -8 -5 2 -5 2 2 
-8 0 -2 0 -3 4 -7 7 -10 -5 6 0 -6 10 0 0 
11 -2 11 3 6 1 3 -6 1 -1 -3 13 -7 -7 -7 3 
6 0 10 -2 13 3 6 -3 -3 -13 5 -5 -6 -1 5 10 
4 1 -8 5 6 6 -2 15 0 -6 -13 0 -4 -6 -1 -4 
-4 4 -2 4 -2 8 6 6 -2 4 5 1 3 6 4 -2 
1 10 11 4 -9 -4 6 4 6 -5 -4 -4 -9 -15 -8 -4 
1 -2 12 0 2 10 -6 0 1 -3 -4 7 -4 5 3 5 
-4 -10 0 6 4 0 8 6 8 -3 1 10 -11 0 -3 -3 
-2 -1 2 1 3 -1 3 3 -1 -2 2 -2 -1 -1 2 0 
2 -1 -3 0 4 -1 -2 3 -4 -5 -2 1 5 -2 -1 2 
-3 4 -3 -1 2 -1 3 4 2 6 -1 1 -1 -1 4 -3 
0 0 2 4 -3 -3 2 3 5 -5 2 -5 -4 -4 4 -2 
-1 -5 5 -4 2 4 1 -2 -1 -2 0 2 -4 3 3 0 
-2 0 2 2 0 -1 2 -1 0 -4 1 4 -2 -1 -5 5 
-6 0 0 1 5 -1 1 3 3 -6 -2 -1 0 -2 0 2 
3 -1 -6 -4 5 2 -3 -1 -4 -4 -5 -1 10 -1 -5 1 
-3 1 -6 3 5 3 6 4 5 5 1 4 -4 -2 7 -2 
-2 -1 -4 8 -6 -4 3 4 4 -4 -1 -3 -5 -5 4 0 
-5 -5 2 -6 1 8 2 -1 -3 -3 1 5 -8 3 3 2 
-2 -3 1 3 2 2 2 -2 -4 -8 1 1 2 -4 -7 7 
-7 4 0 6 0 -2 1 1 -1 -3 -1 -7 0 -9 6 -2 
-6 -5 -7 4 3 -1 -8 7 -6 -6 -6 -1 3 3 -3 2 
-6 2 -9 9 1 -4 4 7 4 7 -4 1 -2 1 5 -7 
3 -2 1 10 -2 -6 -1 5 3 -3 6 -2 -10 -10 1 -3 
-1 -3 13 -1 -1 9 0 -8 1 -10 -5 2 -10 6 12 4 
-1 -1 2 4 4 1 7 2 -6 -6 -3 -2 -3 1 -3 6 
6 -8 9 -5 2 10 16 1 -10 -7 5 -4 2 12 7 9 
2 4 -3 -2 7 -5 -11 11 13 -21 -6 2 8 18 15 -8 
-10 -2 4 9 0 7 0 4 12 12 -4 -3 4 5 -1 -7 
6 -3 7 7 1 -15 -6 -1 12 -1 -10 -20 10 10 2 -6 
-4 9 -7 4 -5 13 4 5 -7 2 -14 0 -8 9 12 5 
13 -17 13 -27 -3 -1 3 -30 7 2 -13 -3 1 -18 5 13 
-6 3 -6 6 5 -7 1 0 -1 -7 3 -1 -1 -4 3 3 
-5 -4 -2 -4 0 1 -4 7 0 -4 -9 9 -1 -8 5 3 
-6 3 -8 10 1 12 4 1 5 7 2 4 -3 3 4 -1 
-1 -4 0 5 4 -3 15 6 10 -10 -4 2 -10 -7 -7 -1 
0 -2 -2 -4 2 9 1 -3 -5 -3 1 4 -3 12 8 7 
6 -2 6 7 4 -4 0 -2 -2 -9 -2 10 -2 -7 -9 8 
-2 1 2 0 3 -3 2 2 -1 -2 1 -2 1 -1 2 1 
1 -2 -4 0 3 0 -1 2 -3 -4 -2 2 3 0 -1 1 
-3 4 -4 0 3 0 5 6 2 5 0 3 0 -1 4 -3 
-1 0 0 5 -4 -4 3 3 5 -4 2 -5 -2 -4 4 -1 
-1 -2 6 -3 2 3 2 -2 0 -5 2 4 -5 2 2 1 
-2 0 1 2 0 -1 2 2 1 -2 0 1 -1 -3 -4 3 
-21 -2 -17 -26 -5 -15 3 21 -11 4 -11 8 4 -11 4 9 
-15 -2 -18 3 11 14 -29 -7 0 -11 -4 24 -29 -3 28 23 
-6 36 -13 -1 7 17 -6 -22 -2 -2 -2 12 16 -15 2 -11 
-26 -12 13 1 -19 9 8 -23 1 -3 -12 1 23 -4 3 1 
0 -6 1 -7 11 -8 -7 1 2 3 0 11 -1 15 12 5 
16 5 -2 2 -8 1 13 -8 -27 3 10 18 -8 -18 -16 -3 
13 -27 2 2 3 5 2 1 -6 -3 1 10 14 23 -11 11 
4 -16 -5 5 -2 10 2 22 -5 17 1 -18 7 23 -9 2 
14 2 -18 19 -12 14 -9 15 15 -17 -21 -25 11 21 9 -20 
-13 -19 13 -7 -22 -11 16 -11 -9 11 9 2 -32 -9 -11 6 
4 8 -9 2 -1 -3 2 -29 9 -11 -7 10 1 0 5 4 
-24 -18 4 -7 21 -14 -9 -7 29 -17 3 4 -18 -7 -2 -2 
-3 -5 -2 -7 -4 -7 7 2 -3 -4 -7 -3 2 -12 0 7 
0 -4 -7 -1 9 2 -8 4 -9 -8 -2 2 2 2 -1 3 
4 19 -10 1 -1 -2 3 6 8 0 2 0 7 -8 3 -8 
-14 2 1 4 -15 -6 -5 -2 7 -5 6 -13 -6 -9 10 4 
3 -11 1 -3 11 4 -6 -2 0 -8 0 3 -4 -1 14 3 
2 -9 7 -1 5 0 -1 6 -8 -10 2 12 -6 -6 -6 2 
6 -7 9 -5 -3 11 -2 1 -4 -6 -8 18 5 5 5 0 
-13 17 4 -8 -1 -6 1 11 0 4 2 -11 -2 -12 -8 -1 
-7 -6 11 -6 15 -8 -3 1 3 -3 7 -4 12 2 -5 7 
-19 10 14 -12 -8 6 -14 -1 -2 4 16 4 11 -1 6 1 
8 11 4 -4 5 -4 -4 -4 13 8 -4 -10 4 -12 -12 -7 
-7 11 3 2 6 -3 -9 4 2 23 4 -3 3 8 7 -10 
-7 3 0 0 3 5 2 8 3 -6 9 -14 -5 -7 3 3 
5 0 -1 -2 4 -4 -3 0 -8 3 -6 -2 6 -5 0 -4 
-3 4 -1 8 2 -1 6 10 1 3 0 -2 -2 -1 13 -4 
2 3 0 6 1 -7 3 6 0 -4 0 -5 0 0 6 -7 
-12 -2 14 -2 -8 6 1 1 1 -9 5 7 -11 6 4 2 
6 2 5 6 -1 2 4 6 -4 -4 -6 5 3 -3 -9 9 
5 -3 4 8 6 3 18 1 -7 -2 11 3 -3 -2 -1 -3 
-10 -2 -9 -2 8 4 -10 5 11 -24 -9 9 4 3 9 -9 
-16 6 -4 7 4 6 1 -3 10 12 10 5 0 -1 -4 5 
3 -5 5 -1 0 -8 0 5 18 -9 -4 -12 -2 -2 -6 -1 
2 1 -4 5 7 14 6 -11 6 0 -12 7 -3 15 4 2 
-5 -4 2 -5 3 0 6 -16 -2 -3 -2 2 5 -13 -8 7 
-2 10 -10 -18 -2 0 12 0 0 -3 5 -2 3 -11 6 -4 
2 -10 -3 6 4 8 -13 -1 4 -7 -12 17 -8 -10 13 12 
6 24 1 -1 2 6 6 -3 2 8 -4 -9 3 -19 10 -2 
-8 3 13 7 -8 -6 -2 -7 2 2 -13 -10 14 -3 0 -1 
-6 -8 10 -1 -1 -7 -6 9 -2 -13 -4 7 4 0 5 7 
20 4 5 10 -1 4 7 11 -22 -8 -5 15 -4 0 -13 -1 
3 -1 10 -7 7 4 8 4 -1 -12 4 1 -2 -1 2 0 
-3 1 -5 -1 18 4 -9 9 5 -6 -3 8 5 0 -5 0 
-10 3 3 1 1 -9 8 1 7 11 5 5 2 -8 10 -2 
-7 8 3 5 -18 -13 -8 1 7 -7 0 -15 5 -12 3 -6 
-2 -9 7 -5 1 9 -1 -4 5 0 3 2 -6 -3 11 4 
0 -1 5 -5 3 1 8 -2 -4 -2 3 8 -4 7 -4 1 
1 4 9 -6 4 1 9 8 -1 -12 3 1 -3 3 6 6 
2 -2 -3 0 13 -1 -3 -3 4 -8 -6 -2 7 -5 -5 0 
-8 2 2 3 6 -8 4 2 4 4 1 6 -5 -11 6 -8 
-6 8 -3 4 -11 -12 -4 10 6 -5 -2 -20 0 -5 5 -10 
-3 -6 14 -11 -6 6 6 1 0 -1 7 9 -13 -3 3 -4 
-5 4 6 0 4 5 12 -3 -2 -1 9 -1 -4 1 -7 4 
2 0 -3 3 14 -2 5 1 -10 0 8 -10 3 -3 2 12 
3 1 -3 3 -4 8 -7 6 2 -7 -9 -5 5 -2 9 -7 
-5 -3 -4 5 -11 13 8 6 6 4 -2 -6 4 7 10 1 
3 12 2 13 -2 -1 5 5 4 -1 -8 4 0 -1 -3 2 
-7 -2 0 1 3 5 0 7 -14 3 5 4 -4 7 -1 5 
9 -2 7 6 -1 6 4 0 6 -2 -1 12 6 -7 3 5 
-3 -5 6 1 -4 7 0 2 1 -8 3 -3 4 -8 4 -3 
4 -4 -11 7 10 -2 -1 7 -12 -11 0 0 1 0 2 9 
-1 4 -4 5 8 -6 1 10 6 14 2 2 -7 3 7 -9 
-6 7 1 6 -17 -6 -4 4 -1 -4 5 -7 -1 -7 16 -8 
1 -5 15 -1 4 11 -1 -1 0 -7 1 -1 -9 -7 10 5 
1 -3 4 3 4 -2 6 -3 -10 -2 -3 -1 -6 3 -1 12 
-5 5 -1 -5 3 -1 6 4 -3 -6 6 -4 1 -9 0 6 
0 2 -5 2 7 5 -6 -1 -2 -1 -3 5 -3 -4 6 4 
-3 6 -7 7 -4 10 5 -1 0 8 -2 -5 -1 -3 0 -7 
-8 -1 2 5 -6 -7 5 -1 2 -3 -3 -3 -6 -7 0 1 
-3 -6 0 0 7 3 -2 0 -6 -4 1 0 -8 3 6 8 
5 -5 8 3 1 2 2 -2 -7 -5 -1 7 -6 -8 -6 5 
-2 3 0 -2 4 -1 7 -1 -6 -8 0 -4 2 -1 4 4 
1 2 -2 0 8 -2 -4 7 -4 -5 -6 1 8 1 4 2 
-3 5 1 2 -3 0 8 5 7 3 4 -1 3 -1 5 -8 
-1 6 1 5 -4 -4 5 4 4 -3 1 -7 -1 -5 7 -3 
-3 -2 7 -5 4 6 -1 -2 3 -1 4 -1 -9 4 6 1 
2 -3 5 -2 6 -5 3 -5 2 -5 -5 5 -7 0 -6 2 
-2 3 4 4 3 2 3 5 -5 0 1 -7 -3 -6 2 1 
-4 -2 -4 2 5 1 -7 7 -3 -1 -5 3 10 0 1 1 
-2 9 -4 2 4 -7 1 4 9 9 2 -3 2 -4 7 -6 
4 0 0 6 -2 -4 -1 5 4 -3 6 -9 1 -7 4 -4 
-6 -4 10 -5 1 4 1 -7 4 -9 -5 4 -7 2 11 1 
-3 -2 -2 4 2 3 4 4 -1 -5 2 1 -1 -2 -10 4 
-8 1 -4 0 4 7 2 4 -2 -9 -1 -8 -1 -5 -1 12 
1 -1 -4 -5 1 2 -3 -3 3 0 0 2 -3 -15 11 9 
4 6 -9 9 6 11 13 9 2 -1 -7 -5 8 -7 6 -6 
0 3 11 0 -5 -1 15 1 5 -10 -8 9 -6 -12 -8 3 
-6 -5 5 2 9 3 6 -1 -4 -4 11 1 0 14 0 1 
2 2 3 17 6 4 3 7 1 -6 3 23 -3 -8 -15 3 
-3 0 4 5 7 -2 1 0 1 -1 4 -6 -3 -4 4 3 
0 -3 -4 4 5 1 1 -1 -4 -7 -8 5 4 2 -1 2 
-7 4 -5 2 1 1 7 3 6 10 -1 5 0 1 0 -2 
1 4 -4 4 -6 -8 6 1 4 -5 1 -7 -6 -5 -2 1 
-4 -6 5 -1 3 9 -1 -1 -3 -2 -2 5 -10 6 4 2 
-2 3 1 -2 -1 -4 2 3 1 -8 3 8 -2 -4 -10 6 
6 17 -1 -17 5 14 3 4 -11 -3 10 -17 -1 5 7 10 
13 12 10 11 -5 16 -5 -7 7 7 -2 -15 -8 -25 24 8 
-2 -7 -10 8 -9 16 22 5 -13 6 -9 -6 2 -2 -5 7 
-14 12 20 5 2 6 2 -5 -3 -4 -17 10 8 -8 -2 -4 
-8 -6 7 0 -9 -6 -4 30 -27 4 14 -8 5 19 -3 0 
31 14 11 14 -6 3 15 12 -4 1 8 21 6 -5 -12 6 
-7 1 -3 -8 6 -5 7 6 -2 -1 1 -5 5 -10 -1 -2 
-1 -8 -7 1 5 7 -8 -3 -2 1 2 0 5 -3 4 7 
2 6 -4 2 -5 8 11 13 9 4 -11 2 0 -13 11 -7 
-2 -6 6 5 -2 -2 4 4 -2 -5 1 -4 -1 -8 1 4 
-5 -2 1 -1 5 3 1 7 -3 -13 7 6 -1 8 8 -3 
4 2 4 7 4 7 8 3 0 -8 2 13 1 -8 -5 6 
-4 -2 0 0 5 -4 5 1 -3 0 1 0 -2 -3 4 2 
-2 -4 -3 0 1 3 -2 5 -5 -6 -3 0 5 1 2 -2 
-2 5 -4 3 0 -2 5 6 5 6 1 1 0 1 2 -3 
-3 4 1 4 -2 -6 0 3 3 -6 4 -8 -3 -5 4 -1 
-4 0 7 -3 2 6 0 -1 0 -6 3 3 -8 2 5 1 
-4 0 2 3 0 0 2 -2 -2 -4 1 3 -3 -1 -4 6 

