343 -257 -185 -175 226 -395 -582 313 238 322 333 -166 -33 423 -241 385 
-137 -13 -59 -50 63 -73 45 -70 -42 49 64 -71 118 87 -33 -26 
61 68 23 35 -60 -156 76 -110 -12 -18 91 -108 30 -7 -58 -13 
38 -73 4 76 83 -5 105 169 -59 -107 67 71 -106 -169 -38 -47 
16 -37 31 92 6 -130 13 36 1 -12 -68 40 -43 74 -32 -181 
19 51 -27 -92 121 57 159 32 0 0 0 0 0 0 0 0 
48 -73 -88 -33 46 61 59 24 26 108 -71 33 86 72 90 -27 
-53 -31 -23 -12 -29 -22 -21 -82 19 54 44 -1 86 4 4 55 
94 68 -48 -30 48 17 -24 125 152 -26 51 36 -55 -105 -25 -58 
35 -48 -27 -111 137 80 68 42 84 128 -34 122 25 -110 -26 59 
100 -118 41 86 -28 -100 -18 -22 0 0 0 0 0 0 0 0 
-91 103 145 -54 92 -93 63 -50 -65 57 78 -68 -54 2 -112 68 
-79 32 5 13 -130 13 106 -151 26 14 -1 92 40 -43 -50 39 
-27 33 49 42 79 -21 90 69 -50 79 -69 -160 12 17 -81 -82 
29 -54 38 -16 68 -136 24 76 3 115 31 -14 -152 -71 -61 25 
42 -11 178 -55 -22 -31 -29 -13 133 -16 17 -29 -18 26 119 0 
-103 -179 -40 10 20 155 -59 -85 0 0 0 0 0 0 0 0 
49 36 63 -28 72 77 37 -28 -97 7 4 -22 116 -111 -29 -41 
-159 -20 78 2 -164 165 -152 -62 -25 -6 -105 -124 1 -53 69 -57 
-182 0 89 -1 105 -25 45 -11 132 2 84 -17 163 -193 56 -92 
98 -43 49 -57 180 -88 -185 66 -125 -61 61 46 47 7 94 16 
156 -3 -125 -142 -23 -69 -74 40 50 91 -86 23 -26 105 136 89 
-55 -1 8 -87 -72 103 -13 117 0 0 0 0 0 0 0 0 
7 -35 173 13 -171 -40 -170 -215 111 71 72 -49 106 -181 -85 338 
155 105 -50 164 192 102 63 253 -50 -33 -76 -121 -186 35 -219 111 
-18 107 146 -172 -184 129 42 -86 86 72 -60 -136 81 108 -68 -100 
55 117 -60 145 -359 -121 -93 177 140 -131 71 112 -236 129 7 -81 
-80 147 -102 -29 111 16 79 -35 153 310 366 -154 29 94 229 19 
-149 -116 -147 -155 143 304 190 127 9 5 84 -243 210 -203 -152 156 
-145 112 -117 39 44 144 -110 -37 133 74 -4 -69 165 8 -54 -112 
300 123 257 -12 298 18 -73 -141 -145 -124 145 255 -10 -51 128 117 
67 61 3 49 -335 100 80 -387 -77 24 -132 73 61 -44 -243 -160 
132 -3 -99 -284 189 104 -35 68 41 41 -53 170 120 128 5 -29 
43 -66 161 -1 -122 30 294 -262 34 -74 81 -231 -323 -259 287 72 
114 120 -23 -176 255 -142 148 -251 68 116 -151 42 4 -107 -12 -140 
-58 16 109 -208 -235 -160 103 -146 -42 170 145 -41 56 -23 102 194 
143 3 83 213 207 -305 25 -209 -10 -21 -64 -87 -285 166 100 -9 
94 94 -209 -239 -164 -86 119 140 45 89 -195 -67 -180 170 114 -63 
-132 286 -79 -87 -39 -178 -26 -151 246 -215 9 -89 64 -216 123 36 
240 108 27 -136 -7 327 128 -66 117 -104 32 -40 72 103 -163 -162 
-46 -165 -36 -15 -66 -109 -153 -78 129 -37 33 40 174 47 -157 11 
-195 44 55 -70 11 35 97 36 -17 -4 -40 44 -20 82 145 -51 
148 228 19 85 -67 -50 31 -12 -158 117 -135 25 -40 -3 -67 15 
-76 141 -24 51 128 146 71 139 -58 -133 -4 181 71 -57 -32 -95 
137 4 76 39 -22 161 148 -68 26 -18 -133 -114 187 139 -1 -125 
-32 -77 -91 103 -10 67 141 -102 50 148 89 87 38 84 -70 70 
66 108 55 71 103 -58 -70 -14 17 110 -26 -60 -31 27 183 -5 
81 28 70 5 -11 117 135 -157 -102 -130 -78 65 -21 138 -43 -91 
110 -13 149 47 -42 -135 -53 92 -62 87 19 25 -40 81 145 24 
106 -7 97 6 -213 -10 45 21 98 -141 73 -6 59 18 77 -26 
65 12 49 -2 129 56 100 -67 17 21 30 82 16 67 137 -48 
58 164 116 36 18 -146 -89 -4 155 -8 57 90 -9 -92 -107 27 
-6 35 -221 29 85 -199 -121 -76 58 -231 8 11 159 -54 -15 137 
6 -42 75 -72 10 -29 3 -26 -99 95 127 -7 -160 -76 85 149 
78 -16 110 118 59 68 -1 143 -99 60 -17 121 -2 -26 87 31 
61 65 -192 -117 -4 -29 145 -100 -64 -138 -110 16 44 -164 104 -16 
35 -3 -83 -15 -38 20 -37 -29 13 12 -68 -68 33 23 31 -172 
-15 -49 -41 -106 -46 142 59 67 -52 113 98 -26 122 25 -126 71 
24 -19 -2 66 140 -80 41 66 -12 -27 -17 -20 39 -17 -77 -99 
12 -20 70 72 100 3 -38 -71 -49 70 123 -47 84 -64 27 1 
-11 5 -9 88 -101 67 -49 26 -78 15 3 45 60 -89 -74 100 
-43 -63 -135 27 -57 -19 159 2 -141 91 -27 11 39 -3 56 112 
-4 -131 -116 55 44 81 -65 -79 -30 53 0 85 28 -71 -94 -55 
-8 53 53 28 42 -90 -169 -25 46 -37 -50 -86 81 -41 -5 97 
31 -98 22 34 -26 -80 40 0 -61 109 -109 53 -46 19 -35 -37 
-40 -35 75 -41 80 34 -15 -167 5 -159 -20 -99 -15 91 161 -31 
-122 -21 -45 -84 -43 99 -91 -47 -123 116 -3 -1 -52 -84 4 -135 
7 10 43 66 88 -13 18 106 -64 -133 44 -68 105 -112 24 -36 
113 57 -108 -16 -45 -25 48 -38 30 -15 0 143 -116 -133 112 7 
45 -22 -50 39 -30 -80 -57 58 -62 -37 -53 -105 64 -178 -112 -73 
-60 15 42 58 67 -135 -42 -31 20 37 -115 -59 45 -121 159 5 
-9 23 63 -187 -45 -48 -14 -6 57 -82 86 -58 -12 -49 76 -15 
-59 144 -56 30 -139 -210 -48 -179 91 -14 -41 16 -138 81 178 -8 
79 -132 108 215 -99 66 -55 -25 -27 31 -132 94 -70 129 38 -83 
-22 -26 -110 -35 -28 90 -21 -9 55 -85 116 -5 -20 -27 -34 13 
48 3 85 -43 -65 -85 24 -11 112 -8 76 -59 -68 88 205 75 
-71 72 116 -134 112 67 -66 44 -22 80 32 130 -36 -100 59 62 
93 14 0 -54 69 -99 44 8 -35 -123 89 -138 -14 106 -55 18 
2 -34 -108 -158 -155 23 -54 63 66 36 -94 -146 39 157 50 -92 
-97 73 1 -11 70 77 -35 -27 56 -87 90 -27 -38 -34 -30 -5 
51 113 17 52 130 56 11 38 -141 56 15 47 133 63 -79 1 
185 39 17 -21 -22 -113 -98 -68 -105 92 129 -47 -78 146 97 -201 
-78 -69 -42 -109 47 -57 -34 -126 -55 36 -17 -25 -39 -51 -121 20 
-97 -89 119 19 -50 50 -127 83 -241 124 -97 5 -25 74 48 -5 
-22 19 7 47 98 43 138 70 36 81 76 -65 -9 -1 26 62 
-36 -2 -40 -176 20 101 -97 22 20 76 51 4 -95 170 -67 28 
-197 -138 -69 6 79 57 104 -5 -194 79 -51 77 187 191 60 -89 
-16 -52 23 75 -125 118 -8 104 202 -104 -23 -121 -154 7 -56 -39 
-87 15 -65 -65 239 -19 -27 -16 203 -15 -52 -56 -43 101 156 125 
-36 -113 -15 89 -73 -75 16 -104 -132 -87 37 36 147 45 -141 -69 
-84 -11 169 21 273 -80 8 157 61 -23 -54 130 154 23 -123 39 
-72 -17 11 2 215 63 43 -31 -18 -142 -214 239 -34 61 -149 110 
-26 84 81 25 134 18 -83 163 -228 148 36 -183 -26 -53 -36 115 
30 137 124 46 36 -65 -89 -67 -38 106 29 28 154 -52 39 -126 
-37 -80 207 -13 161 167 229 -6 -61 -150 64 -157 -65 99 98 78 
18 53 10 -60 107 -130 -110 183 265 79 57 54 61 -85 126 -111 
27 115 128 -156 235 -40 95 135 -80 97 73 -108 59 248 -99 -13 
-89 38 95 -92 26 116 82 83 -21 179 4 -55 37 -138 47 32 
40 235 185 -140 155 24 45 130 -103 89 39 144 130 53 -91 114 
43 -115 90 -99 46 29 114 -16 -98 42 4 191 50 139 180 -42 
28 78 -243 8 -193 -83 61 38 -152 49 -275 -109 143 100 -86 192 
-31 -94 -151 26 -28 -93 34 33 -49 59 59 15 118 105 -3 -21 
-17 120 -72 4 17 -92 52 -48 -137 89 -89 25 4 -7 -159 -74 
-40 -171 62 85 -68 -117 80 -83 12 46 -111 15 -50 -29 -58 144 
-137 6 96 -20 -48 -75 126 111 -4 68 -51 79 41 -7 -62 36 
-48 9 -14 -45 -15 -35 72 -18 -58 147 4 18 -83 -15 26 -13 
33 -88 -85 15 25 -48 77 38 -14 48 -49 86 54 -61 11 52 
-22 0 0 159 -22 -55 -124 -11 65 -28 -112 90 54 76 -151 -24 
-22 11 -73 -4 -63 39 -66 -67 -88 -165 -33 104 -71 -35 85 32 
33 -23 -33 85 -14 -84 -38 -70 -5 -23 -85 61 -86 33 -96 29 
-81 28 10 -64 9 32 -54 -159 13 -28 18 70 -38 97 -102 26 
54 -74 37 0 5 4 75 85 -50 -97 90 -73 -56 15 -106 44 
104 -96 48 -2 7 -77 -22 9 16 16 -3 -151 -110 -15 -7 -91 
-130 41 8 50 -46 -69 -10 -67 -76 23 -97 -85 -58 143 -133 -6 
-50 -16 33 -72 -32 -69 -9 71 -17 89 -78 -30 -20 84 54 15 
-88 27 56 -12 83 -13 -49 -1 58 -51 -61 30 103 -64 -105 -56 
53 83 -13 108 -94 -42 22 -88 51 -49 -32 6 -17 -72 14 49 
-3 -86 -69 -21 -95 -9 -74 -29 -6 50 -31 66 -40 66 106 83 
-131 -67 -5 14 20 -130 4 147 50 -117 22 8 51 1 -121 34 
-104 -50 -11 107 22 -17 82 -48 -5 175 -118 -88 133 -117 94 93 
84 83 -42 -30 77 41 31 -98 73 63 36 -108 76 -75 -126 80 
-54 -55 37 7 -142 -19 -52 -12 -104 24 65 -116 -5 36 40 -63 
150 29 95 130 -19 -56 149 -105 -5 63 28 26 -44 103 71 -86 
-123 94 26 -19 -4 -42 -63 19 47 -78 104 17 31 16 9 5 
-67 -39 -52 76 -77 109 -25 37 11 -80 -71 -43 95 -63 -11 -36 
-1 -69 -43 -67 53 29 71 -6 1 122 -33 -56 -82 -10 76 42 
67 84 13 -106 -59 13 -52 -117 20 39 -17 100 -35 -43 6 -12 
11 96 12 -9 32 -8 124 -32 -14 118 33 26 -30 -81 36 81 
-58 12 60 2 37 -31 -11 -73 98 99 -40 -58 135 42 19 -49 
79 -24 -35 18 -80 59 -3 -21 -145 -85 -30 14 -44 143 -40 147 
-25 3 20 39 2 -5 103 28 115 114 33 70 37 63 48 -20 
-26 316 -23 -18 197 107 -108 94 10 222 -104 -83 145 17 -99 -74 
-144 -116 38 96 -121 -37 -50 126 -205 238 -27 -49 29 -217 120 -219 
-221 38 128 59 -50 115 -40 38 -82 -1 39 34 278 -269 22 -10 
117 -221 -126 91 -38 141 -126 206 -161 38 -180 64 127 88 -59 136 
-67 -177 233 108 -131 -56 -9 46 86 114 164 -327 14 -19 -114 126 
148 -30 145 91 -104 96 134 -90 36 -77 -128 -60 -103 91 -47 7 
-18 -211 39 40 -51 -82 132 -119 2 107 188 211 -59 13 -19 69 
-3 18 -93 6 -177 163 85 -171 0 0 0 0 0 0 0 0 
6 41 -77 64 56 50 -154 222 -80 266 -137 -209 -46 23 29 -167 
-63 -143 112 -139 17 50 -121 194 -67 -192 173 46 -48 50 -54 -110 
101 112 -217 74 116 -79 278 97 -125 -132 12 112 70 -50 -16 70 
8 -202 -72 48 68 45 228 -296 -55 -9 145 -222 63 -74 35 174 
88 144 149 149 -78 -61 141 -59 -114 120 185 185 14 -111 164 -102 
-42 98 89 103 -165 58 145 177 -156 -148 149 -23 -15 146 -301 -115 
-2 11 102 32 54 -134 105 55 163 -159 105 -66 -192 -64 222 10 
-120 263 -212 -106 -23 -96 -223 73 0 0 0 0 0 0 0 0 
157 97 -58 -49 -160 118 61 238 -337 -304 172 71 -370 61 -179 -98 
-14 141 -28 -32 -32 188 -111 -78 67 -127 -32 -172 -49 -227 126 -128 
-39 -166 -14 -81 -36 -15 -114 -47 -58 159 -20 -226 163 180 -65 -50 
284 -237 14 -85 218 90 -14 -37 244 -3 -162 -84 -110 49 -157 72 
-128 -106 204 -27 -33 201 158 -147 167 -124 90 -53 225 -16 -34 -161 
42 -263 -77 139 43 127 -80 -35 -69 69 -198 -28 -190 298 104 -96 
233 111 -91 -109 167 44 73 -40 -215 -56 -105 119 -43 -34 -146 190 
-29 59 -14 198 231 69 46 148 0 0 0 0 0 0 0 0 
44 -92 76 154 62 97 33 -95 -71 -2 -43 -135 -129 -30 91 11 
-80 242 -84 28 -101 -5 25 20 88 -5 -126 118 -123 -19 -112 40 
181 -54 -115 -163 -64 103 1 -98 115 111 -94 56 -181 -106 13 -36 
155 -2 -101 -178 99 224 -74 77 13 79 78 -135 -148 -78 -80 -107 
39 70 -141 -1 131 -70 -46 -54 71 -97 -87 -10 43 -39 -137 76 
85 100 100 -102 99 124 29 45 131 -50 216 -19 -61 -9 1 -49 
-79 90 -79 19 50 -54 45 -60 -30 70 126 2 40 43 69 -101 
-4 -74 -86 -74 4 64 47 -23 89 -52 -53 7 148 -144 -41 53 
103 -61 -12 -44 120 -57 92 -4 14 -120 6 96 3 26 -83 19 
-118 45 27 -25 -40 -58 -81 70 26 -36 22 -52 -143 107 -149 -110 
-135 -91 49 25 -60 52 52 -91 -43 -24 74 14 -157 123 22 130 
-113 2 23 -40 46 1 -11 -90 102 105 12 -86 20 125 -32 16 
-3 -26 -122 39 -56 19 -48 58 15 82 -92 58 28 48 76 19 
-126 -73 -68 -138 27 -79 39 19 -72 -52 -73 -37 57 184 76 142 
-158 28 75 -35 -60 -148 80 -104 64 48 -32 -81 -79 75 176 -61 
105 19 -46 -110 -126 32 -182 96 63 -17 -51 -66 -71 24 -91 -72 
-90 96 -121 -80 -90 -58 -5 -39 -91 -50 38 41 48 -69 32 -22 
-124 -42 12 52 -34 36 -99 -117 -83 -64 61 -127 -31 122 39 -1 
187 97 -42 -13 -92 80 88 172 -37 96 147 -118 -209 -114 -144 -58 
-100 28 -1 71 36 73 73 96 -71 -126 -157 -46 -101 32 -39 63 
7 68 57 35 213 173 -209 -95 -24 99 283 161 -37 41 130 102 
-10 -143 -126 66 81 -143 128 48 -50 -257 14 174 -161 -9 159 -171 
-159 -94 -114 -24 -12 113 1 142 -45 -190 -151 203 116 -126 -89 -16 
38 193 149 -177 39 -15 44 132 -38 -134 -8 119 -245 -144 49 141 
-201 -60 -59 -15 70 -71 -91 66 9 84 12 -145 -170 33 -103 92 
-8 228 -25 100 -14 -44 75 22 -145 -100 4 -169 -233 -55 76 -25 
46 -14 76 -154 -177 18 -142 -80 58 141 -255 -27 137 -183 -104 -124 
-53 -123 81 10 -30 -23 15 48 11 42 11 -23 -8 25 -58 37 
101 13 -23 -73 93 29 125 183 -68 -3 25 -89 -38 18 -15 33 
74 -94 -158 24 79 35 -47 2 48 74 -45 57 -52 -23 -70 118 
-63 -46 59 -37 -86 -55 -32 54 -42 -16 59 18 -186 -15 -94 -72 
-43 37 37 50 24 -76 34 3 -62 -39 -134 -74 25 -21 -50 -28 
55 61 -96 -59 154 -128 -21 94 145 -26 -63 -83 24 -77 -123 47 
-67 -64 85 -60 -122 -50 -129 -9 -80 59 -71 61 97 -104 176 68 
-25 -20 -24 -10 -5 0 53 52 -41 14 -5 -14 41 60 50 -69 
-122 81 -29 -24 1 -30 10 -22 44 89 -2 10 8 -68 25 -36 
-6 -113 94 -51 -29 -11 36 -82 92 -38 108 -39 77 -82 -32 -141 
32 19 -48 -54 -3 -6 -122 -41 87 82 -6 -78 18 -32 28 -25 
71 81 -27 -70 16 51 57 55 118 35 -12 71 22 -82 72 -108 
-58 -153 -14 11 84 -68 102 68 -31 19 -43 28 -44 70 18 -9 
-48 71 30 54 -85 -46 -38 -122 -92 3 -14 -24 98 80 -52 0 
100 145 30 -4 -71 -7 -100 67 14 118 -35 -40 -51 34 1 -82 
19 -13 -105 -93 -76 76 -15 39 20 -36 -64 33 -93 102 -4 -2 
3 30 43 -21 -55 -98 38 -159 -20 18 115 97 48 -17 -32 -53 
-33 -79 59 84 23 52 -74 -3 -30 43 -44 83 -53 4 65 33 
26 -111 -61 77 4 12 45 -74 27 60 -51 105 87 -103 46 107 
76 30 46 -63 -76 51 -128 -96 30 -8 4 123 44 121 -147 -179 
-77 -10 85 42 -229 -2 1 -22 37 -127 8 57 105 -28 -63 -79 
-26 -68 153 -7 -108 -100 -100 -39 44 76 -13 25 -28 36 -17 40 
61 35 23 46 -7 14 117 -33 -46 10 99 25 -37 124 12 -26 
32 -73 -4 -106 -7 84 39 77 -15 146 -66 51 84 -152 -20 -6 
-42 -69 160 44 96 -151 44 -42 -31 18 39 -71 -28 -48 -8 45 
40 -82 -86 96 -15 -139 61 22 1 -27 93 104 -25 51 -34 11 
82 58 -130 125 8 65 89 43 -17 20 23 -2 -137 138 93 -124 
-8 -20 -46 86 99 30 75 -108 -30 64 -34 167 -67 -23 13 -69 
141 55 47 87 27 -77 125 69 88 -41 23 -137 31 -14 -46 -38 
-153 -49 72 -87 178 108 -73 -44 105 22 -42 -42 -26 49 14 173 
65 -2 -41 38 88 52 67 118 84 -120 -161 -28 -34 -29 11 -51 
-35 -125 -141 97 87 8 -1 -62 -34 80 -96 129 98 -79 49 -10 
-96 163 -36 64 -50 -11 40 20 -44 61 55 60 77 -33 -39 29 
-61 -197 59 29 33 42 -79 34 -31 -161 75 18 175 22 -222 78 
35 140 -87 151 0 63 -115 -31 14 -8 97 -65 102 -69 232 -2 
-68 60 -131 -52 14 -2 -134 -72 108 78 129 124 52 -6 -20 32 
122 84 12 -54 -25 51 -20 32 -11 -1 15 -36 -7 86 78 -11 
44 -65 -38 -78 41 56 -50 5 -49 59 4 45 119 -61 10 -34 
22 -81 -53 -5 53 -14 117 -14 -52 -61 40 -26 36 -43 35 -30 
96 -7 -56 39 -48 -13 -35 63 32 54 -61 -33 7 -29 -13 0 
-8 -13 -19 -73 -22 -18 -1 -41 -18 92 44 -34 37 29 95 -30 
-78 -14 1 17 -29 52 -73 -89 7 -19 -19 84 37 -8 -24 21 
-56 -57 21 -62 83 -7 70 -74 25 -6 -65 -111 69 -30 31 69 
18 -19 -23 -50 70 82 12 -20 20 -47 6 22 -18 -41 14 -38 
-15 54 36 5 -108 9 -44 24 4 -3 49 -62 -31 -25 -50 -27 
64 82 -7 28 -31 42 -92 45 -9 34 -76 -1 -33 -43 -40 86 
-62 -5 88 58 -45 19 62 5 -53 -74 19 -17 24 63 -57 -7 
-15 -10 85 -18 51 -44 -1 13 -95 103 58 24 -36 -58 63 14 
-3 63 -17 33 -40 -6 13 -9 -17 -27 12 -60 0 -11 4 22 
-44 -62 -2 -78 -51 -27 38 30 -44 13 19 -16 -65 -89 14 54 
-56 -21 15 -37 -18 -7 -26 -2 48 -55 39 97 11 28 -32 -19 
3 1 -1 102 20 -100 50 -55 58 39 -26 34 -7 -24 -73 -82 
41 10 35 18 -73 25 1 166 -13 -100 -16 -1 -47 13 -29 -93 
29 1 -17 40 12 -60 33 -2 -121 -17 -42 38 5 111 -14 51 
-7 -15 -90 -8 13 -97 44 3 51 -8 -64 -26 -33 0 18 -84 
176 -33 32 -110 14 -38 81 -77 -64 41 -44 126 23 -16 -30 97 
101 -22 149 3 -13 -105 36 144 1 -54 68 49 154 15 11 73 
31 -32 -62 31 88 14 -145 -36 -39 -19 14 -53 99 -22 -38 -55 
-40 148 31 90 -105 -131 16 105 -72 129 -6 -17 33 -29 12 -40 
-33 45 -114 -83 6 0 101 1 42 3 34 -66 47 50 -38 110 
-41 18 62 106 -130 -204 1 -125 117 9 -102 -130 67 118 58 -27 
-82 -81 -85 46 -65 -25 25 20 -39 -42 6 -3 -92 -117 89 -88 
-74 67 -75 73 13 89 86 -117 -19 -46 193 165 -151 -29 -131 -24 
91 -123 -36 54 43 -80 -59 -1 -83 -74 -50 26 16 42 -195 -88 
-29 66 12 -8 42 51 30 83 6 -85 -96 -63 -34 148 25 -19 
65 22 7 -50 -17 166 26 -3 122 28 -42 -44 -120 46 -45 68 
-12 -57 84 -1 146 36 -136 58 -25 -52 0 -21 -92 -4 87 53 
-31 57 -42 32 -36 -18 -66 -65 18 81 -15 -14 -39 89 47 -30 
89 -4 46 -11 130 60 -29 19 -102 -92 -15 -46 11 -2 19 84 
-32 -30 43 -20 0 -30 43 96 42 -113 -75 -6 -25 3 -63 -33 
-7 127 41 12 -2 -112 9 -97 85 -36 20 30 -40 -36 -108 -78 
-24 12 21 -28 3 -17 4 -59 15 -44 24 -52 65 5 145 65 
0 15 17 -87 115 72 23 -109 107 -20 76 -101 173 -24 -31 -86 
-3 105 5 -17 27 -85 19 137 -3 90 -18 -33 8 -52 -145 -47 
-43 14 -99 18 -72 122 -170 -120 -84 21 173 109 -11 -57 84 -32 
67 156 26 -64 -10 -186 135 -23 -36 -106 131 45 67 62 -40 -37 
24 -38 -6 -2 80 4 61 -69 -116 27 -100 84 -49 -91 -166 -82 
85 56 -95 -42 68 -68 -76 -8 16 -2 -152 85 54 16 -48 -69 
66 125 -107 15 47 -6 67 51 -2 43 -42 26 0 46 -39 -118 
-16 -133 -44 -27 -58 -11 -74 -16 -6 -23 -43 127 -65 39 -85 2 
-56 -170 -35 11 -29 -105 -14 79 -74 63 -72 -93 -27 26 -82 67 
-18 -26 63 120 -35 149 145 134 49 -55 -102 -140 -11 54 70 -29 
61 92 8 49 -143 -43 41 9 19 45 1 -12 -25 9 29 -47 
-48 -25 -82 45 30 -139 6 -40 -33 78 -91 -43 54 37 -85 -1 
6 -86 -113 86 -36 18 -166 23 176 -105 174 29 37 -36 -112 6 
-65 139 -78 94 38 -73 -190 4 12 -17 -17 13 48 -39 -87 35 
-12 48 91 109 40 -40 71 -4 -104 -44 111 -111 84 11 -16 -28 
148 -57 -51 15 6 107 234 30 -113 -112 -63 41 38 119 68 141 
17 -29 59 -189 111 78 101 56 51 8 -64 -52 -87 -72 28 80 
-38 32 -17 32 83 37 -30 130 142 -63 84 169 144 -182 -4 -172 
27 76 -20 108 -105 117 -16 73 -118 101 3 4 50 -55 -49 1 
-86 -3 133 -22 113 14 4 21 14 -46 23 20 -148 171 -48 -82 
-32 38 -49 11 -22 98 -54 -133 115 9 86 -38 -119 -54 33 54 
-54 108 -52 39 -27 18 124 -26 123 -14 -29 -70 -73 -63 98 119 
1 -131 2 109 -145 -90 48 -143 -5 -114 42 1 -54 -72 -19 -72 
-67 -64 9 16 182 -83 43 93 103 50 -36 115 118 30 13 13 
22 5 97 -189 -2 74 -37 -91 45 75 34 18 91 -169 -36 129 
-23 -36 -6 146 7 -102 77 35 -35 -55 -12 35 -32 117 59 38 
-34 3 71 24 -119 -99 44 -101 5 1 -80 -35 -60 24 -41 -32 
104 23 63 -23 -60 23 14 -75 -4 88 27 81 78 -132 110 17 
-59 -12 -9 33 -117 23 -28 -60 40 43 46 -15 -87 -1 -150 37 
76 56 1 -38 50 -17 -38 -77 -25 -22 -54 -14 -87 -121 64 -60 
151 13 -2 44 76 -72 64 68 23 56 -132 -44 -2 -53 -46 55 
31 -106 51 53 10 -51 100 -63 -29 -70 12 56 116 147 -34 -42 
28 101 20 -28 -17 -113 -103 73 40 179 -5 -40 -43 -11 -22 28 
10 -73 61 -76 -21 94 54 135 -5 -37 42 -11 35 40 -7 -19 
49 34 -47 -43 -49 141 -53 -23 -38 43 91 117 11 118 122 -62 
10 -79 49 91 44 58 -113 -3 3 35 -179 -26 -70 -47 -58 91 
47 1 -34 69 -113 8 -18 86 -61 70 51 20 -43 71 34 45 
17 -72 19 35 18 43 -5 85 32 45 47 84 14 0 5 10 
1 43 -24 -23 -16 -10 60 77 -3 0 -23 94 0 5 32 49 
-76 -51 15 -35 -22 -14 34 -20 -31 -17 -28 -20 -46 54 16 -8 
59 -22 -24 16 41 25 -41 22 17 40 94 56 -56 103 -6 49 
-23 -47 -3 -28 -24 15 44 -1 17 50 -41 -25 -32 -32 84 6 
-30 -38 46 7 20 54 86 69 -12 -52 51 29 39 -6 -69 -4 
75 -106 -19 58 -84 -39 27 -13 45 28 50 -38 -19 46 34 -50 
63 -29 58 40 -21 -13 11 -64 37 21 -83 -98 4 47 -13 -30 
-39 -91 -83 36 -8 -28 40 -112 -5 -27 -59 -15 30 -31 -28 35 
20 28 117 46 -9 59 33 -66 30 3 53 126 28 -36 74 -43 
-41 -43 38 -3 -5 20 -25 27 3 20 -55 -5 81 43 82 91 
-7 7 49 -21 66 -14 -10 -7 -5 -54 -5 -98 83 0 15 -16 
1 35 5 -13 -114 -3 19 17 3 90 48 -26 10 -3 -16 16 
6 -34 -37 -39 15 -49 77 -10 85 -3 -7 -5 63 -5 -27 69 
0 22 41 138 -20 28 -11 -10 0 -122 -44 -22 -10 -12 8 -47 
-11 27 -68 -51 -19 9 -20 -71 -57 15 -12 11 60 -2 -71 -46 
89 110 -13 83 -30 69 46 65 72 -62 -38 -8 87 -90 33 1 
-7 44 37 -30 -60 -30 -63 49 2 5 6 -33 71 -65 4 8 
22 22 77 53 13 6 77 -7 -13 13 -45 7 25 10 45 -6 
65 -43 40 -17 37 70 -5 -39 2 56 -35 -42 15 -43 -25 -29 
34 7 -1 9 -28 -3 55 12 21 55 -29 47 -29 31 -83 75 
12 22 -31 19 87 37 76 83 64 99 -38 -19 -5 60 6 58 
124 -22 -76 47 70 -31 -18 19 -1 13 -26 89 -13 -86 82 7 
-8 1 -30 23 80 54 -39 -11 21 89 89 33 -29 -77 23 -1 
-19 21 43 15 2 -63 67 18 1 96 -17 29 -25 27 77 -60 
-147 86 41 -24 44 63 -42 -22 27 97 -9 4 -55 16 25 57 
12 -23 26 14 -64 -50 -25 -26 34 -9 28 -39 -91 -33 8 56 
-65 -34 -42 -55 -52 -8 -18 4 -80 18 -39 20 -70 -41 -10 5 
-55 21 -53 -20 -102 123 -15 31 44 67 3 -19 14 36 -44 25 
-26 -31 15 -34 -68 1 42 45 -3 -64 -29 66 -19 10 27 -86 
-5 15 13 7 -17 41 54 1 -7 -12 11 3 46 -39 -9 33 
21 39 -3 14 -62 -2 -18 34 -2 -84 55 52 21 31 -26 1 
94 -65 46 -61 -28 33 8 -8 28 -26 -4 62 45 -51 115 48 
-35 -26 35 -2 38 10 -13 27 78 70 80 -15 -34 42 48 -14 
-27 27 -45 -23 85 24 -19 21 53 83 -14 8 -33 33 64 51 
-4 34 -4 -3 8 16 -9 -15 1 6 0 -50 -13 44 15 3 
48 19 -17 21 -11 -27 10 -19 -28 -57 6 -38 -11 -13 3 3 
20 -25 -26 -8 -11 38 26 20 17 -4 20 -14 4 1 -2 -10 
3 -20 -4 -13 -9 -5 55 -4 19 0 39 -14 2 -22 -5 48 
1 26 -17 -23 9 29 -2 -17 3 2 14 24 12 14 57 0 
58 1 -2 -24 2 -16 12 -5 -2 -8 4 -34 36 1 -3 25 
41 -46 7 30 -18 26 14 24 -16 -44 -16 51 10 -18 27 -40 
0 58 24 -26 -1 -1 17 -19 0 -11 -3 -27 -4 -29 -25 11 
-4 53 3 9 -13 -14 10 21 30 -17 -13 -10 -8 31 -26 17 
-6 -35 -10 11 17 49 5 7 -40 8 38 -13 13 -5 -2 -3 
-24 4 35 -31 36 -16 36 -7 -16 -28 -8 55 -3 -23 -21 -3 
24 -10 -22 -20 -14 21 -15 -23 29 17 -9 -12 4 0 37 -4 
42 -7 16 16 24 -20 2 6 5 -9 23 -12 -16 13 14 -8 
44 -10 -18 2 2 -9 5 -11 -29 -32 -7 2 -27 -6 31 -18 
15 7 -9 -11 43 46 9 -20 40 -8 -28 -22 -26 21 -1 -12 
59 -6 -5 10 -31 6 1 -12 -27 26 19 5 -14 13 29 9 
-12 11 -7 40 -3 35 -5 8 4 19 -2 14 4 -2 40 22 
-15 20 8 -20 32 75 31 15 21 -29 9 17 16 -8 -4 -13 
10 -12 -3 6 -36 7 -2 -4 -24 -14 -33 11 1 0 4 -20 
12 -7 24 6 -20 14 -6 14 12 1 -4 16 3 -11 -15 -41 
4 -16 0 0 30 -9 8 1 10 -10 13 -4 4 1 1 31 
-23 13 63 10 -25 35 8 34 -12 39 -1 -17 -13 -19 -15 4 
-6 -45 -23 -1 -11 21 15 -2 -32 -22 38 6 -1 27 -5 11 
-27 -5 -35 0 -18 17 -2 10 28 -19 23 5 6 -8 31 -9 
-10 21 -8 30 -6 -9 -84 13 3 54 21 -5 18 -9 -7 -35 
-27 39 -35 3 -12 10 24 -4 31 22 -17 19 -34 28 -26 1 
7 -27 -12 10 -47 -4 30 12 31 4 2 46 10 6 10 2 
-28 3 -5 38 -54 -35 -2 -2 14 19 -21 34 48 27 22 33 
19 -13 -32 -7 23 -14 -9 10 7 53 -19 -30 -12 22 -19 7 
-30 -29 -4 7 66 9 12 -1 -7 -12 5 -6 12 -4 2 6 
7 -23 -11 -5 7 2 6 17 -16 -11 31 -4 5 26 11 -49 
15 -28 -5 7 47 29 2 -11 19 6 -18 11 -5 16 -7 -11 
-14 11 4 -3 -22 -43 -9 -25 -12 -2 -19 3 -30 -1 -23 19 
45 12 -30 -39 20 -7 -1 32 36 -16 -35 16 -18 0 -11 40 
-13 -45 -30 14 2 -3 -12 27 -37 -6 46 -23 -6 4 3 -40 
-61 7 -3 44 14 23 38 -4 27 -7 16 -9 -31 0 5 -1 
59 8 -31 -45 23 43 -31 15 33 -19 24 -34 -10 41 -30 59 
0 22 96 21 1 3 -53 -33 7 40 -51 -89 34 140 56 22 
-35 34 30 -24 65 -62 -1 21 35 -30 11 19 17 38 30 24 
1 46 -43 38 -3 -10 -97 33 9 33 -28 -112 76 32 37 25 
-1 35 -1 16 -27 20 11 -14 19 -26 -78 -58 -13 -32 62 -10 
-9 25 -42 41 3 5 58 -2 3 21 -10 18 -23 4 29 -51 
3 42 5 -28 -31 -33 11 -4 -78 24 28 -34 -58 36 10 84 
63 35 -8 35 54 13 13 -6 -46 -1 2 4 -4 -20 9 13 
-26 -37 -19 44 -23 23 -65 55 26 -7 40 -38 -40 -16 -44 1 
15 59 64 -4 -14 -36 77 100 -17 27 -28 -38 -25 15 24 -29 
22 -78 21 -9 -7 -31 9 -18 19 -20 -11 -104 29 5 33 -1 
-66 23 -77 -70 -21 -89 -17 82 50 -37 -33 -24 -37 -75 -22 10 
13 20 -10 -1 29 22 8 55 26 -46 -15 5 -50 85 -4 25 
-31 59 17 25 21 41 -33 0 -22 -75 -42 -15 57 23 -84 51 
-16 60 -13 41 -15 20 -60 -8 -64 6 17 0 -7 36 87 55 
12 -90 7 19 -23 -36 52 1 48 -26 0 -7 -83 43 -5 42 
17 25 58 -43 127 -32 58 65 -6 16 10 35 32 45 -16 -28 
-28 -35 -7 -24 -40 -43 -46 -61 51 31 -45 3 -26 43 -51 8 
30 -5 29 -70 -49 -47 82 35 -20 -33 12 50 -31 -3 -14 74 
-75 -11 -32 9 3 -8 -14 -16 -69 -21 -2 28 32 -5 -53 29 
87 8 20 -62 1 42 -7 -31 62 4 33 -37 -39 42 -17 96 
77 -31 -37 5 16 40 -83 -65 -34 60 -94 -33 26 -16 -6 86 
44 47 64 5 4 -28 12 -25 -47 50 -9 -6 -75 11 14 -5 
-24 10 -5 -31 -22 67 -59 36 -15 -36 -43 36 4 3 -9 -23 
10 27 95 5 -50 -1 52 -47 43 -37 -12 25 10 20 84 87 
-10 29 16 -9 -18 38 -17 -17 67 -41 -13 47 -35 73 12 8 
82 -35 7 -48 -19 -4 20 -6 1 -30 52 -2 1 35 -12 28 
-1 11 20 44 96 4 52 -28 28 -27 68 84 70 97 24 -88 
80 40 8 59 22 58 -29 -32 -67 -3 97 40 -23 -49 21 11 
-32 -18 26 45 3 -60 -52 -33 -57 7 24 -36 24 -89 -21 -6 
15 6 71 -54 93 -6 -34 59 -25 -9 -45 -42 32 -5 -46 -114 
-53 8 19 -9 23 5 -16 91 33 -33 38 -9 2 60 -15 -68 
9 44 41 -28 66 28 57 -42 -55 20 0 16 49 -1 107 17 
10 -6 22 -21 13 -46 61 9 -70 -12 -43 -5 26 53 73 -27 
36 28 45 -2 29 -27 67 -24 -1 -75 -63 -52 23 8 13 -26 
-36 -25 -12 41 -21 -22 -29 -9 4 -27 9 -7 6 -11 -6 -41 
44 16 17 14 19 -17 -24 5 -50 15 -22 14 24 -26 -15 75 
25 -3 5 -32 6 -66 -34 -12 -57 13 3 0 14 20 -15 -9 
-17 -11 42 20 38 15 -37 17 105 -21 17 16 -23 -22 13 16 
-70 -6 12 -13 20 -21 -6 42 -35 11 -24 5 22 13 24 -39 
-9 29 -26 -9 -5 0 16 -18 5 -43 32 -14 -31 -13 23 -13 
-18 -16 -11 -26 -17 8 -60 12 14 3 61 -14 3 -19 47 -22 
9 6 -8 -35 42 68 -13 -10 39 -15 -6 -12 -56 3 -3 -31 
-1 -12 10 27 -22 17 -28 2 -16 35 -3 -28 11 -79 -43 -8 
16 -40 -25 -26 -10 19 48 3 68 -20 -17 40 -32 -20 4 -35 
18 -43 -18 -22 -12 -2 27 38 20 -29 -39 -38 12 -28 7 -19 
11 8 30 -13 5 -34 -63 1 21 -2 5 20 38 1 12 -29 
-5 6 -14 -33 -34 19 -6 40 26 26 37 -22 -40 -37 -9 -18 
-15 -28 17 -18 14 -48 0 2 -17 -82 -41 -11 -39 54 8 -17 
-30 -9 -1 -44 61 -9 1 -24 -6 19 5 -6 69 4 -22 -34 
-11 -33 34 5 26 39 -41 -58 -5 -1 -16 -1 73 -18 1 -39 
-14 44 -31 11 18 19 12 -20 -20 -8 8 -8 17 64 11 -12 
8 19 -17 30 20 -4 -1 28 -15 -22 -16 15 33 -22 27 1 
-52 -2 -19 -5 -19 -13 18 14 12 -29 -36 101 -27 -72 24 -29 
-19 -80 -50 -17 24 28 -1 40 -75 -7 -7 -61 -20 -21 20 1 
-8 16 -32 8 -26 -21 23 47 17 -1 28 -7 -47 -3 26 38 
-58 -78 -24 -23 14 10 17 -6 30 3 17 9 31 49 18 -35 
24 28 46 27 5 81 33 -61 -59 -24 -31 34 -3 -32 -13 -42 
45 -14 -57 -18 -17 8 -11 -42 34 67 -16 17 -38 -8 5 -5 
61 -98 9 -34 4 -5 0 -18 -31 5 -43 10 -29 -13 3 31 
-11 31 -50 -18 36 -6 -79 -1 -44 39 -25 46 -3 34 1 -30 
-25 -36 64 -21 3 21 28 4 -25 37 -29 37 -1 26 -13 -27 
58 -35 45 -30 -42 2 -24 -77 128 -17 24 9 16 43 24 -29 
27 -19 -14 -37 -13 -4 7 11 -62 11 -19 46 -22 54 34 18 
-49 -36 22 73 17 -6 5 33 5 -20 -19 -14 -39 18 -23 -12 
38 29 -74 1 35 -33 37 -25 -16 3 46 9 -21 -32 8 5 
-31 -24 35 -29 8 -2 -12 -10 -19 -9 5 -22 -5 26 -11 -10 
26 -27 36 -3 18 -2 31 56 12 -4 -56 9 -22 -24 0 42 
3 51 -18 28 15 -28 21 -5 3 -37 -82 -16 15 10 -45 -28 
-22 17 -69 7 -39 30 6 -45 37 5 34 -12 -21 41 -30 -3 
13 -11 -11 -18 8 19 -28 44 -20 -39 -3 -41 51 50 31 1 
-11 33 4 -23 -74 0 55 -37 -2 -18 -34 -32 -16 38 16 46 
-21 -4 56 48 3 -7 -3 -3 -25 -29 -3 -32 -2 -6 18 -56 
-2 1 -29 -31 -19 -18 -1 -17 -63 15 17 43 -20 -8 -44 -20 
-1 -80 46 11 15 -19 -22 -105 -34 64 39 -6 -40 -67 -112 19 
22 -1 4 30 -22 -20 30 -87 -4 -54 16 22 5 -18 28 23 
7 5 25 13 59 28 -52 -1 34 5 -32 -27 3 -1 32 43 
14 5 42 -8 -11 -17 1 3 -23 -5 -26 -55 52 8 -40 -48 
40 0 17 49 -20 92 -21 -29 0 -33 -25 14 17 29 19 3 
-44 58 29 -22 -18 17 -8 1 -7 5 15 -19 44 73 -10 62 
41 29 -22 13 7 50 -11 -5 55 25 2 75 -32 17 36 10 
21 27 -19 1 17 11 -19 -8 -15 2 64 -13 -53 2 36 46 
-38 -20 -17 -98 -11 -17 -40 20 -13 28 20 -23 -3 1 -29 30 
23 57 -6 28 62 28 33 -53 -58 2 -14 32 -65 42 -8 -57 
-16 3 -74 37 -53 -4 45 17 -22 25 17 -5 65 -48 -65 -27 
27 -2 21 23 30 -35 51 12 -39 12 12 6 -19 22 -9 -18 
-3 -1 34 53 -20 15 1 -9 -16 34 48 18 -31 36 -4 16 
18 2 4 -30 9 -1 -17 10 6 43 18 -8 22 25 37 -12 
33 -17 11 26 -97 -6 -31 -37 -24 -9 -41 -17 2 34 7 12 
12 -23 -53 -10 9 20 53 -24 -22 -15 64 9 -23 34 30 0 
-39 3 -12 31 18 15 -64 -33 -32 28 42 5 -24 34 27 -5 
9 -58 -24 24 -15 6 19 -11 57 21 41 23 9 11 -46 -23 
-30 -5 -53 35 -60 -38 7 14 -49 -12 -12 9 -17 -55 57 4 
-40 12 -34 47 -39 -29 -9 43 44 -55 45 1 -9 -41 -22 -40 
5 -8 -17 93 -59 35 -41 13 -56 -21 -6 11 35 -32 7 24 
15 39 20 3 -1 4 -4 18 8 72 -75 -67 -3 5 -49 -4 
16 -19 1 -72 -44 -18 -26 44 -1 -7 -9 11 -50 -63 -59 0 
-65 -52 -52 3 -7 8 -9 -14 -51 -31 51 0 17 -29 -50 26 
-39 31 -28 25 12 -13 33 -19 -7 8 6 43 14 -5 37 -19 
9 18 -8 -50 -54 22 26 47 19 21 -48 1 56 19 -3 29 
24 36 14 -14 3 23 -37 21 6 69 1 -5 -5 63 56 17 
3 9 22 -15 30 -74 -24 9 -34 3 26 -38 11 9 -17 -22 
30 21 -81 14 -8 6 -16 8 33 -77 -32 -23 47 -24 13 31 
24 39 4 -13 -1 7 8 -70 -3 6 13 16 4 7 -16 67 
-45 -2 23 21 -37 -4 -41 -46 7 -3 33 -22 -15 6 -35 65 
-30 -11 -22 -28 -23 -12 -26 19 -1 6 16 -46 -37 7 -62 -10 
8 -10 -2 26 15 1 11 -9 -76 33 -28 -37 16 10 -16 82 
-55 50 -30 14 6 -3 -8 -34 -14 -21 -40 -41 -6 -8 5 31 
-65 -5 -4 53 -40 1 -60 142 -43 -30 -29 -18 -116 -3 7 -49 
34 54 -26 62 42 18 -19 21 27 -61 -3 37 -8 -24 -86 -65 
36 -17 -78 -17 -55 30 30 119 -47 -60 -55 -3 55 102 56 73 
46 -36 29 11 26 -31 11 -15 27 -28 -6 -71 -5 7 -25 -49 
88 46 -39 -44 87 -18 -63 0 29 81 -14 55 -7 44 56 -14 
-9 -25 -26 46 -46 -20 -55 -7 8 -63 -23 33 6 -15 -14 -72 
-2 -22 -53 -45 -33 15 10 102 -20 -94 93 -41 25 18 45 48 
-33 45 -22 -16 21 -5 -51 0 -82 -28 1 -24 -41 33 -94 -51 
-49 -35 75 58 -62 -12 -8 75 -93 8 5 -21 -10 153 42 -4 
-51 -122 -42 -47 14 26 22 21 -59 -20 -19 -33 -27 5 15 0 
-11 -31 79 14 -14 4 -36 -67 -2 36 -1 -39 -58 -61 -50 -46 
51 -33 73 -46 -45 26 -1 -48 -17 64 -15 -28 47 -7 42 39 
0 130 10 -24 -24 27 83 -55 -5 -107 11 80 -18 -50 -13 -11 
-6 29 11 48 -46 -38 77 51 -5 35 -3 -46 -29 -70 -27 9 
-13 11 -18 -34 7 48 81 16 100 20 -52 -15 -88 1 -9 73 
85 40 -26 0 -83 -3 -16 24 75 -67 56 4 8 25 55 25 
-31 5 -110 -83 6 -49 50 -46 -66 55 -29 7 7 10 -29 16 
3 41 17 66 -7 7 18 -24 95 -58 46 -44 -20 158 78 4 
-12 -14 27 -51 -66 -45 -69 7 35 -93 -10 65 61 3 31 5 
-6 -33 52 4 29 45 63 -5 22 -57 -9 11 86 13 -24 -51 
72 -33 32 -94 11 0 -41 81 -41 -38 13 -18 15 -91 20 58 
32 -27 11 15 -15 -103 -46 20 34 48 7 -49 29 -34 -25 16 
3 57 36 67 65 -47 110 85 -70 15 1 15 1 95 25 55 
15 62 101 21 -21 -15 -14 -40 -104 -8 -19 25 -14 -147 28 4 
-29 33 16 -4 -39 -22 8 24 134 113 -28 64 16 -48 -29 -6 
-45 70 -16 65 -45 -10 54 27 -72 0 -6 25 13 -20 -29 -88 
-82 49 -74 29 47 8 54 -2 -133 0 -38 33 -30 -49 -26 116 
43 -23 -26 -16 -91 13 -66 -11 -57 -8 -67 54 -7 20 -23 -2 
-26 51 -19 -58 -60 -28 -22 -57 51 8 -34 -41 -1 -40 -52 14 
-85 -51 58 30 120 69 20 -14 -65 3 61 -74 11 47 -5 12 
34 -9 9 -22 -13 -53 33 -22 28 -39 152 -5 -51 18 -18 15 
-30 -63 -33 92 -63 33 -122 -49 3 -7 22 96 -8 32 1 52 
-35 -6 -7 -12 -4 -20 -1 24 -15 -17 -28 4 -9 47 38 17 
-30 -4 51 -70 30 73 48 46 10 38 -23 -58 21 -17 6 7 
-68 -45 -42 55 -21 27 63 23 49 83 54 -80 -53 6 6 -40 
-44 -54 -85 -16 -65 78 2 -32 36 8 -54 105 -40 -49 20 -46 
-3 46 -1 0 13 0 0 30 -9 -22 -3 -26 0 -25 3 9 
2 0 -1 0 0 0 -2 0 0 1 2 -8 -37 53 4 0 
5 0 65 -2 4 -15 29 25 -8 0 -8 16 4 0 15 0 
-4 0 18 33 1 0 0 -11 -14 7 11 0 -36 7 35 3 
18 0 -10 31 5 -10 -41 15 1 0 -9 -2 -28 -8 19 7 
-6 -16 -6 -2 -13 0 -5 -2 -3 0 9 0 -3 -25 12 0 
2 0 -31 2 0 4 -8 6 1 -3 -4 -16 18 1 0 0 
-23 -14 14 -22 33 10 4 -10 1 0 11 51 3 -7 5 32 
0 -3 -4 3 -4 0 8 6 4 -6 20 1 -25 -24 -1 7 
-33 0 10 -8 -9 -4 1 -42 -1 -1 -14 -42 56 2 35 9 
13 -5 -4 13 -3 -43 -7 0 3 3 -25 -36 0 0 -12 -27 
-40 -11 -3 3 -11 -6 13 -3 66 10 -7 2 -10 -21 0 49 
5 -52 10 -10 17 -35 4 5 -32 0 -1 -21 -21 1 -3 0 
4 -51 -35 -22 19 -6 0 26 -5 -1 4 -32 37 1 1 30 
-2 0 -12 -1 0 -14 34 18 -1 -1 10 23 26 0 9 -7 
4 7 -44 25 6 12 -2 -18 -80 -17 1 -6 2 14 0 -44 
-2 24 0 -9 13 0 36 -5 -3 -11 0 50 1 18 -11 -17 
3 -3 -32 6 0 3 -10 -14 16 0 9 15 -9 0 -11 17 
31 0 -7 63 15 -1 -5 -6 3 -18 -1 2 -15 27 -3 1 
52 11 13 -13 -12 12 -15 0 -1 -12 0 30 -9 0 -16 3 
0 -2 2 -22 0 -35 -18 1 42 -19 0 6 6 -22 -22 34 
-8 7 40 6 0 -7 0 -3 -2 -22 0 3 0 -5 0 31 
-10 -2 3 2 -12 -1 -2 12 3 -13 1 7 -26 -1 36 -17 
5 3 4 -2 0 32 3 1 2 0 9 -1 -21 -30 12 -13 
3 20 2 2 -32 2 -32 4 -1 1 -9 0 0 16 -11 -14 
35 -21 3 1 -12 -1 7 -11 -9 1 0 3 4 -24 -3 19 
3 0 -11 21 0 -2 -35 -5 9 -17 0 -26 -42 -3 1 4 
-10 -7 -61 1 -27 0 -37 -3 -17 -2 0 0 34 4 22 0 
1 1 0 -14 3 -1 -4 0 -36 6 -2 -1 19 -4 23 6 
-13 15 2 8 -16 9 -3 -12 -2 -2 -13 -41 -33 -1 29 22 
25 -1 8 -42 10 -24 2 30 7 0 -3 17 -43 68 29 23 
37 -2 -5 -3 -3 59 -25 -6 2 -1 30 8 14 4 -3 9 
7 2 -37 -32 -5 2 8 8 0 16 -2 -12 -1 1 -2 0 
-4 67 -36 0 15 5 -13 1 -13 0 11 -11 0 11 -2 47 
-27 5 -1 0 -2 -1 -3 7 -10 0 0 -3 58 0 6 -17 
-14 13 -20 -18 -19 -28 -5 8 -3 -55 1 0 -2 20 -2 13 
5 20 9 0 19 -6 0 -7 -44 -86 5 97 1 0 -21 16 
-6 0 -4 1 -1 1 -33 8 0 -11 6 -36 -88 75 -5 -5 
67 -8 65 -13 -10 18 14 39 -11 -1 15 -107 -37 -6 50 1 
2 0 -44 -54 1 0 0 -35 21 -24 57 7 -73 -64 123 8 
-55 1 5 53 -13 -60 -16 29 -17 0 -7 -11 29 47 126 -7 
11 4 11 13 21 12 -3 -26 -65 -11 37 0 -41 -21 9 0 
-8 -10 2 1 -3 -2 48 -30 45 -10 3 -71 -42 -51 -38 2 
-13 -92 -23 78 -31 17 29 36 -8 0 24 28 -11 16 -25 24 
0 -12 7 4 -10 -2 68 -40 -27 -3 -22 6 -29 -21 1 26 
1 1 12 12 -45 -11 -20 -66 -2 3 -77 22 -4 -25 -71 -32 
-6 -3 -16 -1 -12 34 -10 -3 4 18 -12 1 -52 -1 -3 -13 
8 0 -3 -7 -3 87 -10 -7 96 71 18 -1 29 2 0 -83 
89 -76 -17 -25 18 -140 -11 -62 -7 1 -10 -6 -27 -6 -23 0 
-19 -24 -25 -127 33 -7 0 -79 8 3 0 -51 20 -5 -63 23 
-5 -1 23 -2 -1 -6 68 -73 -105 4 44 -36 -82 1 22 13 
20 60 -42 25 79 37 -30 79 -73 28 16 -25 -23 -16 -1 12 
-45 3 -4 -28 -17 0 30 -6 1 25 0 -26 -11 -70 8 76 
91 -9 21 5 4 10 -78 -19 -74 2 42 7 -18 -2 -4 5 
-26 -5 16 14 42 -5 -4 27 -16 -56 0 5 -7 111 -38 -1 
-7 21 -4 -85 -25 24 4 0 8 32 15 89 60 3 -31 -1 
-49 -3 -16 -38 2 26 -117 -33 158 2 -67 14 20 -24 -60 -75 
10 10 20 5 0 -18 -7 -63 -13 -11 0 -11 0 6 0 -19 
9 -10 23 -2 4 -49 -5 -43 -58 87 -6 -20 9 -5 -9 -108 
-24 62 7 -11 -4 14 -2 -6 -2 39 1 -4 -42 -9 -4 12 
100 41 -14 -2 121 -10 3 -3 12 12 5 -1 0 49 -16 -1 
19 2 -7 -15 15 19 63 24 5 0 0 -3 2 32 7 -90 
5 -2 -29 -60 1 8 10 11 -8 -58 5 3 -48 -9 -85 53 
27 -93 15 1 66 -17 119 -11 22 1 0 0 -22 17 38 0 
-12 2 0 7 -13 -9 -60 0 35 44 -23 -2 122 8 18 -14 
8 32 -4 2 33 11 12 1 69 -3 -19 88 -16 -6 -66 11 
-46 -14 41 94 -93 -11 10 -3 -23 0 -13 -4 49 36 -26 57 
-19 -7 -61 -4 -20 -30 -44 -29 -7 1 -87 -30 -37 11 1 0 
2 1 33 -74 4 1 -96 35 0 7 -35 -16 -7 3 -22 -45 
9 39 13 0 -49 -9 73 -3 -24 -1 74 53 -8 21 -10 9 
6 -3 6 0 -26 -7 -7 -1 -20 0 80 11 -22 0 33 -151 
-28 39 -55 0 -25 -17 -6 30 -34 -56 3 0 12 -37 0 16 
-7 -18 0 0 21 4 0 -11 -15 30 -56 -26 0 11 6 -8 
-3 0 1 0 0 0 4 -1 0 1 4 -2 -3 -21 -1 0 
10 0 -52 -3 10 13 -12 -30 -10 0 -3 12 19 -1 -10 0 
8 0 7 12 0 0 0 16 18 -1 -9 -2 2 -4 -34 -2 
2 0 3 -18 0 24 -36 -13 -3 0 -8 1 1 -8 -33 2 
5 20 -12 -4 17 2 -1 -2 41 0 11 0 11 -24 -22 0 
2 0 11 0 0 2 -35 6 11 6 -2 5 -9 1 -4 0 
-9 32 -7 -16 -13 -22 6 4 2 0 20 -26 1 -1 3 -4 
0 4 1 -1 2 -2 -14 16 -3 -8 28 5 13 -15 -21 -13 
-17 1 -22 -29 2 5 0 61 0 0 23 11 2 -5 17 7 
5 -1 -10 26 -1 13 3 0 -1 0 -10 20 20 0 -19 -4 
27 -32 2 23 -12 -4 -21 14 -47 -17 28 0 -17 -4 0 4 
2 44 -11 -19 -66 28 -4 7 -32 0 -2 -4 -18 0 -7 0 
-2 -10 5 14 -21 -4 0 30 3 0 1 8 -1 0 23 -19 
-3 0 -6 -4 0 -23 1 4 44 0 0 -19 -1 -1 -8 0 
-5 -40 -30 6 7 -11 -11 -10 18 -20 -42 -20 2 -16 0 -32 
-16 1 0 -3 8 0 2 1 1 -14 0 -15 -2 -2 -34 -24 
2 -1 -20 -11 0 -24 -1 -37 13 0 -9 13 7 0 12 6 
13 0 -11 -38 -37 -2 -7 -8 5 -4 -1 1 33 3 1 -1 
-42 -2 -8 -22 -1 -4 11 0 4 -31 3 -37 -23 -2 -27 0 
-5 1 3 -18 0 -10 -14 3 -44 3 17 -5 -5 10 19 2 
-4 -4 19 3 -1 -41 1 17 -9 45 0 -14 0 -6 0 -29 
3 -1 -7 -2 -12 -19 4 28 -18 -22 -32 -5 -6 1 19 11 
5 -6 -4 2 -2 12 7 1 -3 -23 9 0 8 9 -23 21 
-32 4 -2 -1 -5 1 -25 -4 -3 -1 -10 0 0 -50 3 -21 
55 -16 -1 -1 9 -2 -17 14 -18 0 0 2 -4 37 -13 17 
-5 0 10 34 0 1 15 -11 14 -8 -2 1 -2 -1 -16 4 
-4 11 -15 0 20 -3 22 -6 -17 -10 0 0 -28 -6 -25 0 
-2 0 0 -20 -3 -4 -3 0 -33 -41 16 -1 -31 -14 -3 1 
-1 -6 1 -26 -11 -4 -21 -10 -4 -12 15 40 10 1 25 -16 
-29 -9 -12 -19 27 -26 -2 3 0 0 -1 -4 -38 3 0 -19 
-15 0 -12 -1 2 -32 -23 -1 0 -1 3 2 -18 -5 3 -2 
3 -2 -30 -24 -5 2 5 -4 0 -15 3 -21 -1 2 -17 11 
0 -6 -24 0 10 0 -15 0 -1 0 -30 -23 1 7 1 -16 
-16 4 -2 0 8 5 1 -19 -24 0 -39 -7 14 0 -34 27 
-18 -5 -15 -26 -14 -19 1 -6 5 26 0 0 -1 14 -1 -2 
-13 19 2 0 32 -6 0 6 17 23 -13 35 0 -13 -24 -3 
-5 0 -11 0 0 0 -16 -2 0 -3 -8 17 -36 1 5 1 
12 3 16 -17 -1 -32 24 5 4 0 5 -23 10 0 20 0 
6 0 0 -5 -1 0 0 28 -38 8 2 -9 -61 -25 20 0 
4 0 16 29 1 26 -24 -8 13 0 6 0 -5 34 37 -5 
-5 -46 27 21 -17 -24 6 -26 7 1 -13 0 16 -33 -19 0 
1 -4 60 -1 1 3 0 6 -31 14 0 -10 -27 -1 -17 0 
6 -10 -8 20 18 -8 -11 8 -3 0 -12 44 1 -1 1 -17 
-1 -17 -7 -7 -5 -3 -28 -1 5 -4 -3 8 32 -27 -30 -10 
-30 -1 14 -14 -1 5 -9 -13 0 1 -20 7 9 -4 -33 23 
12 -17 -13 46 0 15 -17 0 5 -4 -35 6 -32 -2 6 9 
-10 -18 6 -29 7 18 -12 -64 14 -16 -3 1 -41 -16 0 -23 
26 -6 -12 -13 11 -2 -7 -10 -14 -1 0 -11 -28 -1 -20 0 
1 -27 -14 -46 -3 -19 0 37 -6 1 2 25 0 1 -1 -22 
-11 0 -12 -25 -1 -38 -5 -45 -19 0 7 7 -27 2 -18 9 
0 -14 -11 -20 -7 12 1 16 -62 -33 1 -7 9 15 -1 -18 
-28 -1 0 -12 19 0 12 6 4 -22 0 -17 -8 37 -32 -22 
17 -2 -33 14 0 23 -16 -17 13 0 15 -11 1 0 10 -10 
14 2 -14 22 -4 -3 -9 5 3 -51 2 1 -76 27 -16 0 
-14 16 3 -10 -41 34 -15 0 -5 -17 -11 -14 -14 3 -42 1 
-16 -1 -6 -40 -1 -38 6 -10 28 14 12 -1 -13 0 13 -17 
4 -6 39 -3 -1 -4 1 6 9 -13 0 -9 -1 -8 0 7 
-8 -9 3 -1 6 23 -3 31 -56 -9 17 12 -30 -15 19 10 
-4 29 -7 4 -3 43 -20 -4 -3 15 3 -2 -23 44 14 -35 
24 42 -3 3 17 -3 -38 -2 -9 4 -21 0 0 1 3 -35 
28 -3 3 5 12 -3 30 4 -43 -1 -1 1 -4 39 -17 25 
-4 0 -3 23 1 3 -13 -41 14 21 -4 -35 -25 -10 -55 26 
-14 -6 22 2 24 5 10 -2 15 -18 0 0 -19 -3 10 0 
-1 2 0 -2 1 3 15 0 -13 -10 14 2 18 35 -1 0 
-29 26 6 22 -33 6 -3 13 11 12 32 0 27 0 30 2 
-13 -3 11 21 13 -9 2 6 63 0 -7 6 -6 45 -10 11 
-26 -3 -3 0 -1 42 -25 4 1 -2 23 -18 -3 9 0 3 
12 4 -12 -34 -15 3 -4 1 0 -11 -15 -36 4 0 -36 0 
3 60 -19 0 -38 -4 -23 6 -18 0 9 -68 2 -40 -3 20 
-31 2 0 0 -8 4 3 -39 -16 -2 8 6 -15 0 -24 -25 
-35 -13 -42 -15 -38 7 -2 -8 -10 -35 4 -1 -2 -13 -5 11 
3 -5 0 0 -18 -3 0 -20 -25 -34 32 24 0 -1 1 1 
2 0 -5 0 0 0 6 0 0 -1 5 5 -10 37 0 -1 
10 1 -16 8 2 25 21 -12 -3 0 2 -2 30 1 -17 0 
-3 0 3 -36 0 0 0 -20 32 -5 15 2 1 12 44 0 
-5 0 -17 5 -1 -17 37 4 -2 0 3 1 -4 -25 22 0 
0 26 -20 -21 2 13 0 -6 -3 1 6 0 -12 28 10 0 
-1 -1 -31 0 0 -2 37 -7 3 -9 -1 -15 3 -16 -1 0 
-7 -25 -1 -4 0 -3 23 7 -1 0 23 -3 2 -3 7 2 
0 -4 2 1 1 0 21 -46 -7 3 -16 -3 -27 15 15 0 
24 0 11 28 -3 -1 22 -2 0 0 12 13 12 -1 -5 -26 
2 -1 8 -34 -1 2 -7 0 0 0 23 -12 -16 -4 8 -4 
4 35 -2 12 1 27 12 25 4 17 -9 -1 39 21 0 -19 
24 -26 -11 29 9 -35 4 -31 25 -1 -1 9 8 0 2 0 
-3 12 -2 0 40 0 0 -24 4 0 -1 -38 -3 0 -20 2 
2 0 7 12 0 11 15 12 -11 0 6 -18 -18 0 22 0 
0 26 27 -12 5 5 4 2 20 34 37 1 -4 -10 0 37 
30 -20 0 -1 16 0 -1 0 -3 5 0 6 1 -35 30 41 
4 0 30 9 -1 14 -6 25 -3 0 -1 -6 -1 0 1 12 
-5 0 15 -21 -12 1 1 33 -1 31 -2 -2 30 11 -7 0 
1 -5 -10 -21 11 5 10 0 0 24 -2 27 9 -1 8 0 
-1 0 -1 33 0 25 -13 5 21 -14 -33 -1 2 3 -40 -39 
3 -11 -21 23 0 27 0 -17 5 -6 0 16 0 1 0 -15 
-6 0 1 3 5 -30 0 10 21 31 -1 0 31 6 -5 -39 
-3 -6 2 -3 1 -12 0 -1 1 8 -10 0 23 -23 -7 17 
18 -11 -1 0 26 -1 31 2 1 -1 -1 0 0 13 2 14 
-5 20 -3 -1 -3 2 15 20 30 1 0 0 4 -11 -1 -24 
2 0 -5 -30 0 0 16 26 -2 -18 1 36 25 -5 15 3 
12 -35 10 0 -1 -4 23 0 9 15 0 0 4 2 8 0 
-1 0 0 9 -27 4 -16 0 32 26 -30 0 1 10 12 -2 
15 -3 -2 6 37 -5 7 2 -13 -3 -30 13 -1 0 -27 -2 
-1 -12 16 1 -7 1 1 12 -30 0 1 3 36 -20 10 14 
37 1 -5 1 0 -27 23 -1 -1 1 -5 8 14 -4 -1 -3 
-6 -3 27 -10 3 -1 -34 12 0 7 0 30 0 0 7 -3 
-1 -38 31 0 -14 -4 43 0 -2 0 12 14 -1 15 0 19 
30 -3 0 0 -3 -1 -1 26 4 0 36 -6 -1 0 20 -29 
2 -5 -1 31 18 8 3 7 -6 -3 -1 0 1 -6 2 -13 
6 27 1 -1 -37 -27 0 -59 -86 -32 128 -66 3 10 40 19 
-8 0 -4 4 2 1 -8 -4 0 4 46 -44 -36 103 8 0 
31 1 -5 2 -2 112 93 13 -127 0 -10 40 -13 -9 -3 -1 
-45 0 26 -53 3 1 0 -21 21 -15 129 18 -76 8 90 12 
51 1 -34 27 -4 43 9 -48 -25 0 6 9 -7 -185 -8 -2 
-35 -61 -48 -94 -36 65 -8 28 6 5 -18 0 53 -16 36 0 
4 -18 -85 -1 1 12 15 -20 4 -69 26 -93 3 -29 12 -2 
-93 81 -10 -20 57 80 24 45 18 0 69 59 -40 56 65 18 
-1 -10 2 3 2 1 107 44 -11 8 9 44 -78 21 -28 -30 
6 -4 -30 12 13 -3 35 -12 0 -2 -12 15 80 9 109 49 
-9 15 1 -19 6 8 22 3 0 -3 -51 43 10 0 -27 -109 
28 19 -26 120 4 -32 31 123 113 -14 -64 -10 18 -23 0 69 
62 -63 76 4 20 -131 3 -57 -8 -7 -6 -29 -23 2 -15 0 
3 11 -93 17 102 -10 0 -31 6 4 14 -96 90 2 -53 13 
28 1 -33 29 7 4 27 7 -11 2 15 -13 173 -11 61 8 
-29 49 -9 38 -42 -24 -33 -1 -33 34 59 -14 -2 -73 0 5 
-29 -20 0 -23 -14 0 -56 -30 -5 17 3 60 -6 -42 -2 104 
-13 -13 -17 -56 6 21 -89 20 -24 -8 -71 35 -21 2 -5 -9 
119 3 -25 49 22 6 21 56 -7 -38 -23 -2 89 34 9 -6 
108 -21 -4 -29 32 -18 73 1 11 5 50 -3 -42 -11 47 3 
-37 0 -1 -3 -1 -46 -121 17 44 -84 -78 -13 7 -109 40 34 
-20 -11 108 35 -1 -82 2 60 -27 56 1 -5 0 0 0 52 
-13 0 32 0 -9 -72 -5 -28 68 2 -29 9 49 30 -20 -112 
3 -60 8 20 -6 -53 -21 2 -5 -78 39 5 104 -117 58 -38 
-103 3 -14 -2 91 -5 23 -10 -24 0 -10 1 0 -31 -14 5 
45 -145 -8 -16 -22 12 -69 58 42 -4 -1 1 4 14 -26 -34 
0 -3 -36 -6 -3 -1 -14 59 -30 28 3 65 -32 -12 37 -20 
11 -64 15 0 -161 -9 26 14 -9 -65 -1 0 44 39 -60 0 
-3 0 0 21 -27 26 7 0 35 46 36 -2 4 -55 -28 25 
-1 67 15 -46 101 14 9 15 -77 -14 -137 -40 -164 -3 -18 33 
-52 -68 3 -43 -23 14 -6 106 -103 -1 1 -53 -32 -3 59 -63 
45 3 -2 6 16 50 20 -15 -7 3 26 -6 20 -40 -1 9 
54 9 -27 -127 -20 -6 61 36 1 -11 38 -21 0 -17 -29 -44 
-13 -30 35 0 70 8 33 -28 -57 -1 -20 68 3 -27 0 75 
-33 7 -5 0 15 12 -7 84 31 13 -8 -29 71 0 94 28 
7 21 -3 -10 -41 76 23 -3 -54 67 -11 -1 -1 -35 -1 15 
-4 4 -3 -1 6 -6 8 6 -3 -6 3 0 1 -2 0 4 
2 -4 -4 1 8 -1 -5 -1 -2 -6 -5 5 7 -2 -2 -2 
1 1 -7 4 -2 5 8 4 3 2 -5 1 -3 -6 4 -3 
-3 0 3 2 -7 -6 3 4 6 -3 1 -1 -7 -7 -2 -1 
-2 1 1 0 7 3 0 -4 -4 -4 -2 3 -7 6 7 2 
-5 2 1 -1 -1 0 5 4 -4 -4 -1 9 -5 -1 -10 3 
-9 6 0 5 -2 3 3 10 3 -6 4 -11 -3 -10 11 -3 
-4 -5 -2 -2 4 -8 -4 -2 -2 -4 2 3 4 3 -7 5 
-2 1 -9 4 0 -5 5 7 4 7 -3 6 0 6 6 -10 
6 2 -5 10 -2 -7 2 1 4 -9 6 -5 -3 -10 14 -11 
-7 -1 6 -4 2 2 -3 -3 -1 -13 -2 4 -13 1 8 4 
-7 2 4 6 -4 3 9 -1 -4 -10 4 -3 5 0 -11 13 
-5 4 -1 1 4 3 0 5 -1 -3 -3 -3 -1 -3 3 2 
3 0 -7 -4 3 4 -6 0 -5 -7 -8 0 10 4 -4 0 
-3 5 -7 4 1 4 3 3 7 7 -1 3 -2 -3 8 -5 
2 4 0 6 -7 -6 -3 0 4 -9 4 -4 -5 -9 6 -4 
-3 -4 5 -2 2 6 -2 -3 -5 -8 2 0 -8 5 12 2 
-6 -1 1 1 0 2 0 -1 -2 -9 5 1 3 -2 -6 9 
-4 2 0 -2 6 3 5 4 -2 -2 1 0 2 -3 -1 3 
-1 -4 -3 0 1 0 -4 2 -1 -7 -1 -3 2 1 0 0 
-3 2 1 1 -1 -1 6 5 6 4 2 1 -1 3 4 -6 
-2 0 -1 6 -6 -4 0 0 6 -4 2 -5 -7 -6 4 1 
-7 -7 8 -3 4 8 2 -1 0 -4 2 5 -7 2 6 -2 
-5 2 0 -2 3 0 2 3 -5 -6 -3 3 -5 1 -5 8 
20 -19 5 19 9 -18 10 -24 -7 -13 17 -5 -10 6 -25 21 
9 14 -11 -26 -14 -2 -13 16 10 -12 -15 25 6 -11 16 -5 
11 9 -9 -6 -16 7 -4 -6 -10 -1 -11 -10 26 15 -8 6 
-21 48 -17 19 -2 -1 4 -12 7 9 -18 8 4 -14 -30 8 
18 -10 -17 6 29 10 -6 -4 9 14 -15 27 10 -1 -3 19 
19 -17 -22 34 7 14 -9 36 2 5 5 15 -19 18 12 -7 
4 4 18 24 2 10 -11 -5 21 8 -3 -20 10 0 3 10 
-14 3 -2 -2 -19 -43 -17 -7 -21 -12 9 7 0 -13 -9 18 
-1 6 -15 13 3 -12 6 -5 2 22 3 -1 10 11 3 6 
7 13 -2 13 15 8 -9 10 3 5 18 7 7 -2 33 6 
17 -5 -24 16 30 -6 25 -6 5 -2 0 -8 8 3 13 18 
-5 16 -7 20 24 7 6 8 -26 20 -12 1 31 -7 6 41 
-3 3 -1 -3 6 0 5 3 -1 -5 -1 -4 1 -5 3 1 
0 -2 -2 0 4 -1 -2 3 -1 -3 -4 3 6 1 -1 2 
-6 3 -4 0 4 1 5 4 6 7 -1 2 0 -3 5 -1 
-4 2 0 5 -5 -4 -1 2 3 -5 4 -7 -3 -2 2 -1 
-4 -7 7 -6 6 4 3 -5 0 -5 3 3 -6 6 6 1 
-3 -2 3 -2 4 1 1 -1 3 -5 -3 5 -2 2 -4 7 
-4 6 0 2 3 -3 4 4 -1 -4 4 0 1 -4 -1 1 
1 -1 -6 0 3 -1 -3 1 0 -4 -2 5 7 -4 0 -4 
0 5 -4 5 -1 2 3 3 5 4 1 0 -1 -2 4 -2 
3 -1 -1 8 -1 -5 1 6 5 -3 -2 -7 -3 -6 2 -3 
-3 -4 6 -4 5 5 4 0 -1 -3 -1 5 -7 3 6 -2 
-4 5 3 -1 -1 -1 5 2 1 -6 2 5 0 2 -9 4 
1 1 -3 -3 5 2 0 -1 -6 -6 1 -10 -1 -8 3 4 
6 1 -5 -3 0 6 -5 -2 3 -1 -8 -2 0 -4 6 4 
-2 2 -1 9 -7 10 4 5 2 3 -3 3 3 7 4 -8 
-3 0 5 7 -5 -7 2 6 1 -7 0 -6 -1 -7 4 2 
-4 -1 1 0 -1 5 -2 -1 -6 -4 3 -2 -3 3 4 0 
7 -6 8 -3 2 6 7 -3 4 -5 -5 4 4 -4 -6 4 
-1 9 -4 20 6 -12 -1 0 -6 3 19 -3 -3 1 2 6 
-6 2 -2 -5 12 -10 -6 9 0 -16 -16 24 12 6 -6 -16 
0 -4 5 -5 8 -11 -1 4 10 5 -3 -6 -4 -8 9 -5 
20 4 1 8 10 -10 7 1 -5 -2 -7 -13 2 -5 -11 1 
4 -8 10 -8 -1 2 -1 -13 14 -14 -1 15 -7 1 4 9 
-7 -17 -4 7 -11 -7 -3 -3 -7 6 -8 -4 -2 -2 -4 2 
-1 3 0 4 5 -1 2 4 0 -4 0 0 1 -1 3 3 
2 -4 -2 0 3 -3 -6 1 -3 -5 -5 2 1 -5 0 1 
-2 4 -5 1 4 0 3 8 6 5 1 3 -1 -3 7 -4 
2 -1 1 5 -1 -6 0 3 4 -4 5 -6 -4 -5 6 -2 
-4 -2 7 -5 6 6 0 -3 -2 -3 0 5 -4 3 4 2 
-4 -1 3 -1 -2 2 0 1 0 -5 0 2 -4 1 -3 6 
-7 4 3 5 2 0 6 4 2 -4 3 1 1 -1 3 2 
-2 -3 -8 2 7 1 -4 2 -5 -1 -5 5 10 -4 -1 0 
-6 5 -6 0 4 -6 3 7 7 10 -5 1 1 -6 5 -6 
-1 -2 -5 8 0 -9 2 4 5 -6 5 -6 -1 -8 5 -3 
-2 -4 5 -3 2 5 1 0 2 -8 -3 10 -6 0 9 -1 
-7 3 -2 2 2 1 6 2 -3 -8 -1 2 -6 2 -7 4 
5 8 1 -3 9 4 3 -4 -3 -6 2 -12 -3 -7 1 8 
9 -2 -2 -2 5 0 -2 3 0 -3 -3 2 2 -6 10 -1 
-6 7 -8 5 -4 1 11 1 -1 6 1 -1 2 5 10 -1 
-3 13 1 7 -4 -5 7 4 4 -1 -3 -5 -6 -9 0 -3 
-5 -8 8 -3 -3 4 1 0 -6 -6 5 5 -2 5 5 -1 
4 -1 2 8 4 4 4 1 5 -4 1 10 -4 2 -9 1 
2 -4 -1 -2 5 3 5 -1 -3 -12 5 -7 5 -2 3 6 
6 3 -4 3 10 5 -5 8 -1 -1 -4 -7 0 4 5 5 
-2 -1 -1 8 0 2 7 4 5 1 -1 -5 0 4 4 -10 
-1 7 5 5 -9 -3 5 7 3 -7 -1 -3 -10 -5 0 -3 
0 -1 9 0 5 7 -1 0 -1 -7 -1 5 -5 0 1 1 
2 -8 3 -3 6 -1 2 0 5 -4 -5 6 -7 -7 0 5 
-2 3 2 5 6 -2 6 5 -6 -3 6 -4 -2 -1 0 4 
3 0 -4 -2 5 2 0 -1 3 -10 -2 6 3 -5 3 -2 
-1 -1 -7 8 0 1 9 6 9 7 3 3 -3 2 -1 -4 
-2 2 0 5 -4 -4 6 7 6 -4 -4 -4 -2 -7 -1 -3 
-8 -6 2 0 6 5 0 -4 -1 -2 3 1 -2 7 2 -3 
-3 -2 7 6 -2 2 1 1 4 -8 0 4 -3 -6 -7 6 
3 7 -5 1 0 13 5 -4 0 -8 -5 -10 7 4 13 9 
11 3 -4 -2 2 -7 2 -1 1 6 4 -15 5 0 10 -2 
-2 -11 -9 7 -7 16 6 7 2 3 -4 -7 -5 20 5 -7 
10 7 15 1 1 3 4 6 7 -10 -4 1 -5 3 2 -11 
-19 8 0 -1 -6 13 4 9 -1 -10 -4 -6 -5 11 7 4 
3 -1 14 -5 0 6 3 -8 15 -5 -8 5 7 1 -7 11 
17 -18 9 -6 13 0 2 12 -2 -6 0 0 10 11 4 4 
24 -16 -7 0 0 16 -1 19 8 -2 -4 -15 -1 13 0 6 
4 5 -7 6 -7 -4 2 -1 0 -6 -13 -13 3 10 5 -15 
-16 16 4 4 -22 -10 -4 11 -5 10 8 -11 -10 -9 -7 -3 
5 -6 1 -12 16 8 1 -5 6 -8 5 17 -2 -3 -1 11 
-13 -28 -4 0 9 6 -2 -4 18 0 -7 13 -14 5 1 0 
-3 -1 2 4 1 -3 3 0 -3 -2 3 -5 0 -3 3 -2 
0 -4 -2 1 6 1 -1 4 -7 -2 -1 1 7 -2 -2 3 
-3 3 -2 0 1 2 6 6 7 5 2 2 0 0 3 -4 
-3 0 2 2 -5 -4 2 3 4 -5 1 -5 -3 -5 3 -3 
-4 -6 4 -6 2 7 0 -3 -4 -4 0 3 -7 2 3 2 
-1 -1 4 2 1 0 4 -4 -1 -5 1 3 -3 -3 -4 5 
3 18 5 1 3 -2 4 1 -11 0 9 -2 -3 2 6 6 
7 1 -2 -3 6 0 -2 -3 8 -9 0 -5 14 1 4 -13 
-12 -7 -9 1 3 -1 6 10 -2 10 8 2 0 0 2 1 
2 7 -2 10 5 -3 3 10 6 -10 -1 -3 -2 -4 4 -3 
-4 -6 3 -3 3 1 5 -2 -1 -2 2 9 -7 6 6 -4 
1 7 0 4 -3 4 5 -3 4 -4 2 3 1 1 -8 8 
-1 1 5 -2 -1 -3 3 3 0 -3 -2 -3 -2 -8 5 1 
-6 -1 -5 0 8 1 -4 7 -2 -6 -6 3 7 -1 2 -3 
-5 13 -4 7 6 -1 7 4 8 6 -4 1 -3 0 1 -4 
-4 7 -3 4 -5 -6 0 5 7 -7 3 -9 0 -5 3 -4 
-1 -7 9 -9 8 10 -1 -4 0 -1 -2 8 -9 -1 10 1 
-2 1 3 -4 1 -3 1 -2 -2 -7 0 6 -7 -1 -9 1 
9 -7 8 -2 9 3 5 0 -7 -11 0 -1 6 2 1 11 
11 -3 -5 -4 4 2 -4 8 0 -1 -6 0 6 7 0 -3 
-2 4 -2 4 0 4 3 2 0 3 -1 -5 5 3 6 -3 
-6 13 6 7 -11 -7 -3 1 3 -1 2 -2 -5 -9 2 3 
-4 -6 10 -4 0 7 -1 -3 0 -4 7 9 -11 2 -1 7 
1 -15 3 1 -1 -1 3 1 6 -8 3 9 -12 -5 -5 6 
-33 5 -27 -12 -10 -6 11 16 1 11 7 -9 -24 0 11 2 
-12 -5 -5 18 23 7 2 -10 -10 7 -9 19 -7 7 -1 0 
9 -14 7 -15 17 3 -2 -2 19 -10 -7 -5 -32 -14 12 -2 
20 -29 10 -12 -6 -13 9 -6 -13 7 -4 -3 0 -5 -1 -12 
3 2 26 4 -15 -1 -10 2 17 -15 3 -10 -17 9 19 -16 
-4 -3 -10 -3 -27 -20 -9 2 -15 -19 -16 9 -12 -9 6 -2 
2 -3 -3 -3 6 -8 3 8 -3 -6 4 -10 1 -12 -1 7 
7 -3 -3 2 7 7 -11 4 -5 1 -2 2 2 3 5 7 
4 11 -3 9 1 9 2 0 5 1 -4 -3 0 -5 10 -9 
-5 5 4 6 -7 -6 0 6 6 0 2 -8 2 -1 11 1 
-3 -2 5 2 4 3 -7 -3 -7 -7 5 4 -7 3 5 6 
6 -9 4 2 0 7 4 5 -8 -4 -8 5 -9 -4 -1 3 
11 9 14 -8 15 -8 6 -4 -15 -10 2 -9 13 3 -2 2 
19 1 2 5 3 15 -7 5 2 -2 3 -6 16 8 12 -8 
7 16 -8 -4 -22 6 0 -3 0 -9 -9 -18 9 -4 14 -7 
-13 16 -1 18 -3 0 -11 9 3 14 -8 6 8 3 3 11 
0 -1 -4 -14 10 4 -16 11 -17 -7 9 17 5 2 -8 1 
14 -18 2 -1 -5 24 -1 2 -5 -1 4 9 -10 -9 0 8 
-3 -4 0 14 1 -9 5 1 6 2 5 -1 -3 -7 0 4 
-3 -3 -4 0 1 2 4 0 -2 -7 -12 9 10 -7 -1 0 
-2 2 -16 7 0 2 4 5 -1 8 -6 2 2 3 1 -5 
6 0 -6 -2 -2 -8 9 7 5 -13 -5 -1 -11 -7 4 0 
-8 1 3 -3 14 13 5 -1 0 1 -4 10 -2 7 10 -6 
-10 3 1 9 4 -7 -1 6 11 -2 5 7 1 -5 -13 4 
1 1 -3 3 5 2 2 1 0 -4 -3 -3 1 -1 3 3 
0 -3 -6 2 7 3 -3 4 -4 -3 0 -2 3 -3 -1 -1 
-7 7 0 0 3 -1 6 8 3 6 1 1 -3 1 6 -5 
1 2 0 4 -3 -4 2 3 5 -2 3 -10 -6 -5 5 -2 
0 -6 6 -5 3 6 -1 -1 0 -2 -2 1 -3 6 1 -1 
0 -3 1 2 3 1 3 1 -4 -6 -2 4 -4 -6 -6 7 
4 0 0 -11 14 1 7 3 -8 -7 -3 -7 -2 -5 3 14 
4 7 5 1 -5 9 -11 -4 6 3 -1 -14 -2 1 9 6 
-1 -5 -11 5 -15 22 12 7 2 0 -5 -4 8 1 -4 -6 
-4 1 4 -2 -5 -4 2 7 7 1 -4 3 4 -6 -3 -6 
-18 0 -9 4 -3 -4 -7 16 -14 -7 7 -3 -5 8 -3 -5 
16 8 17 -3 -4 18 17 -6 13 2 -2 11 2 -8 -3 6 
3 7 -1 -2 4 9 1 -1 -2 -4 7 -9 -3 1 2 6 
6 -1 -1 -2 6 1 1 -1 -3 -6 -2 -4 9 -6 4 -4 
-7 -1 -4 5 0 -3 5 9 1 8 -1 3 -2 2 6 -2 
6 0 6 2 2 -7 7 8 3 -7 -2 -5 -1 -2 3 -5 
-12 -1 11 -6 1 3 -1 2 -5 0 3 3 -9 9 1 -2 
3 3 9 1 -2 4 8 -2 5 -4 2 7 2 -2 -4 11 
-4 6 -4 5 4 5 2 -2 -5 -1 7 -18 -6 -13 1 4 
3 -10 6 1 -1 -1 1 2 -8 1 -3 -4 12 2 -3 -4 
3 -5 -2 5 -2 1 3 15 2 -1 -1 3 -7 10 19 -2 
-1 8 -5 4 3 -5 -6 5 4 -4 6 4 -8 -7 2 -9 
-16 -1 12 5 -6 3 -3 4 -5 -17 3 9 -4 5 9 0 
0 -6 12 1 -6 1 -2 2 2 -10 -3 3 -1 5 -10 4 
-1 -1 3 -1 7 -5 -1 1 0 -5 5 -10 0 -6 5 8 
1 -3 -4 -2 6 -6 -7 6 0 -8 -4 -1 4 4 6 0 
-1 0 2 9 3 1 3 5 3 4 -6 -5 -2 11 5 -9 
2 4 4 4 -5 -7 4 1 1 0 2 -5 -8 -9 4 -3 
1 -5 7 -2 1 9 3 -5 -1 -4 0 2 -6 2 7 4 
0 -11 9 -1 0 -3 1 2 1 -6 -6 4 -5 -2 -4 2 
1 5 1 -4 3 8 3 4 -5 1 6 -9 -2 -1 10 8 
3 4 -1 4 3 5 -5 -6 -5 0 5 -5 -5 -6 6 9 
-4 2 -11 9 -4 10 10 5 5 -1 8 3 -3 -9 -3 -8 
-8 5 3 -3 -10 -7 6 -2 9 -7 -5 3 -5 -7 8 -3 
-9 2 1 1 4 -3 0 12 -12 5 9 -5 0 15 8 4 
-1 12 15 0 0 12 13 -4 8 -8 5 14 1 -9 -9 7 
0 4 -3 0 5 -4 15 -1 -10 1 12 2 -4 -7 9 -3 
-7 -4 -2 -6 7 -3 -7 0 6 -17 -12 10 2 0 5 -8 
-18 -6 -3 5 0 5 5 -1 9 3 10 10 -1 -1 -1 7 
8 4 2 -2 9 -4 3 3 11 -16 -10 -6 2 -6 -7 6 
0 3 6 4 2 13 8 -8 -5 8 -10 10 -11 10 11 6 
7 -2 5 2 -4 -3 3 -13 -6 -3 -6 0 3 -11 -11 4 
0 2 4 -3 4 0 6 -3 -4 -8 0 -4 -1 -4 2 3 
2 -1 -7 -2 7 0 -7 2 -7 -10 -4 0 4 2 7 -2 
-6 7 -5 6 -1 0 8 5 5 5 -2 3 1 0 4 -2 
-2 7 0 2 -7 -8 2 0 1 -1 2 -10 -4 -7 1 0 
-7 -7 7 -5 1 8 0 -4 4 -5 1 0 -4 4 6 1 
2 -5 -1 -4 4 -2 4 -2 0 -7 -7 5 -3 -3 -4 4 
3 -1 1 -2 3 -3 0 2 0 -10 3 -9 3 -5 1 10 
0 1 -2 1 7 -3 -7 2 -3 -13 -5 6 7 2 6 0 
-5 9 0 8 -1 1 3 -4 3 8 2 -5 2 11 9 -5 
0 6 2 8 -4 -4 -1 -2 1 -4 -5 -4 -8 -3 9 -3 
-4 -6 1 -6 1 5 3 -1 -2 -3 -3 -5 -12 3 9 4 
1 -12 7 -3 1 3 2 -5 -7 -5 -10 5 -6 -5 -1 2 
13 2 5 -5 20 -12 1 14 -19 -2 28 2 7 -1 -6 -12 
16 -7 4 -7 8 -6 2 6 28 -4 7 17 6 49 -12 -12 
-4 2 23 6 -10 -17 -15 5 23 -11 -12 -9 -16 -20 22 -12 
17 6 -15 16 1 -13 -9 2 7 17 -3 -32 36 31 -8 -4 
-9 -3 24 -11 -19 -13 -17 15 15 -13 3 22 -27 -18 3 -1 
28 -49 -7 -20 -4 -2 -21 -32 -31 1 -27 4 -2 -4 8 -11 
1 -2 1 -2 3 -4 0 2 -5 -4 3 -7 0 -2 4 3 
-3 -2 -4 2 6 0 0 2 -2 -8 -3 0 5 3 1 -4 
-5 1 -5 3 4 0 2 7 2 6 -4 1 -5 4 4 -9 
1 4 0 3 -1 -8 4 3 4 -9 4 -9 -7 -7 7 -1 
-2 -6 3 -3 -2 6 0 -2 -5 -4 1 3 -8 2 4 -2 
-4 -5 2 3 -1 -1 2 -4 2 -5 2 7 -2 -5 -8 6 

