-151
372
169
-41
-327
430
-107
-249
435
-795
1041
447
-518
-97
1099
-140
-942
281
683
-369
284
-673
-1296
-440
-838
255
-82
-258
726
-145
257
-373
-537
-336
61
-255
-1197
-464
574
-141
-200
278
598
-52
-794
370
835
-127
-373
-11
-379
-55
596
-99
-584
-876
449
242
183
525
133
-1
-38
-710
-60
-889
-1192
155
173
47
-374
-459
-314
510
-396
-439
1013
191
-689
646
-57
-362
1534
279
-704
354
-16
429
0
0
0
0
0
0
0
0
180
68
-243
144
712
629
789
56
195
-47
235
161
-548
318
8
403
461
-454
854
-647
440
-215
726
-177
-420
733
-257
-450
1454
584
-843
695
-720
705
-337
-135
28
428
0
-1101
359
815
921
-196
-756
-63
-828
-478
-183
-430
-101
170
252
250
984
-507
166
623
176
337
-20
380
-1139
297
387
-33
-178
-873
-453
-363
-838
985
-509
-171
345
-379
-649
-422
92
309
656
-827
267
-845
-572
483
117
-998
0
0
0
0
0
0
0
0
167
168
-33
-70
97
28
128
-80
159
68
-352
-95
43
-69
-93
-87
145
-88
378
-21
-1
-3
39
41
-73
-126
-18
121
-17
112
-402
-13
-95
40
-270
165
251
-142
-285
-127
-25
-20
-2
-12
-118
265
113
-258
-119
-159
-153
127
136
-30
-167
-26
-56
-58
14
113
147
-6
-112
95
67
23
-208
-4
143
101
-35
-49
-98
-106
-95
76
14
-25
-48
-76
-108
60
115
-70
-8
122
-68
143
-63
-1
-47
9
-110
-194
132
76
-140
-224
91
32
-199
-41
-191
113
-162
-73
-97
164
258
375
162
206
-30
-460
343
221
212
27
-80
61
-86
92
185
-6
-82
-152
-424
54
-53
-36
318
98
-106
-68
106
-6
89
-109
162
-126
170
15
105
151
-198
-228
132
-263
-12
-260
96
-233
52
-220
130
391
162
-43
115
-151
197
117
171
88
-249
54
-184
77
188
5
-59
246
219
251
112
167
-185
-89
-191
-202
55
-87
-257
-38
-133
-39
309
139
128
214
185
-257
-26
-79
-35
521
120
-203
22
569
-159
-207
-215
-342
-88
-222
100
111
-199
-301
-28
228
49
114
-23
-66
-242
-349
110
211
92
142
75
216
-60
82
-233
-38
-19
-42
-131
-207
106
-136
252
218
16
-39
410
-240
-180
72
-35
-124
90
-178
136
132
1
-121
228
-110
53
43
-296
60
8
201
-78
58
-177
360
240
-214
-226
71
-257
39
-33
277
542
-49
-131
150
-426
18
154
193
-56
15
16
151
98
208
-21
-10
206
289
-121
-233
-99
70
27
-266
2
-258
-171
57
324
210
-134
230
95
-522
165
-183
70
171
56
-80
-3
-79
-31
239
-90
42
-152
-32
18
-111
-60
-178
84
-298
151
129
5
-121
7
-53
-189
357
117
255
-154
-196
89
-218
302
-277
-103
-210
56
-45
-216
77
227
-166
-93
58
19
-8
-217
-57
-622
-184
127
275
32
11
230
156
183
160
93
-44
170
-339
112
-235
-282
59
-138
158
250
-283
171
-175
-253
-74
177
-79
-137
-178
-334
225
-183
183
-72
-237
-230
-43
141
-61
-211
277
183
-204
5
225
-213
-190
-124
63
-142
48
-101
-214
2
-136
142
107
-76
484
32
-198
-30
58
-442
-204
7
-230
-461
210
6
-152
152
61
323
-41
-244
-188
462
9
-410
228
62
-23
-56
275
-114
-579
-204
36
135
184
143
58
-292
-63
-252
-355
-234
462
54
106
8
-111
-285
-101
-157
60
-99
-203
-45
-148
-254
-45
-108
-355
-267
223
-311
13
-147
-1
48
109
-45
-122
263
198
111
88
-12
137
217
-43
-52
-151
365
-395
113
-61
90
-241
51
67
-232
139
-153
160
223
-172
80
254
-70
5
147
-15
191
28
230
99
213
137
39
98
-58
-161
24
-176
531
-157
-30
-312
145
-70
-298
-25
-313
-96
-26
-125
215
160
-469
-113
-111
-30
25
-151
139
76
-113
-83
-149
-173
-262
-54
0
-40
-244
-622
-56
-145
295
-45
-318
56
-311
99
-369
130
178
142
110
-3
-111
-66
-118
226
52
194
120
56
-124
156
31
-186
97
-360
134
-4
80
67
134
96
-19
365
-232
-135
267
-246
129
320
126
53
-11
190
108
-1
185
-56
72
-195
41
201
54
-152
177
146
309
146
-23
-10
-163
-26
144
-26
-124
-236
72
-197
141
153
-143
-148
79
90
-70
138
211
-105
34
-169
166
145
-59
-43
-63
-143
154
65
427
34
167
231
-247
-60
-78
72
305
-76
-202
-385
70
-282
-238
68
-58
281
-61
-120
-77
44
-33
28
-23
-22
-127
109
93
138
-126
-87
-115
-74
-166
92
206
-285
266
99
13
-254
-282
85
52
259
180
-315
-208
71
-47
47
0
0
0
0
0
0
0
0
-38
107
54
289
1
-342
172
-92
-63
-97
-106
206
103
228
33
48
-102
145
132
-123
315
92
19
-174
127
202
-139
73
-160
-120
119
-242
-5
36
-244
-88
-212
-64
-26
-93
-187
-180
-44
-235
-28
170
-43
-240
109
-408
115
-94
95
-270
398
89
-203
-138
184
-145
32
297
-112
-5
-208
323
-271
253
80
-176
-67
-190
-89
4
76
140
-74
-17
102
-331
-161
231
-90
175
-448
-303
-43
-79
210
-250
72
195
-40
-1
363
-207
94
-312
117
-125
-19
128
154
7
-150
-137
248
-354
191
-20
-149
82
185
106
201
-61
-265
156
-53
-262
11
280
-96
-163
82
152
227
-320
69
46
91
-165
301
-250
243
167
-292
-25
-83
-231
22
-233
328
-195
85
523
-67
-41
-259
-84
132
-148
-61
322
-129
155
-99
-74
-256
37
-163
-145
139
-33
-9
255
313
-124
-297
110
-276
-146
-199
-208
-68
176
-276
33
-362
46
-235
-159
129
-42
48
89
-135
43
-135
-218
140
282
256
-31
-80
162
99
-53
-124
-171
-166
205
120
129
242
71
-148
87
-150
-56
21
-139
178
-18
-26
-170
271
190
-29
25
-144
147
107
-50
37
-12
-120
30
-125
-9
37
-51
67
42
-88
-51
182
-39
232
-89
-245
-208
-78
83
-194
50
337
58
37
156
-63
90
-285
145
-242
-52
-222
-101
-21
-244
-121
-54
-644
-104
-230
259
358
-195
75
79
12
-40
-174
-149
-20
-43
-125
-151
-89
-42
-64
77
54
-42
-171
42
-270
119
-146
-193
-161
-245
-43
-156
-105
-283
-54
-208
66
-163
-206
-263
-145
207
-26
-119
86
291
204
-45
195
-103
-22
39
163
-63
22
-8
162
106
33
166
-277
-169
-116
-149
131
-55
137
-95
267
-206
169
-15
19
-46
79
134
-146
-131
-151
85
-123
-239
-225
246
-270
-80
159
-392
-139
-6
129
-86
-26
-71
135
231
-141
64
-132
-59
-179
55
231
-142
219
115
67
-52
197
-167
-109
179
-135
-70
-161
130
9
64
82
17
370
249
-191
-95
139
40
-183
-69
59
-9
-19
-15
146
-183
-327
273
177
139
-381
-152
42
338
87
65
201
459
347
19
-102
24
8
-89
-297
50
113
-98
18
-300
-272
-32
-87
-165
6
-124
-238
518
284
-195
-37
123
276
-28
50
114
10
388
70
-355
-365
26
78
-335
45
307
-128
134
-641
66
141
89
-296
-41
97
194
-187
-63
-458
-356
137
-460
-8
-422
212
-288
-330
-85
24
440
126
-203
379
-16
-219
-53
334
225
115
-145
-231
130
34
-365
356
327
8
-242
-52
316
-135
-57
296
-6
-162
-277
174
251
-231
298
-65
-137
51
45
99
-516
-11
-550
-522
207
398
-118
-36
-142
-229
-241
-40
-141
-119
332
-344
-288
-369
305
-414
-116
37
-265
-267
355
-184
-388
135
-309
-279
-210
-47
519
294
-29
-366
20
-94
-155
-320
318
-240
103
118
-43
-110
135
-296
-170
-264
356
18
18
257
-279
-114
-81
-33
-134
313
-200
263
-434
133
-625
278
950
-144
593
-242
-621
9
-279
-545
-295
-6
116
602
-85
514
-169
31
-323
-96
95
305
-117
16
212
27
518
-230
41
54
-313
154
-155
-96
-415
-21
249
-189
-56
-265
-99
12
-664
181
151
345
497
-204
-248
-116
-346
30
-161
-160
19
-115
426
-84
-164
-334
-215
-184
-312
-179
274
-165
379
-45
-290
116
-229
99
-392
-527
-85
-186
463
267
117
-424
325
-308
143
-107
118
-46
21
24
-211
-34
-230
209
-302
-101
126
-111
117
-38
326
-314
102
511
-214
262
-494
-352
-314
-505
83
344
106
-230
-516
-233
-67
-318
-132
-377
16
-43
210
-497
76
-560
229
-14
-311
394
-342
353
280
-86
-150
-52
-415
-99
-131
97
167
-303
-437
-369
330
117
-365
342
-371
-138
-52
95
85
-322
-480
-172
253
29
36
-541
-461
-226
320
-205
-43
-72
-122
185
154
-863
-296
21
-394
-163
-79
-199
-317
-212
-192
-275
103
11
-246
91
-116
295
253
-567
280
-246
-214
-789
-252
-66
-283
-156
125
65
-133
-26
319
115
126
38
61
-283
-299
-309
-375
66
-280
-229
-458
-75
-49
-71
-62
-447
290
-332
-86
-88
-168
139
-248
30
-164
-217
30
157
261
-55
100
-363
-105
-364
-341
-406
431
25
3
-342
-251
-187
31
67
-188
-17
52
10
270
20
-288
103
-333
-224
-171
-110
163
426
88
-234
-174
115
-216
-105
-36
349
-167
-156
381
283
124
524
-350
-340
488
273
-191
-278
407
141
182
-114
137
-581
-33
-74
112
-439
-350
-68
-454
293
188
-349
-17
-96
-305
119
-287
-345
346
-69
308
-245
-413
174
42
178
-286
273
238
186
181
195
-363
38
337
394
230
-51
205
-88
-180
216
-124
-103
142
-139
-214
-138
-10
325
228
-305
228
-78
-59
-397
-397
-209
-149
99
-156
-203
-268
196
354
266
310
304
-226
-68
772
594
-32
-27
456
62
347
101
-108
233
-305
-86
288
-445
-18
115
-54
-258
-151
46
-121
-658
-267
64
-148
-156
-127
-188
-330
-551
-276
810
-194
278
-473
-188
-231
-267
-118
-467
67
-143
-188
-302
-352
21
-346
-110
4
-448
285
-294
-502
-48
-400
-186
399
157
203
141
-64
177
5
78
309
264
-367
110
-23
-379
-662
-102
180
213
-102
134
45
170
216
-448
-180
448
-190
-152
-229
753
89
-563
59
-112
-1
258
-872
0
-190
-150
86
384
217
14
-133
-265
191
1090
0
195
299
-11
22
-257
-114
-1
418
467
-307
10
1
-835
-103
185
252
-99
-258
155
158
112
-279
84
-1
-704
-367
78
-661
364
-1
63
-1
-105
67
-41
1
0
335
-151
1068
-241
-233
432
618
-176
-497
30
-3
-54
-429
617
-7
98
287
-258
0
176
-68
-139
559
214
475
-754
223
-131
-90
-117
-14
-343
-14
-102
-1733
-92
0
315
-296
-212
-1
198
-526
-23
-403
-25
-82
-199
-636
-2
-364
-479
-120
438
-225
143
9
51
-104
-171
257
-193
94
-304
-565
-2018
-1
166
-135
64
-212
-234
204
71
-167
-50
-74
-600
237
-134
-256
110
-478
30
1193
-284
-241
-320
13
-325
167
-101
92
-182
-418
-462
-206
-9
230
-125
-129
-81
-918
-88
-128
-206
-435
-646
348
530
-94
-475
117
171
-413
-379
-95
373
70
172
-79
-425
-9
-414
-274
230
58
-176
-67
-391
-259
-311
1572
-419
-500
0
298
129
141
-253
41
-266
645
-1
-142
-8
-38
-326
182
-169
-375
266
-43
676
-43
276
-198
104
-962
0
-52
1031
320
160
-218
313
-788
213
94
392
-3
105
-301
-18
-195
151
20
601
76
-771
-9
-100
-122
-161
-255
436
-248
-279
144
-30
40
55
138
-233
-71
-580
-24
-372
-256
-24
-204
-220
323
-60
-134
129
-1
416
265
1636
723
-4
-234
783
-285
-471
-181
-89
-1676
118
255
-1048
-130
-54
-285
-324
-269
-143
-266
-51
-6
-29
302
17
-37
63
-548
-99
-71
372
172
-902
-142
983
1380
-369
247
-5
15
285
-45
-322
-171
-190
-125
-178
3
1327
153
-223
22
-185
1240
-255
968
47
786
-84
-254
-34
146
147
65
-414
-71
-169
-390
-267
212
-293
175
-804
-162
272
345
214
467
297
-142
-345
-109
-15
-57
-90
-248
-1
-328
-438
-471
-716
-716
-189
-188
-111
715
-237
45
103
309
-412
487
121
-227
743
22
-604
-1078
-1070
-153
224
-485
73
110
-301
955
-503
209
-132
-139
170
-163
406
7
-299
51
329
9
-185
1103
-547
25
0
-244
-26
-61
-368
-59
-3315
432
2027
-2071
-46
147
-32
-900
41
314
-260
403
-890
346
145
-285
238
116
-135
3411
-94
-152
177
36
533
4
527
-252
284
247
-434
-302
-184
266
335
175
48
-494
-181
-240
-4
3
-98
262
-53
-1
-1386
83
0
-385
-263
305
241
0
-189
-228
-141
-160
202
27
466
-496
-790
127
-790
33
-322
76
-274
312
-255
27
369
-427
-209
-219
-122
238
57
-264
-252
-221
-147
-397
4
49
178
-1
-302
-102
-592
-100
-143
-296
-477
-123
-7
232
-76
79
-155
475
1696
-3
199
174
-37
-84
-478
-8
-429
1000
-424
-279
-511
1622
56
-406
-1
-94
-448
-164
-1357
1722
-93
-283
238
148
-84
0
216
216
-205
1222
-253
37
-24
279
-696
-512
-173
-380
164
-745
397
-1
124
-561
-563
194
-220
1137
-125
96
1
-1
-220
644
-298
486
-2
-354
37
-269
-621
-109
293
-199
215
-1
64
135
760
-41
