449
737
837
-920
408
-346
120
-439
1312
732
-260
71
305
178
438
-87
-922
-317
-652
619
188
-256
-173
-310
431
4
187
597
1140
645
95
511
-221
-605
-680
1458
885
49
-218
-320
286
-1167
349
-15
993
-247
-399
-393
530
971
19
200
39
-729
716
-927
482
461
182
-920
-378
-311
420
301
-775
355
-581
138
-1306
111
681
-442
-288
-342
424
-651
-559
986
380
555
-278
324
249
403
-356
-402
906
240
0
0
0
0
0
0
0
0
-715
-502
65
223
115
-503
-493
-154
719
-352
302
78
502
-1156
200
813
-200
680
2078
-86
-120
443
699
-7
334
-562
30
-424
675
-160
-38
131
-1229
1907
-108
897
586
-24
547
-119
-1284
-205
-278
-1003
77
-1129
182
952
-312
-570
381
277
-117
942
-798
-122
-236
269
455
-245
-565
-948
-604
41
-28
-265
642
139
758
-120
341
662
657
-260
117
768
778
572
466
537
-802
784
-517
-1172
342
566
-375
321
0
0
0
0
0
0
0
0
-219
267
-137
-54
227
40
198
-157
24
-28
96
375
-113
-12
-132
-93
-1
255
-153
109
30
-96
-39
-112
-42
-25
260
112
-48
-187
-193
117
42
215
-261
124
171
-176
309
134
-7
-51
81
130
-122
346
328
-188
-212
229
-270
-103
-142
191
-185
65
-72
337
-77
59
111
-29
354
56
9
186
-89
108
52
124
64
-312
199
-163
37
-172
107
-131
54
-125
-16
195
330
-23
-144
129
186
161
242
-382
-136
-132
78
100
160
-18
-24
23
-453
248
70
-177
-23
-185
169
243
-105
65
315
-59
104
-346
-78
-180
-486
172
573
21
-209
236
136
157
-37
136
-261
43
-302
-340
96
-57
91
-67
-209
-85
144
363
33
-74
17
-34
-108
-86
148
-213
-202
-337
265
28
-191
-204
39
36
-158
-136
17
-208
301
-202
-1
-4
176
104
-376
91
-155
324
-150
-155
94
-208
148
412
-304
-445
77
25
-134
-110
-314
104
-62
99
-165
4
265
28
-357
191
285
98
113
1
26
-142
-163
-142
189
12
-138
-204
-134
42
-195
-210
89
-86
-67
311
269
-105
-120
-379
357
87
-265
132
220
-397
-148
86
224
113
130
240
-83
178
187
89
-104
-272
-230
116
167
-60
-300
-95
111
-189
4
44
-187
-106
-230
357
134
314
203
55
-114
-3
-358
99
-174
85
-64
-318
48
-446
75
-124
194
-11
448
181
-110
-346
-222
-259
174
-273
261
109
308
-146
-513
29
121
-380
-73
126
-99
247
26
165
-57
-74
286
29
227
40
-69
-172
-123
-223
54
-39
-274
126
-297
-299
169
283
-371
357
-306
31
189
34
-35
-102
-122
90
-205
-195
132
-2
-203
-305
43
-185
-258
-257
-331
86
-318
-459
-164
-25
54
171
-162
-225
25
268
184
108
179
-176
-161
-135
86
-240
-30
-126
-148
114
148
157
-261
-30
-44
-6
13
148
-111
155
19
297
192
-236
309
-79
53
290
-12
12
-222
290
-245
123
-84
-178
64
-60
-155
118
403
103
-39
323
-204
-145
-59
-208
-45
308
-88
27
14
51
-91
389
13
-378
267
199
91
-67
234
110
-108
-199
32
-66
-120
225
50
-288
32
-170
-228
-300
66
-389
296
159
-68
122
-76
23
-239
-320
-226
338
-177
-237
201
56
-268
106
-168
7
-11
133
-101
184
-69
-201
-101
186
-18
-120
265
-8
337
190
72
80
-424
141
-215
-126
24
255
-98
-134
69
-163
-341
-149
-112
341
-75
42
332
73
-263
-156
-205
72
206
-198
106
-268
-158
383
145
-118
118
-138
-30
309
-15
310
119
127
-61
-307
-210
328
-437
-389
7
249
140
-155
46
155
32
-288
423
-329
151
19
-165
146
-155
-245
-128
-246
-121
55
-273
170
-54
60
228
25
125
-137
41
-42
-397
-306
-33
-30
179
281
78
-161
-45
-101
-46
-143
147
63
-257
187
-282
-295
-33
-338
-101
-154
28
218
49
183
-187
-69
256
-134
-157
75
-125
169
268
-103
-274
4
153
-204
41
132
-107
20
74
-60
-198
13
164
-216
-98
36
-32
7
111
8
-51
-93
-196
135
173
-132
-52
48
-151
206
-209
-1
287
-160
-70
166
95
-52
-98
-58
-224
346
-203
170
-60
-216
-163
164
-43
66
163
-52
118
111
329
153
-35
45
69
-135
-154
155
72
-294
-186
97
-104
-48
-96
156
163
-10
158
-192
-85
-137
169
-239
-142
170
-118
-14
-203
-322
47
79
-136
-35
262
152
-76
42
-70
-115
63
22
3
217
221
7
278
105
217
113
-387
341
-187
-152
17
-133
332
222
75
-273
63
182
-104
-96
169
75
-150
121
256
-139
37
-125
-66
236
-359
-124
-28
-67
242
177
-11
12
138
108
0
0
0
0
0
0
0
0
90
-65
74
304
61
-148
-67
-51
-272
33
-3
-17
-218
252
191
382
-24
-45
19
-172
9
86
-98
345
-14
90
-56
-240
92
95
35
-234
-73
55
140
197
-26
-14
70
-145
-74
176
21
-210
223
-176
-199
-18
179
-39
-245
228
-36
-45
150
-136
112
156
75
120
-64
-244
-229
134
-274
96
-128
173
-78
-84
-32
218
184
-142
-215
-72
-116
-98
-224
-258
165
79
-51
148
226
-286
40
118
45
102
101
68
-31
166
-68
-195
-178
62
152
294
249
50
-347
-14
-31
104
-221
399
-105
248
-236
119
-132
-35
-147
-51
-266
-67
120
391
109
-169
-178
-62
-65
-115
-75
-70
-219
-38
170
-279
-92
-11
-29
-80
166
-42
-83
316
75
-6
-169
118
175
233
-332
-158
179
49
-35
42
-36
87
-17
150
250
-59
285
-36
142
-45
206
178
-176
70
67
260
-31
-181
-145
149
-278
-6
-210
146
-19
-62
-167
40
265
-65
253
-40
238
80
-150
169
-2
-22
145
18
-387
33
-73
-220
115
-253
-103
-249
50
-5
102
157
-231
-130
26
157
112
-197
-212
-24
169
120
-166
-133
-1
159
-180
-151
-14
136
-117
0
-187
-82
28
-61
-97
-8
12
-158
31
7
-36
122
105
95
-70
35
-23
-203
-108
162
19
-264
51
-71
10
202
-50
-190
74
132
261
125
116
-101
-155
212
-36
127
-421
-349
-3
333
251
-153
-11
-20
77
-41
-302
-144
-115
19
-143
-112
-22
-274
-77
176
128
-185
-244
-307
76
-26
-93
-31
-101
186
-243
-204
-49
-3
78
-104
31
-142
292
-96
39
312
-71
230
12
108
228
86
-184
-104
-105
-293
-302
69
-326
-50
123
166
-175
-6
-67
219
-98
-3
181
-162
3
54
78
-129
-96
-40
122
221
125
-35
206
16
32
121
-111
-91
-153
163
258
132
-104
-306
65
-214
-57
-56
247
136
48
-130
102
-200
76
-106
-103
-40
186
-24
-28
183
51
40
-146
95
154
3
-168
-156
200
142
-19
55
120
40
-127
-132
113
-188
64
198
167
40
205
-94
-144
126
-148
125
-156
360
-192
-13
-158
312
167
140
157
124
92
-126
198
-113
-216
-162
-127
80
-11
135
-114
-158
-188
114
-64
-177
-129
70
-101
376
-279
-295
-72
-190
-123
104
65
385
78
236
-26
327
-125
-280
325
181
-103
-336
-26
359
-240
-525
-17
-190
-10
-335
64
-165
-199
-299
220
-78
-159
246
129
275
100
-63
-213
-222
-163
-104
-256
-6
484
245
262
-53
-381
-67
-262
-324
212
-14
-401
606
-55
75
-341
-83
-231
-62
-180
177
-282
-100
-101
210
518
-59
-365
141
285
176
-333
-189
126
-156
-222
-335
-171
413
125
59
102
202
-39
-95
-306
151
-69
-142
-5
-342
-404
306
-27
-180
359
-393
-351
78
271
356
-102
109
22
351
130
-44
102
-21
-284
267
247
491
-354
-18
-249
308
-398
46
212
-6
-207
221
115
-251
-21
129
58
243
-230
-297
34
-154
-238
-43
354
-105
128
8
238
352
234
-359
-19
-303
-95
-46
232
43
-225
339
211
0
-75
106
188
6
207
-11
76
77
-384
-169
-138
-215
475
-515
-301
-139
-448
-74
167
-295
7
243
412
-151
-176
-116
-307
39
155
-84
3
-399
-86
-526
-170
124
41
147
-145
244
151
33
-126
508
-156
442
-127
-4
-117
79
145
191
135
314
-172
122
136
-182
-130
49
-593
225
-475
-166
399
130
-254
-139
-299
-147
172
270
124
-45
307
-241
-222
121
-456
114
-93
-204
-20
-195
187
459
104
-144
26
45
-490
-365
299
340
-266
-326
87
-12
-220
-167
26
-258
-234
-117
21
-212
244
-55
290
-292
-244
131
-26
-151
-224
86
178
93
-206
662
-75
-257
-65
277
534
-152
-11
75
-194
70
21
-524
-98
84
-240
-92
94
140
12
-474
115
402
0
-311
314
-283
-158
-223
19
-112
-468
251
-274
-321
-76
-202
215
281
-20
-147
-14
-175
-195
29
131
-377
49
-110
-404
91
26
-97
389
-363
286
-150
-77
-213
387
-502
158
144
236
-206
275
-120
276
158
-422
-453
-64
268
242
-94
235
-117
-256
-269
-432
-277
30
-243
130
-570
-289
-352
-160
35
-170
60
149
82
139
-247
-245
149
-19
-13
-25
-131
-299
-175
-85
-581
-90
-143
86
44
-107
-111
-181
-160
-36
-273
-537
215
-120
-75
-234
-146
-353
464
-90
-118
96
-312
-458
-317
310
-193
-248
-173
-370
117
7
-444
405
300
164
195
-101
-429
521
310
51
-946
347
82
-475
100
-507
550
-80
-253
-304
315
175
-149
-93
-261
-229
-194
-189
-80
49
175
-94
-119
164
346
-131
314
-122
42
338
110
132
-149
158
-315
155
83
-217
-121
69
285
-273
142
-279
-138
180
308
-55
-317
-401
148
-210
130
253
-269
10
380
153
-315
-180
248
-165
-137
-325
342
-134
88
-333
30
429
219
307
135
-162
-280
305
54
-308
637
129
319
-165
-438
-25
159
-390
-306
173
97
159
320
194
-243
237
61
-677
-137
152
144
79
-302
288
101
345
-198
-456
58
280
-418
266
-153
-84
-334
-66
-4
-256
-192
-57
-259
111
-59
-287
-124
159
-127
-492
325
-123
219
584
-19
100
-149
-200
24
-339
-377
-243
-174
375
329
-46
-165
-26
675
346
266
318
-263
-278
222
-280
70
-52
-2
92
-173
32
33
-351
273
558
127
-917
16
82
-204
0
-57
61
-328
-398
-139
-5
-475
-463
221
1798
0
-300
8
173
10
-162
207
-1
-1348
140
-218
155
-111
99
-450
178
263
17
565
-322
-93
-127
86
-259
-2
385
-125
-106
-934
-117
-1
106
-1
-314
-10
1
-2
0
-107
160
-1091
-83
-166
201
557
-331
887
-261
35
-353
-53
483
12
-67
-121
-346
-1
-406
-695
-262
-150
-142
628
-232
103
-71
-339
-275
-35
35
82
-288
1012
-393
-1
-13
-151
-27
-1
-21
-1999
116
937
56
2682
-281
-780
152
-212
984
-124
-310
-6
383
111
278
177
369
-94
-77
115
-300
197
1514
-1
-23
223
309
47
-6
-151
-172
-13
819
330
120
-323
-282
31
-156
522
-167
514
-153
62
-396
-113
-384
-967
-171
-116
-172
1202
-360
-214
31
-19
-85
189
-99
776
-304
-310
478
-475
277
142
-1
-181
-430
-250
171
-167
-121
-14
-14
-131
-166
-82
-329
-230
-1
249
-439
-64
128
47
152
-108
-384
716
16
52
-1
214
219
-378
-96
-143
72
414
-324
-149
42
175
467
195
-263
-1680
-545
80
537
422
-121
-252
-98
228
0
-433
-1102
-144
391
-209
-96
584
-131
161
-167
-14
-338
-340
124
-167
305
355
-400
-283
15
55
-359
-70
151
-438
-789
-236
-575
-208
110
-183
-2
-31
-78
123
224
-184
-20
-41
-36
61
-53
-113
150
188
209
-1
157
-2092
-433
208
-51
-190
788
-296
-145
-248
234
352
66
155
1381
-175
-182
183
8
-652
-333
-340
713
17
688
-65
-92
-339
432
305
-317
-405
164
29
1201
309
220
-97
203
-209
-94
-16
-177
-531
176
-183
-138
24
246
1
819
205
122
29
-214
-3129
398
699
-178
820
-247
-281
57
-11
361
408
-37
46
-463
1621
-238
63
-138
-417
-513
121
-213
-193
-114
269
56
60
-270
-279
6
25
844
-158
-1
321
371
-850
-766
409
65
-307
-1007
-195
-178
-36
14
799
241
-983
-86
-244
-317
146
-28
-1466
1909
23
-462
235
98
-252
-223
-634
-135
446
291
153
-21
74
425
-500
103
-52
-45
380
-910
-1003
-447
-2
0
-368
-252
-107
-1
-172
1023
-1254
820
-1772
-265
77
66
-1049
142
-1111
-124
-342
90
143
-412
127
404
199
206
-91
-45
-186
-136
-123
731
16
-227
-82
-187
-404
64
-16
-186
448
206
138
-94
-568
-102
-103
10
-3
-529
5
254
0
-1583
-352
0
11
-210
-2078
-372
-1
-97
13
-220
-360
39
161
129
729
-48
310
792
-332
-377
-749
42
-700
-302
-552
73
-354
215
512
-118
195
-294
-142
20
23
-134
98
-689
43
67
-1
873
-197
-296
-128
132
86
-183
1051
368
-201
-20
345
-78
-127
309
-488
115
-80
-261
-1072
28
249
-366
-1014
134
-217
-85
1373
-24
142
0
-356
-493
130
-55
-1548
-41
96
-740
-221
-252
-1
105
679
-273
816
-336
-51
-65
-276
24
-192
293
-168
-220
-419
1306
0
-57
-700
1097
75
-291
510
-30
144
-212
-2
0
40
43
-398
-147
107
284
97
-1707
257
134
-227
694
-12
531
-71
46
-40
