0
0
0
0
0
0
0
0
0
0
0
0
0
0
0
0
0
0
0
0
0
0
0
0
0
0
0
0
0
0
0
0
0
0
0
0
0
0
0
0
0
0
0
0
0
0
0
0
0
0
0
0
0
0
0
0
0
0
0
0
0
0
0
0
0
0
0
0
0
0
0
0
0
0
0
0
0
0
0
0
0
0
0
0
0
0
0
0
0
0
0
0
0
0
0
0
0
0
0
0
0
0
0
0
0
0
0
0
0
0
0
0
0
0
0
0
0
0
0
0
0
0
0
0
0
0
0
0
0
0
0
0
0
0
0
0
0
0
0
0
0
0
0
0
0
0
0
0
0
0
0
0
0
0
0
0
0
0
0
0
0
0
0
0
0
0
0
0
0
0
0
0
0
0
0
0
0
0
0
0
0
0
0
0
0
0
0
0
0
0
0
0
176
-8
-261
-241
135
-10
123
-78
-92
73
369
-736
324
105
-130
-53
-233
-69
-269
-88
288
-43
-183
-91
176
-317
107
93
104
-73
227
-116
-6
173
105
-270
-274
-8
-82
130
-203
1
-173
201
15
-319
31
58
-82
104
-70
-82
306
113
-104
-38
-174
-102
-322
-75
-30
72
218
-120
-210
-14
123
104
-294
91
-75
-39
7
38
157
-245
-33
-78
116
21
-83
-196
196
134
96
7
-249
-230
-203
-65
90
1
135
165
-35
-150
-29
97
-125
-133
-180
143
-387
236
-49
63
173
-72
-325
139
-1
45
-311
-77
590
85
-189
-178
21
-256
-272
-324
201
152
352
106
-179
7
-354
273
-179
167
227
15
-31
-155
-62
-145
50
105
-371
-15
-23
177
33
265
64
159
209
9
-313
-151
547
186
-69
-466
183
-363
-412
-58
228
7
437
-263
149
-53
333
-191
-20
-121
48
-435
289
245
-155
63
261
27
151
51
-140
26
-48
217
-80
19
-82
239
-195
-196
190
-214
-156
40
-14
-525
252
215
-102
94
25
77
180
-309
31
119
59
-169
-148
24
148
-173
388
-209
161
131
-184
-310
-136
-219
71
-250
-233
-94
60
-55
-253
-304
333
-83
541
378
20
290
180
-169
-35
-98
250
21
-120
-321
142
-474
-9
328
-280
73
-199
373
-127
-106
287
-162
172
-13
10
383
156
-111
-40
-88
125
-36
288
-192
-129
166
3
-81
-151
-280
250
199
22
101
27
-222
-20
308
394
-276
140
86
-493
132
-319
235
-26
-114
240
-349
-34
223
296
-85
121
-210
-148
-147
-174
-407
-79
-360
-536
592
21
-72
83
202
-53
-163
264
139
210
-162
149
-275
-66
-212
85
343
405
-75
146
227
238
300
-112
-257
108
-55
57
-199
109
-42
-158
-376
-137
-180
-224
59
205
-224
-127
-100
-358
420
279
-44
2
-193
114
-200
-711
263
80
-365
-274
286
-32
-357
170
251
-190
78
-277
-101
-250
276
380
-265
247
-229
122
-137
-392
-268
45
119
-51
-320
344
123
240
258
94
-101
-168
121
-73
-131
-228
416
-399
159
-353
445
-96
22
-64
-174
329
-243
-65
183
-99
-161
80
-16
270
-229
-97
287
-24
217
-119
276
427
136
-303
111
47
286
-146
-155
20
-292
85
307
351
-375
-123
-263
-61
-252
26
248
-238
-16
270
296
-247
283
-334
-307
288
-417
-99
42
-186
-247
-118
-205
-112
294
103
-479
220
139
42
-240
214
-59
126
111
-55
-132
-132
-267
-154
-243
-125
325
212
119
37
-192
82
59
-31
-236
-125
178
-170
-42
241
-152
-169
146
-409
85
-100
-334
39
-34
-88
172
-39
-208
-153
-68
-239
-257
-214
-137
-112
180
216
278
-51
200
-191
244
-364
-157
72
112
75
-79
105
-38
172
-63
56
65
-20
197
-82
132
-307
-81
-99
167
101
-53
65
-75
124
25
-129
282
-330
336
164
64
184
66
4
-93
-202
378
308
-41
-122
312
-186
-196
246
-156
174
-225
-34
248
-248
111
28
-144
138
-220
105
204
-133
66
47
238
110
-44
-341
51
-71
-129
178
210
229
-141
-143
-40
67
-74
209
-198
14
258
-70
2
333
12
-160
-41
-143
118
27
160
-132
-45
-2
78
78
65
-237
-161
-312
-197
-140
174
125
-154
-174
-57
159
347
219
111
-263
-62
-74
-25
-135
236
-29
366
-153
209
322
243
-236
-220
129
-8
-113
-139
-30
143
-243
114
-100
-63
-219
125
146
-229
-142
308
290
258
-60
-254
-107
47
-28
-91
-114
-233
294
246
-49
-100
64
196
-19
67
-189
-172
-99
-70
29
0
190
-21
46
185
-228
-177
232
-301
-68
70
-55
33
-18
158
226
244
-137
-129
0
0
0
0
0
0
0
0
-20
-231
20
-162
-156
154
14
251
-156
11
-106
-293
66
-31
-98
-4
76
30
-422
247
-79
-72
119
-350
48
102
225
-199
-67
19
-135
116
-173
36
-203
189
125
-169
99
33
-79
-202
106
-72
-126
-130
211
-182
19
25
-77
-57
116
-70
195
-19
-7
252
-73
-108
70
-218
-115
-137
-146
-369
60
-96
307
220
-222
-212
96
-168
-126
196
19
-48
-27
5
-114
16
191
-200
-345
281
196
223
153
38
-46
-151
-103
338
38
269
274
-241
207
129
89
-91
-69
-71
97
-128
420
-122
91
-216
182
-111
-56
-66
167
259
-2
89
17
162
-58
-264
-6
-231
-171
-132
-209
44
-99
19
255
168
-188
-25
-186
266
214
259
-355
-159
-158
-124
-256
140
81
-302
135
-30
6
172
-108
262
-23
-229
199
-195
-255
-100
-202
4
35
-129
-70
32
238
119
366
-221
-161
-137
199
-21
1
-156
-282
23
-61
-176
-84
-1
-257
-79
-37
64
-44
182
216
-189
-130
15
66
248
-50
-100
-87
-7
173
-77
68
205
-114
75
-335
-234
-57
-118
-70
-101
-18
-127
-186
-21
-98
-103
-129
-230
81
-232
13
111
14
-9
38
-7
20
109
-169
-67
-84
-76
99
-194
-83
167
-121
-18
-14
-61
55
-172
-37
36
231
97
95
-198
-336
-4
171
-123
126
-165
-289
115
-233
-92
77
340
50
-26
-62
-31
651
-160
156
446
-15
-86
68
-222
42
301
166
145
-144
170
-111
-216
-195
-123
-23
-70
105
-116
-92
-46
-2
-151
47
121
100
120
121
50
-16
48
52
57
190
-14
41
205
-23
-83
181
87
-148
-86
-236
-14
136
272
-240
-41
30
88
-245
115
160
85
147
-17
-81
-165
252
-23
-268
221
-123
-52
-384
239
-122
79
-36
-2
-83
87
131
104
-107
48
21
330
220
106
-22
46
134
-76
-48
30
-53
-205
207
-66
-175
-168
68
-19
-127
155
-66
-155
55
125
-190
-109
-50
-127
-182
169
-18
-181
98
-128
74
-54
132
148
-145
-208
-44
129
324
-85
-115
169
-349
-9
330
167
-8
307
-273
163
356
38
242
176
-459
-215
118
95
-176
38
-143
438
-309
-132
123
-73
-120
-31
168
92
-6
-4
-80
-122
-80
-223
-25
-211
-32
18
-200
53
101
211
190
-111
-143
328
-205
-50
71
-301
2
27
214
98
-215
-181
-142
128
-189
229
-35
-42
-145
244
-433
-188
-232
380
-206
-367
-178
-132
106
-76
268
238
-111
-168
-281
-31
313
-194
130
-18
30
81
43
71
-194
237
-275
-180
243
-297
25
-137
-212
-627
217
3
95
245
-64
-117
-270
62
100
-101
397
-101
-45
-337
119
272
-101
3
358
425
-14
-67
-164
87
-151
-398
288
-384
-183
-558
46
-289
-88
-441
-656
47
-33
-109
324
241
161
345
-466
-270
-165
-194
-118
313
-254
207
234
415
68
-255
104
258
-349
126
209
-382
141
-91
213
9
-88
10
-24
286
47
-54
75
-281
-144
-246
141
19
22
-301
-217
528
40
-315
5
-651
370
-343
275
-89
105
171
3
230
-325
-235
198
-70
-118
199
250
294
-167
-226
-20
-269
173
-142
-262
195
-73
337
-94
122
-404
79
251
-282
237
487
55
-84
-68
-335
103
-159
-84
114
233
-375
22
-11
-160
-404
34
163
-140
-107
-95
-25
-81
-364
-136
126
338
128
-223
218
418
-349
260
-316
249
-46
-92
-375
231
343
374
13
-97
282
-101
-89
-150
200
-243
-414
-361
-314
-65
-21
307
60
-178
-316
-424
-72
-196
-253
-167
62
-364
546
-172
262
74
-286
-262
31
-350
-187
94
37
-208
-290
-251
355
-286
101
-35
-256
-334
83
-160
-231
-282
-440
-123
97
-48
370
-527
-49
-178
431
19
391
93
138
-53
114
-207
-28
335
65
150
-188
119
-85
-188
284
-183
182
35
423
-42
-126
321
8
23
-213
-21
-337
181
316
-222
90
-228
-162
-338
373
-97
-610
-81
-742
6
252
306
-69
-11
148
115
355
-120
-107
-266
216
-277
61
118
125
69
-233
367
225
179
-271
-172
-358
-323
-65
-310
162
-397
24
-314
-111
149
65
69
-129
-248
294
-78
48
-210
-161
82
-274
297
561
-123
112
224
123
38
273
-106
100
230
-195
-326
183
-140
-17
67
-68
-196
79
-499
431
-211
298
-340
88
210
179
-277
-121
309
117
243
366
-231
261
265
241
-159
-41
-18
261
-108
-98
-273
216
-159
-155
-120
331
-188
797
-89
280
-227
-265
-85
-131
265
-89
124
301
-180
263
-229
-228
146
42
-70
-262
177
39
35
-119
127
-183
-281
-187
268
-98
-96
300
-200
-28
200
-216
-69
-188
-464
138
234
382
-363
-203
-256
-65
8
-15
-113
211
-269
-138
162
-67
79
224
-88
86
-95
46
249
-290
-194
316
-73
98
-26
309
81
278
19
158
-416
217
-30
-320
588
312
2
155
-316
-119
-66
176
377
142
0
102
-401
219
-104
494
-121
-342
-128
-4
130
276
-60
-117
-486
101
279
-228
-398
236
48
-332
293
213
-374
-34
-223
-161
123
-239
-313
-113
300
0
-51
-333
45
22
-103
-200
-145
134
19
370
327
-241
218
164
106
180
384
239
320
-95
-12
83
-109
-231
-328
764
416
126
319
-89
-199
79
27
-272
-106
-88
-86
119
16
178
-148
257
-77
135
-227
-258
76
24
-460
494
-201
448
-534
172
548
449
109
-9
-14
-352
-20
31
-132
285
160
249
61
-56
-267
57
1435
-1
99
-94
-96
-2
-72
-314
-1
-2731
103
295
-226
-173
-571
-112
82
-198
169
-427
-590
-56
-273
-345
228
-5
-432
192
-270
-1313
-15
2
517
-1
102
-224
98
-2
0
-184
133
-337
139
14
-289
-504
-181
1453
154
-29
-140
509
1460
-5
110
-224
-224
-1
347
400
246
-378
-115
-559
-594
-432
168
-308
-21
-197
-205
-163
-194
-431
-221
-1
35
241
-115
-1
424
384
-272
851
7
-877
259
-603
89
-267
368
163
-307
68
23
-127
24
-220
-294
214
-192
-81
123
253
-1333
-1
19
-76
-148
209
422
-261
-45
-251
736
937
-1407
648
-14
212
-9
537
-9
-507
-172
884
306
210
348
-739
-28
428
327
-1410
557
-94
-39
-591
63
131
5
135
-120
330
328
454
259
387
-89
149
151
-131
685
191
-230
-235
-99
1264
255
20
152
-159
1432
139
-358
-3
-147
305
254
-255
-72
11
406
-284
0
-239
31
-304
125
-130
256
-609
983
207
490
136
-778
14
311
-520
-5
4
1326
296
-292
71
-84
742
-1
-8
-715
-237
-856
-67
-212
-644
-300
-59
627
9
-216
-493
-169
432
-229
-16
-251
56
-457
-214
233
-749
59
-90
-382
-155
390
62
-182
-323
-152
-233
27
243
390
-88
-699
-237
105
511
517
325
-363
257
-251
-1
-369
-692
-796
-113
91
-215
1815
-28
-208
437
-272
-401
589
-196
318
59
129
210
-417
142
-366
306
-1158
18
-428
-213
170
-213
457
-237
228
1132
262
105
1180
-345
-433
-370
291
-95
-177
-36
-145
-369
-69
43
-142
-216
-100
0
-251
451
-704
-134
477
-572
34
-344
-1073
-1317
49
47
-80
381
174
176
-45
-45
-85
1031
394
-325
225
247
-117
-86
71
188
-125
-292
-529
-274
-319
126
-3
449
-162
-69
0
-170
-68
1334
476
1055
346
-141
-735
365
-55
-272
-238
-591
287
216
-33
-362
-1337
-273
333
-490
-2331
230
-244
409
-658
-107
-315
-1209
-470
-146
-5
-73
-172
233
549
-169
-173
-389
646
1207
1021
492
-259
38
-1
-301
338
622
-180
59
1347
1289
-685
-1026
79
-121
-86
1243
86
-2552
-362
-202
420
-257
459
-102
45
-314
34
-2362
39
105
449
-262
-141
-295
-101
494
269
-102
474
-248
-189
-301
435
-119
101
648
-155
82
5
-1
58
-719
-181
-1
-1585
323
-1
-76
-39
25
-19
-1
507
97
368
556
-183
235
362
-740
376
-97
633
229
365
138
918
-402
-75
304
-105
-388
164
-282
-152
-151
-138
-234
137
-49
304
-357
-734
118
-19
-2
886
-423
584
-260
135
-43
5
-905
-213
-425
1715
-85
166
326
-1377
-161
129
-218
-69
644
802
670
-26
1424
511
-172
-313
386
163
148
4
313
-215
458
810
-1187
154
-206
414
-259
205
0
-190
-383
-334
47
-479
-26
62
-239
990
-650
987
-423
417
169
460
-1
-834
82
-1507
278
19
489
-64
211
-301
0
119
-257
796
193
510
7
562
216
40
-426
-194
210
-484
24
864
-53
150
11
