0
0
0
0
0
0
0
0
0
0
0
0
0
0
0
0
0
0
0
0
0
0
0
0
0
0
0
0
0
0
0
0
0
0
0
0
0
0
0
0
0
0
0
0
0
0
0
0
0
0
0
0
0
0
0
0
0
0
0
0
0
0
0
0
0
0
0
0
0
0
0
0
0
0
0
0
0
0
0
0
0
0
0
0
0
0
0
0
0
0
0
0
0
0
0
0
0
0
0
0
0
0
0
0
0
0
0
0
0
0
0
0
0
0
0
0
0
0
0
0
0
0
0
0
0
0
0
0
0
0
0
0
0
0
0
0
0
0
0
0
0
0
0
0
0
0
0
0
0
0
0
0
0
0
0
0
0
0
0
0
0
0
0
0
0
0
0
0
0
0
0
0
0
0
0
0
0
0
0
0
0
0
0
0
0
0
0
0
0
0
0
0
-190
-158
272
61
-56
-127
-107
-106
-273
-18
-118
-75
-123
-167
2
88
-128
80
-434
-88
116
294
39
155
-61
42
-167
-3
13
337
112
-29
-60
-359
-82
-98
-52
233
-261
-202
-121
153
-28
-161
87
-17
-224
153
206
110
-124
96
-227
-106
134
96
33
-134
119
-118
-82
-105
40
166
60
100
81
-45
-72
-90
-24
213
-104
36
38
-57
199
-235
-97
-57
-173
-239
-295
-62
95
158
253
-174
-34
173
-128
64
8
-216
-34
-188
-46
-88
187
207
197
95
-233
20
-178
72
18
32
236
-185
-66
314
71
-325
-77
-161
154
-205
17
-17
-222
-53
-331
166
-257
36
172
325
178
-370
367
-139
97
-19
-238
-168
18
140
89
-44
133
-98
-255
177
-52
-94
-574
-35
-96
-29
-173
-34
105
-194
18
-21
280
-202
351
41
254
80
55
140
-46
-129
77
-17
-380
-114
-86
47
512
151
-174
-72
16
-129
-60
89
-85
234
326
-40
270
-166
233
108
-124
-1
6
56
-20
-154
-27
567
-328
232
-54
-548
-341
-117
208
-299
-121
147
-43
278
-127
279
189
-83
264
134
97
92
333
-38
92
-75
49
97
195
-281
-215
199
-233
-116
-182
-314
425
-99
-103
-330
-218
256
-142
-217
-344
11
146
86
-56
395
-139
-228
-26
19
-101
-203
-293
-60
-430
243
9
23
-67
-258
76
-79
-90
-420
64
144
-269
102
-32
-219
-49
-139
124
-376
-127
-163
641
-73
-78
406
-47
66
-150
-213
239
-152
190
-344
119
-109
206
-236
119
-197
-186
-23
-309
-196
-15
127
132
129
37
199
265
-191
143
143
178
-148
-51
162
109
-146
1
-111
-494
77
145
-142
-98
-103
120
55
104
-86
133
-283
133
127
141
89
-248
2
-254
-241
-136
-62
-51
-186
332
87
-44
123
-40
-253
-22
126
155
11
-126
263
-118
187
-324
-90
107
-86
-181
-288
-141
-61
-125
-216
-5
-126
-49
185
-48
-152
473
26
-372
13
-275
-138
224
-48
-211
-175
309
-124
133
4
207
-109
-167
-240
268
-26
61
31
-474
-51
53
-245
235
-305
-88
-196
-276
110
16
-51
328
-185
222
-113
-124
-237
13
211
-14
-425
-198
126
-164
-34
-169
58
-310
-161
119
-113
264
182
114
-83
-186
187
315
145
-238
343
54
-177
51
-112
-40
-116
227
-348
-215
-318
-218
-242
297
51
-264
260
-75
478
-251
-191
6
-403
129
-32
87
-61
-187
-192
273
-81
74
29
103
-237
88
-114
168
-378
280
255
217
-192
222
227
116
-255
-111
41
135
-30
-25
-151
-187
-197
-298
286
60
-73
-168
-131
358
210
230
32
-481
202
52
-256
-414
-261
-316
138
224
225
12
260
173
-176
-184
-125
-214
95
264
-152
-202
-232
-181
-46
150
184
5
-156
185
125
-237
-465
177
16
-129
259
113
187
-4
273
-162
10
-35
306
222
-166
88
47
92
-137
190
249
-159
-169
-98
158
105
-127
102
-284
211
67
-157
59
-145
245
-316
327
-197
344
-200
2
199
14
-52
-85
242
-189
-104
59
-25
44
-123
11
-165
-36
122
-95
68
-63
-14
-163
229
40
-136
69
-115
112
-68
131
161
-23
221
-180
-86
153
-300
187
-108
-101
-46
-132
-13
-131
-172
48
-119
96
66
29
-141
80
-77
145
228
-93
170
26
-160
-82
70
-236
121
33
-290
-42
-100
86
57
15
59
-191
122
6
324
-141
-173
38
-47
78
-220
-213
178
-225
-171
64
-50
-51
-1
-217
-56
168
210
-66
126
-165
-74
24
-129
315
-190
-229
-35
-158
-19
-185
-27
35
60
-7
-87
-143
21
47
-38
-177
141
10
61
-92
-207
129
-53
46
170
185
51
173
-62
160
0
0
0
0
0
0
0
0
178
13
91
-143
-529
272
23
68
324
228
62
216
-122
-201
-120
-210
-28
-8
69
-118
-370
-346
-224
27
18
158
-52
-57
-109
-176
-48
168
-164
-85
71
-35
-179
365
45
-242
-42
44
-174
149
19
118
251
90
-192
-152
7
14
453
-124
-263
47
36
187
-65
-288
116
302
51
225
78
198
-192
215
12
-18
-46
-129
-174
190
-109
-95
-104
352
121
46
-215
-199
26
-131
376
295
-152
-162
-304
268
195
-263
-208
-258
8
247
43
-407
245
-126
12
27
-236
166
-42
-189
-172
-153
265
-277
207
-42
128
-165
-270
-270
49
-155
-144
45
168
428
156
19
153
-146
6
-73
253
156
65
108
-366
163
207
-256
340
30
148
298
-63
37
-140
-197
102
108
331
56
63
112
-262
-70
34
126
-150
73
-312
-124
117
-234
88
161
-109
99
151
3
-238
50
263
-148
168
237
89
-34
240
-144
29
191
-218
-48
-4
54
29
-144
-26
105
120
2
311
-211
-16
-173
-223
-89
186
6
-19
163
53
160
109
-86
-9
-59
-3
162
234
-34
-174
212
-89
1
-78
-46
45
-209
-274
102
91
184
78
205
48
-138
-111
-142
31
164
-95
277
168
-12
-8
-127
-32
-89
-120
-16
40
-103
97
230
-40
37
-30
277
63
-61
-137
197
-57
-69
153
59
-187
36
-211
-12
88
-241
-37
-123
415
275
-65
152
-77
-11
-218
-57
81
-78
260
-250
229
-151
139
-206
-28
115
-40
61
-126
-59
-100
68
-186
20
103
-97
-119
-154
209
96
-219
-145
257
12
-164
-73
156
150
207
2
-166
-94
123
-238
-30
-240
-11
-273
33
185
127
7
293
213
-293
-235
-144
200
-48
152
-93
296
-91
31
-8
128
-198
-112
-20
193
-239
-65
-92
53
42
-222
-42
-354
125
-320
199
-205
-269
-36
-181
170
6
148
-43
-71
-157
229
-142
116
-208
-121
-3
-117
30
-38
58
178
-80
146
95
-178
96
-18
93
25
-176
-22
-207
236
-52
-320
207
-15
-162
279
89
-59
31
-164
-225
72
101
119
223
-220
-29
27
-274
170
-182
6
-107
-332
-141
-291
142
-66
-115
252
27
83
9
-45
177
142
-421
-118
49
97
-89
278
312
-13
54
-292
28
129
-27
-20
87
18
306
-190
68
182
-154
-164
-32
280
-31
-465
-457
28
151
66
14
132
400
-235
-37
213
119
-379
113
-151
-131
83
253
-1
260
-296
-291
-202
-246
-204
-73
-85
-184
-193
25
-239
-403
-486
-233
498
325
-133
-358
-282
-751
211
-180
574
-85
-208
-64
82
403
-33
-378
9
-702
104
312
239
142
263
489
95
180
-433
-272
-509
423
249
79
-171
92
-348
-73
241
100
186
-139
206
33
558
-215
154
134
533
430
-1
-65
-336
-121
-65
139
306
-202
69
-190
-117
-94
-68
134
98
183
-408
-341
-240
147
1
-60
138
-344
70
330
177
-20
-38
-228
-168
225
143
212
110
-215
-214
732
174
10
36
13
-132
-188
-316
-44
113
-60
94
153
219
186
-422
-322
416
151
-117
85
180
255
-406
-697
162
306
130
-89
-178
440
399
-215
254
232
252
68
-438
42
-35
338
122
14
121
42
-464
155
286
255
-109
4
-211
188
-174
361
129
-117
-265
-239
-210
-209
-261
97
269
-176
65
160
191
48
-204
-27
-67
-225
-10
-96
-55
-20
-352
89
-180
-309
-79
-142
91
304
-127
-269
-235
311
484
-543
329
165
-239
226
151
201
124
132
-62
49
-67
-58
-139
-71
-137
-143
22
87
380
305
-315
274
279
188
-33
141
-273
408
-187
341
129
140
-90
-346
-60
-289
-72
-131
185
111
125
232
-61
-304
-860
281
-175
271
100
-84
-187
177
-595
134
114
182
-409
-734
236
-160
181
196
-78
257
-460
-84
211
545
116
-99
-338
-72
117
-49
-176
-74
152
257
-81
61
215
189
-135
-106
-209
494
333
579
-30
-451
-382
343
249
-33
-354
-206
80
-323
340
342
-341
-738
-226
29
-178
487
290
-42
321
57
-277
-254
413
118
-122
273
259
-233
392
-399
-276
-119
-274
93
-748
206
-92
53
-2
113
-321
-357
0
-106
-206
325
77
200
-304
296
-24
-326
-499
-85
-169
24
34
199
-23
89
-72
210
-170
-34
-104
-211
-69
60
29
163
-8
188
129
75
208
150
143
-153
192
134
-108
-357
-66
202
-158
97
133
-326
109
325
120
-34
114
142
211
340
-265
-228
36
309
-112
209
75
304
265
-162
-341
42
-452
-92
-43
229
242
216
241
173
-142
-139
-315
-64
-250
157
48
-392
-189
148
12
229
298
-148
314
232
282
374
-99
179
-100
92
-359
-347
-6
-163
221
97
13
4
178
374
276
-200
-275
245
-238
-259
-222
-92
88
-267
-411
-51
-252
136
425
-21
-544
364
-5
110
243
123
134
-163
368
240
106
464
255
290
-20
-74
-191
74
-484
-154
-116
242
419
74
131
-92
-457
112
-371
-17
-591
-141
159
-71
364
26
216
155
43
-685
-167
-294
-57
-94
-203
-84
-266
49
87
-348
-83
285
408
-277
-120
37
-399
35
-300
-96
-339
-26
147
24
29
94
-196
259
78
-339
-334
52
-59
366
-392
-204
-83
301
-198
-183
212
239
640
-425
112
-104
-107
-112
-588
-414
420
255
37
-200
12
-23
-95
78
10
-444
-461
15
40
291
102
-873
-58
-296
0
-333
-1123
-1
-270
75
-248
-95
46
-9
-40
306
-47
145
0
91
-74
-51
0
346
1178
-1
1282
5
433
494
41
531
21
-270
759
195
-67
-455
-445
-177
347
-379
0
23
-86
-298
380
235
0
-97
-1
-142
129
209
-1
-1
17
-122
789
139
1337
-134
186
-95
482
223
7
221
207
-425
-223
-94
165
-36
0
-203
-413
-623
199
-316
281
720
36
-378
112
-32
369
-178
-117
328
-730
-22
-1
-253
59
165
-1
290
874
93
333
15
510
-312
612
-74
284
-538
-182
378
241
-10
55
-101
-225
155
75
179
-151
245
-315
-409
0
-147
359
8
239
158
293
-107
389
267
143
960
-106
95
-358
398
5
6
-723
37
-184
-287
175
106
82
-81
-106
38
-1058
306
-210
1
-152
149
93
-333
249
-97
-187
-338
181
-10
-382
493
-80
398
-127
260
222
-208
244
-12
-869
391
-154
46
-120
661
-232
-9
-263
390
151
-125
117
433
1422
-377
-154
-1
-75
-205
23
-237
-210
-213
-47
-99
-264
166
167
-497
-37
-197
-607
-337
-1
-768
53
-191
-118
123
-32
-1
46
-372
-441
1252
216
-244
-107
128
-202
-780
-3
146
-12
-58
-319
-256
-11
-230
60
350
-79
-178
-178
115
6
-964
263
-289
327
38
-308
224
-126
81
11
51
-150
154
67
-12
-126
-136
21
179
176
-102
0
-347
-128
669
289
-21
-276
-707
20
15
131
-50
850
48
-143
853
-218
-24
-258
-45
-471
142
-206
481
-7
-37
-109
-167
63
79
135
227
-591
458
248
-982
411
69
1297
-224
-123
85
1
226
-36
-383
-293
-42
150
-142
1
-45
-42
-521
53
381
-2578
-265
548
690
-403
819
190
-11
3
367
375
-311
142
-37
366
-479
141
63
-536
-41
-217
26
93
-64
-215
125
-59
266
99
35
41
660
-681
-1
-624
418
-307
-428
156
478
93
-272
-230
-121
-12
281
252
-345
-436
-48
-205
497
0
-686
-874
-1007
104
74
-76
277
197
202
645
-303
-3
-327
303
-38
112
-189
30
68
-298
-330
-801
-102
1198
354
-66
0
222
144
435
-154
23
-618
-365
40
2510
242
-214
-257
-209
-114
-1412
-359
-325
-269
-158
-715
-30
-111
-12
18
1866
-13
-114
288
88
263
-186
251
151
15
588
-307
93
36
25
33
145
-50
7
285
-280
-1
10
427
-135
-465
-1
-739
120
-1
64
-86
-607
132
0
-45
129
-192
-25
-271
-257
76
312
-33
182
164
-18
-337
59
-419
-157
27
-147
126
-287
207
8
-48
-222
-191
153
198
83
-29
187
-836
-45
-359
0
200
0
-559
-489
-148
-478
96
-128
-293
-166
450
-210
-44
202
912
237
-12
140
-280
325
-267
-167
142
-1049
166
-52
-200
750
-295
50
-1
58
-87
-555
-612
245
162
-262
-186
94
-3
-1
-295
374
204
428
419
21
198
-38
-1027
-154
445
-162
-47
-1805
434
-1
710
-493
1562
-445
361
-838
-48
-320
224
0
-23
303
-64
-218
-93
32
-149
-59
1076
13
360
-211
131
-3
-207
179
740
583
