-226
114
-714
567
901
148
-289
-109
1030
-1582
351
181
545
239
-273
85
709
-125
-225
-152
-171
296
-26
-600
543
-99
-379
-942
-1862
-962
44
-178
-5
-287
964
87
-792
1214
-84
-223
168
1019
77
21
913
608
257
81
19
-816
-1042
282
-130
1066
793
-522
1116
156
36
-99
-154
239
22
-397
-419
-94
480
296
955
451
156
153
-8
420
-270
770
-259
1024
285
401
421
376
-1184
-168
301
757
-160
1021
0
0
0
0
0
0
0
0
-155
-440
813
87
45
65
-303
-185
350
-121
324
-280
-272
-450
-702
22
112
-626
-1016
-189
-723
220
-958
365
-499
515
82
119
-659
740
-60
-657
1193
-1026
513
724
709
-310
-213
470
1131
39
-94
634
-696
-440
45
386
-436
185
-65
-480
482
-743
-976
148
-207
340
561
-417
-595
241
149
346
-764
28
-80
695
-781
-447
863
-279
307
265
-230
-594
-705
327
185
-616
987
602
-279
814
-623
47
-119
-489
0
0
0
0
0
0
0
0
-143
256
-258
161
191
-94
101
-94
-74
220
-196
-113
-284
-236
-187
-123
5
80
-110
-235
-423
-182
87
57
-22
69
-63
-131
-139
-194
-108
35
120
376
138
160
123
158
-223
151
-135
-169
55
-42
-52
275
88
-119
-89
-63
-160
160
240
61
-8
44
48
132
-224
50
228
-47
-183
134
206
-82
-195
-491
187
109
-21
-275
135
-137
-71
150
-78
-245
-60
-153
-79
259
190
-63
-204
100
-113
83
156
-17
77
-39
78
-160
35
128
403
-135
-277
20
188
91
-267
-82
206
177
-231
70
-359
-332
170
-13
244
-167
1
23
-112
-23
-195
-259
-191
-104
55
69
-359
270
-433
-243
61
222
-161
-69
-303
-248
38
-140
-137
193
-97
-146
-225
2
87
-88
-158
-112
385
-294
77
97
-262
109
3
59
34
-360
-220
-29
192
-220
-188
107
-69
52
184
-76
37
264
-291
-398
339
-413
-67
-262
-8
-171
0
170
-97
270
-95
-252
181
92
-526
-291
-7
120
230
-90
221
191
85
27
7
-116
-110
49
-111
466
186
-219
32
24
2
-169
94
-35
368
-143
-25
-208
90
73
-202
251
342
-400
-129
-164
221
139
-118
-36
-44
-18
285
-152
155
-29
27
18
117
-412
-342
-87
-101
3
378
-120
173
338
482
-277
-36
143
144
-42
-69
-254
-16
-46
319
94
14
14
196
-86
-44
-85
136
232
-246
-30
-199
82
-124
96
14
177
155
-256
-43
-75
26
180
91
-206
-238
-65
47
70
-274
-282
270
150
25
-247
-48
164
-318
-26
119
-16
-68
-153
-196
-221
-143
228
-90
-292
-124
196
-188
-193
-105
-265
-72
-164
-65
-32
-1
123
226
-16
42
164
-1
-222
-4
208
100
-26
241
56
-172
126
100
43
234
263
-111
55
15
-84
101
261
64
-246
-208
-206
252
-143
-32
-225
100
-78
-317
-112
98
-252
230
-94
205
-120
9
59
222
-224
262
257
178
-79
1
-76
-280
-192
93
-170
74
217
-222
-9
254
-180
194
-169
-168
-167
60
-39
-215
218
-157
-256
63
312
-94
-223
238
-200
-52
48
-158
35
54
218
-60
-151
-139
174
35
196
76
17
5
70
73
-163
-141
391
-24
-40
-373
84
-141
117
65
130
89
-224
85
-92
-157
-233
321
-415
-471
47
-172
269
327
-220
-328
-48
7
-397
373
-18
-233
-3
-134
-156
-242
163
-320
-375
-58
153
-97
117
-122
75
-97
291
-167
-67
-25
36
146
274
61
111
-58
-218
-19
-152
128
112
135
-166
-317
18
127
178
-165
-289
-379
261
12
201
230
-94
-74
127
65
-357
252
184
-329
-180
17
173
122
-89
117
98
6
-435
-200
-78
-132
159
-62
341
-84
22
58
-215
-97
106
-146
133
28
446
-193
113
-179
-146
-31
-204
558
40
-1
-233
-110
268
-300
72
-197
-79
-67
-247
-26
-115
-305
-154
-363
202
75
62
-113
-254
-56
98
-17
-131
-103
-90
26
-73
-29
81
-140
73
-17
-80
-174
23
-3
-300
-69
9
-264
29
-262
-32
-278
-164
205
-233
-171
244
-39
77
4
176
167
-150
279
-346
-132
155
-105
188
-93
120
7
271
-148
-136
-164
34
127
-80
68
-132
61
330
-252
60
136
-352
114
15
-3
240
8
192
17
-96
-11
12
-25
137
-67
-145
-113
-100
114
-25
-47
-19
156
-140
103
110
74
227
43
14
-25
61
-79
-29
22
-47
-38
-77
-308
-182
-146
111
-99
-146
307
-195
-314
-38
71
86
-50
-62
-206
87
258
91
279
-9
41
251
305
-287
-128
-236
-88
44
58
99
-242
64
-155
95
-109
79
85
121
71
130
183
79
263
109
-152
-28
94
-199
-87
355
-59
26
-83
-152
208
-156
0
0
0
0
0
0
0
0
-139
295
-149
294
93
-82
154
-79
-40
-146
227
-69
-54
360
-120
-7
33
90
310
-12
-2
91
-209
115
-103
-171
-34
-99
132
-149
-81
44
76
-40
-175
-4
-273
67
-161
-50
-152
-70
151
-126
169
-32
120
-270
-122
-153
-79
-474
-239
-204
-380
-111
218
80
116
-380
-151
357
-109
160
-247
110
74
195
-155
-192
-44
80
-132
68
207
-181
-12
125
61
-195
-15
240
-366
175
-411
-284
159
-185
89
78
39
-91
72
0
382
-15
-214
365
-205
311
15
-15
16
27
57
-80
279
117
2
-73
141
-36
-151
-440
-266
78
-174
225
124
253
12
-67
-164
-130
-67
-37
100
-167
-63
4
6
-226
-277
14
68
-95
-112
27
203
320
9
-61
-221
238
181
364
174
-127
-178
-58
-265
27
77
223
52
-43
349
-111
121
232
73
8
307
163
-52
-4
131
92
-246
-190
132
-187
-25
-78
56
186
-207
83
88
73
160
95
73
-47
-97
35
-275
-67
-113
158
97
-47
-118
-173
225
-99
-61
-171
19
8
-242
-174
199
-234
11
-69
100
-185
-162
169
-140
98
-103
-271
0
108
182
-167
16
106
-287
-44
110
15
11
123
-212
-79
-132
-101
180
-35
154
-117
-35
-91
180
150
62
103
-55
-43
-16
156
87
115
-241
134
73
29
-131
-141
-368
-2
316
12
-204
-133
-262
-147
38
159
228
-66
-176
9
132
17
232
101
53
39
1
150
-118
101
-150
-6
46
-237
-34
119
9
-127
183
-203
-203
159
-148
114
-196
-188
-316
12
-132
21
-202
-216
4
-202
7
-279
-166
-92
-223
-212
89
326
143
-117
-222
84
53
201
123
-135
-274
-173
38
-172
153
137
-12
-178
-161
-34
144
-40
-9
-87
206
222
214
147
5
188
-8
192
35
-26
-149
179
-190
-399
184
193
76
64
67
30
-23
-206
-65
35
70
-96
-64
75
-375
-163
-193
23
-215
-124
169
-186
-88
-43
-95
-167
115
-6
-140
-197
-106
-19
-89
169
170
228
-44
-20
254
-131
-27
-178
-91
-80
-294
11
133
76
-193
-173
-11
-174
141
269
34
-206
-215
-19
-65
-48
-175
86
-223
8
225
7
-142
-124
155
103
-284
59
104
-75
-220
-335
-104
-161
-159
-110
-80
-201
-107
260
-347
74
121
111
22
-520
206
229
-365
26
-188
118
-382
471
275
-115
39
422
-196
250
-30
-144
88
79
-233
-262
165
344
10
-120
41
189
48
312
-169
307
90
-184
232
-58
-78
303
-232
351
259
-260
38
-129
351
-225
126
-149
2
76
-313
-307
-79
190
22
-249
-209
297
-121
113
251
-396
-446
-369
-189
119
-289
-134
-112
-213
-230
-218
494
105
239
266
-326
161
58
-49
-425
-454
22
335
96
-256
175
502
-115
188
-69
316
-362
-100
-408
-265
189
-14
64
89
77
-121
88
-22
-105
-281
-191
-112
-271
-477
-136
-194
63
100
-312
-296
26
-288
307
207
-337
-262
159
-467
-67
207
297
-67
-333
249
-157
-371
221
-410
-93
-380
18
443
-250
-482
-339
531
-232
-688
-10
-172
117
-131
-206
337
-522
-231
21
81
151
-57
250
-41
-270
-182
186
12
69
-351
-297
-151
-179
-208
-123
-165
-310
-106
-32
-228
-136
-217
-179
244
-132
-296
-332
103
2
315
-143
-233
219
-215
-119
207
170
-207
12
103
119
446
158
-53
137
-241
146
237
165
-330
-220
-235
-392
244
-273
194
-376
30
183
-178
-190
-298
624
-398
-85
501
-281
-444
61
-211
31
19
-111
281
-251
-318
-30
-409
443
-212
-65
-117
-219
-414
-427
-366
71
-7
256
-173
-23
205
174
-47
-19
-57
-510
27
-343
297
34
-182
-200
132
-284
-230
115
185
-308
-63
135
-391
-179
88
-215
-590
182
57
-90
-357
383
-56
220
-293
-322
136
-14
592
-72
-267
-181
-265
-218
-75
-134
33
-196
427
-302
-190
-420
133
-89
233
324
134
332
248
548
-270
-27
488
-281
-371
-118
64
58
187
193
-103
346
79
-67
-77
-211
-49
168
3
-97
148
117
-192
-387
114
249
443
269
-2
-69
-141
158
-2
65
99
-310
290
312
393
-212
75
-137
-327
-105
-141
45
-217
339
-396
524
-62
-265
-2
-275
-365
-306
176
179
-19
-30
-313
-68
200
92
436
-240
-336
-354
-142
-188
-256
-140
-331
33
423
-104
-137
-557
-125
-179
-393
3
-76
-253
-222
-192
-51
-112
-352
-91
174
426
-88
-65
-102
184
-101
-236
-32
-78
-164
-24
228
-279
-151
-138
-253
-288
-610
-497
211
34
-624
319
172
-120
146
223
-210
353
231
-63
70
-273
-445
387
-175
28
-235
-156
103
149
-239
-150
481
124
-247
75
-494
-261
-130
230
-133
293
169
417
-321
186
292
37
275
-286
169
-10
152
6
101
258
72
-206
310
61
-367
-144
-284
-328
-241
106
237
-150
17
-304
-349
-202
225
-259
152
-164
241
-43
-74
-295
-62
-257
-194
150
-255
-177
-370
-113
-122
206
554
-18
172
-34
-161
-225
383
-220
-149
113
-297
85
-51
136
-289
-193
-42
73
8
-268
67
-251
70
-66
243
62
-40
259
105
146
-221
-12
-48
86
-218
-103
-70
-143
-326
-132
-183
-122
65
-221
-78
82
-144
5
-436
-239
-89
-321
-485
-562
317
164
89
-1
-607
-516
-466
260
35
-175
-71
308
-363
-440
27
-227
416
-239
-90
13
1
-652
-364
99
82
239
287
-1467
-180
-684
-2
203
753
-30
34
-240
29
-25
-204
19
-215
330
94
42
-1
269
154
5
23
-85
1127
-1
-273
224
-897
-9
-67
-237
-153
14
-1353
-267
98
620
-62
517
-172
-281
-4
1
-234
-167
113
79
-1
251
0
3
-375
-262
2
-1
98
153
-682
-298
321
387
-125
-175
-215
-7
-38
-118
-36
102
-139
-324
-120
-148
0
-412
-775
-437
-70
-30
110
-119
415
225
-327
-17
85
927
-263
283
356
143
-1
-249
7
-25
0
1294
-313
130
-1265
88
-58
20
-587
308
243
-179
33
64
-347
-225
-53
289
-238
-560
35
-246
100
-211
121
-1922
0
-63
-252
91
-396
-26
-85
-66
-390
115
-271
-116
-424
-140
94
-203
-746
-243
172
-260
96
-20
-289
93
1020
99
651
-393
-812
103
-144
-2
11
-171
-19
-11
-1201
-353
493
26
-860
-798
-400
698
-6
-541
265
11
-653
-241
139
261
-1013
-50
-26
-426
-33
-164
-36
-334
-1
-251
-146
-434
-64
-72
208
-275
-510
-1
95
261
-333
47
-268
-244
6
-783
-250
-127
-289
900
33
102
-1115
-876
22
134
-355
-94
-232
-264
-26
-1
271
-853
-1020
299
-237
-333
269
-243
-17
799
20
-346
-149
-164
169
152
-70
217
-283
133
1
170
-36
-529
-75
-299
378
81
37
-93
63
-310
157
317
-107
498
-103
-407
-144
69
-97
203
147
-116
25
159
-1
-347
406
-283
-189
-31
-51
-816
-4
97
-473
-300
-1767
-625
212
1885
-84
-92
-651
199
-264
293
-88
-156
-53
-656
362
-103
-96
-921
-142
-75
-1162
-60
-61
860
-83
43
753
-164
200
-243
-9
208
73
151
347
51
-238
-243
7
1678
-397
-538
-34
-311
303
-295
-194
-274
307
-733
-504
-34
-364
69
393
-273
84
643
-39
-62
522
143
-264
-111
216
-313
188
-160
-282
1253
-78
-396
-209
-12
-104
113
139
1
-128
46
-532
252
-16
72
-323
-1761
-155
-263
-253
-89
164
0
-356
218
72
-559
-224
-196
-1413
-1273
-304
241
-82
15
-77
-148
-739
185
-212
12
-233
183
-61
-22
-366
-243
113
-512
-1248
-129
-500
-443
-3
0
-176
314
89
-203
-71
816
-904
320
935
17
-342
-185
-2001
-140
274
93
-224
36
97
-441
-131
-263
-374
-195
-1682
-109
114
-315
0
383
-421
180
-288
-80
55
684
119
-6
203
136
-106
-126
-643
-293
74
10
-5
309
-142
-333
-1
504
-81
-1
75
-252
-1369
-134
-1
104
192
236
-186
-97
206
638
-317
-212
181
1588
-172
188
-654
-127
173
175
150
191
-87
453
-324
238
37
72
66
275
-339
1
-129
222
-210
224
-1
200
-45
209
297
103
472
-385
1182
-110
-422
-51
342
-572
-77
89
-141
210
161
-62
443
-391
160
414
273
-104
-401
-631
-1057
-41
43
-4
323
1051
152
-434
-2272
-136
120
-659
-254
-154
-1
14
-122
192
395
229
57
123
-278
-209
288
181
-315
235
-1451
-590
0
848
300
-722
-318
-254
561
53
-117
32
0
-339
382
-11
92
-350
-389
-443
-180
-671
-259
-113
-156
-40
-2
-233
-76
725
273
