0
0
0
0
0
0
0
0
0
0
0
0
0
0
0
0
0
0
0
0
0
0
0
0
0
0
0
0
0
0
0
0
0
0
0
0
0
0
0
0
0
0
0
0
0
0
0
0
0
0
0
0
0
0
0
0
0
0
0
0
0
0
0
0
0
0
0
0
0
0
0
0
0
0
0
0
0
0
0
0
0
0
0
0
0
0
0
0
0
0
0
0
0
0
0
0
0
0
0
0
0
0
0
0
0
0
0
0
0
0
0
0
0
0
0
0
0
0
0
0
0
0
0
0
0
0
0
0
0
0
0
0
0
0
0
0
0
0
0
0
0
0
0
0
0
0
0
0
0
0
0
0
0
0
0
0
0
0
0
0
0
0
0
0
0
0
0
0
0
0
0
0
0
0
0
0
0
0
0
0
0
0
0
0
0
0
0
0
0
0
0
0
4
-138
69
-17
22
-23
77
66
102
-184
-194
225
300
39
31
69
-197
-18
-136
55
-91
-141
42
101
-33
-76
211
123
-14
-334
-175
-64
-18
-27
-304
-13
-127
295
-369
103
-78
-79
-99
131
-49
-166
-104
-185
145
-48
-38
-251
-185
-117
-28
-92
-180
-146
253
71
53
86
-33
158
103
-19
-245
-447
-203
15
-14
159
-195
-82
84
6
83
33
-24
208
-98
77
-325
167
242
236
-171
138
207
265
-119
-66
44
-301
37
-9
310
27
111
378
-66
166
122
-142
-264
118
-36
202
-168
80
-19
82
-134
-217
349
-94
173
100
282
-153
285
-378
-48
133
59
-86
-423
-299
334
123
210
-23
-173
-295
-60
-110
-186
-170
-44
156
-30
-179
-132
-226
186
15
-61
75
-23
153
506
154
-220
-114
-81
71
196
125
-109
85
132
159
166
106
-43
313
-362
26
106
186
201
-14
67
-177
-41
95
236
189
-184
243
-72
197
5
-288
-210
-317
-66
-144
-9
-474
136
193
71
-85
-140
-50
-90
277
-117
-39
-388
-217
-263
35
-161
6
-222
182
-11
84
-166
-126
-526
-105
-1
-325
-67
239
-74
-31
-248
-58
62
17
-205
112
-88
-26
-209
-35
-117
-143
-20
-79
151
-313
-291
80
152
239
169
-158
-309
265
5
302
-24
-50
-115
170
-241
-85
256
162
93
-147
-187
-46
58
-171
-193
-211
-4
285
357
3
48
148
41
-247
78
-62
301
-109
107
40
9
224
281
112
150
-24
-63
-36
4
209
-130
136
161
-211
30
-189
-187
121
160
58
167
-14
291
56
-47
-6
100
-126
-350
-340
216
226
9
186
83
-220
-19
216
457
-121
344
189
-42
-110
190
-239
-189
43
313
-225
-126
80
-5
-183
-139
-172
-146
-108
-140
91
-96
-92
-278
125
137
197
-226
204
-59
-158
-85
-82
-18
143
106
-48
-14
-23
20
-328
115
348
118
-215
-212
113
275
211
-7
270
-9
-27
32
363
146
116
-219
382
-44
46
22
28
-208
-287
205
40
-260
-314
-210
130
113
-62
50
-286
282
167
96
-197
-321
-208
-262
137
93
-153
9
401
254
44
-351
-121
-128
226
-75
-228
-337
-21
-89
-153
-259
181
-29
-35
56
97
-213
-241
99
-58
-4
339
-313
-102
-264
76
71
-73
145
-303
205
146
50
-92
418
318
2
241
-276
-156
-76
114
-69
17
61
280
419
234
53
-464
-49
-235
126
67
296
-17
-53
8
-66
235
68
55
64
11
-190
-132
160
406
212
-56
201
172
91
-252
-133
210
-146
117
48
-2
11
-95
-283
341
-255
-154
290
247
-205
14
-183
-64
-361
157
246
527
289
182
-97
-5
-11
98
100
-66
223
-146
-24
-241
14
-59
0
51
-46
-140
-4
60
26
-16
327
151
-6
-338
-140
255
34
17
230
-44
-126
152
-1
-150
94
48
-245
326
15
-198
17
152
177
-292
6
50
-145
53
-371
109
426
-59
-69
160
278
-105
-64
-55
-182
-69
35
-298
173
-254
125
-73
-352
159
77
-253
144
61
74
-17
-11
-172
13
-77
-222
199
277
207
117
-146
127
-174
-143
263
-365
-304
295
-28
100
-24
-224
-35
-112
-180
82
18
-339
-258
-55
54
-68
-41
-117
276
37
49
135
-104
-152
58
34
-58
-22
140
138
11
-242
154
-60
51
6
46
-214
-120
-150
379
-133
190
224
172
-30
154
-29
31
-82
13
68
-92
-73
-45
-6
-181
98
-245
-270
-54
-201
-146
-359
306
159
-1
-261
-215
-52
27
255
52
189
453
7
-193
23
320
70
126
123
-94
-16
-10
141
-149
140
-215
9
-183
292
-189
201
-56
160
-42
-29
-79
-155
242
163
97
45
135
0
0
0
0
0
0
0
0
-144
132
-40
205
124
31
10
-194
-48
104
-150
-306
278
-39
211
-297
-6
-152
-44
107
87
-302
7
63
-13
167
45
-204
-179
-379
136
71
-73
-60
-195
-332
206
38
-181
221
-106
91
30
-330
24
-44
39
-213
-167
-140
-66
356
287
273
236
79
-267
-130
142
-80
401
-213
223
-104
169
92
7
185
111
31
-28
-20
119
-165
66
355
-95
170
-28
-190
-229
-32
6
-113
-61
-327
116
205
129
109
-248
-19
-211
-306
0
62
-90
-365
-320
196
-44
-274
8
-56
238
100
-8
-124
-109
272
127
-89
90
-398
-304
-24
246
197
-94
28
-107
162
-39
92
-144
-51
54
-57
-245
145
127
59
378
226
-60
-303
216
138
65
-133
-109
117
142
280
-197
-313
25
-206
-272
-129
-258
-11
92
-233
-14
-366
-49
108
71
249
144
-126
-46
-117
-197
-141
339
-36
82
-23
109
-52
-55
116
-83
-243
34
1
3
67
-245
-137
-22
-154
-95
71
50
-35
-84
-168
-112
-213
156
-13
-157
-273
-107
-242
147
-196
6
-151
237
117
333
37
153
-55
-169
-220
86
66
-148
26
-166
-449
-143
172
92
37
182
77
33
-176
-110
227
-27
42
-10
-9
-106
45
-192
265
-174
-136
38
172
159
-101
-222
37
-148
114
127
-105
319
-86
143
-30
38
70
311
71
-134
103
240
295
111
238
32
-206
274
155
3
109
59
206
102
28
-224
104
66
-204
209
314
50
-379
-117
-125
-47
170
-125
-93
66
32
179
4
112
14
-40
-59
117
11
-90
94
136
-176
-200
182
-148
270
8
-234
305
-82
-146
133
-161
-159
298
271
-284
157
62
26
-182
-39
47
-209
195
79
-95
160
-21
-150
80
182
30
-48
-56
124
-98
-186
-343
-156
46
-133
-142
61
72
-208
-7
378
467
-174
33
18
-115
23
-235
195
-129
-181
-73
327
-41
150
90
-184
-54
116
79
-255
64
-38
143
60
179
-29
-168
71
-125
-274
226
-43
-226
40
271
197
256
-38
53
-199
30
-74
218
-153
-298
50
146
36
149
129
-122
3
258
-233
276
138
-291
-165
-312
227
-83
-91
45
225
-9
-40
113
-46
-83
156
257
-5
337
164
177
-120
-369
-95
-198
-12
-16
-29
153
-141
-345
9
-321
-187
23
-223
-175
-10
-215
-114
208
441
-335
25
-123
-142
356
-201
197
-440
-13
88
106
-61
-97
165
256
266
-216
-82
-52
-126
336
42
-382
-279
100
-332
-613
158
-311
-194
-112
-214
-159
-362
52
119
134
-388
511
-57
-343
-662
-149
-18
-271
-26
-244
-69
-209
218
-23
-336
251
-198
-405
-9
-414
-144
193
223
308
-30
-136
-243
-224
-483
366
-14
-84
61
-248
-364
109
363
-165
270
-16
-122
-339
-420
643
-329
254
-95
-252
-338
428
117
-240
-288
302
-237
103
45
193
-234
134
-69
393
-93
452
12
-273
-89
-254
-131
496
101
224
38
158
-45
273
-273
-249
-317
-224
-279
-664
-134
219
-33
-66
184
68
42
160
43
-26
773
-112
-225
205
756
410
248
-81
-120
-521
-44
-18
110
-129
71
-184
-91
113
-233
-91
-284
223
-120
208
53
-36
-262
-176
157
-270
322
-51
-85
243
-79
-424
229
144
-387
182
164
-167
366
123
-189
-313
276
208
444
-172
-170
244
-91
-225
-45
-151
-160
105
400
323
129
-204
-189
-307
-6
252
-266
-220
90
120
-391
-204
29
-342
-180
428
-418
376
-126
740
-475
185
348
-296
459
-204
-43
-50
309
136
-182
285
-303
4
-450
-38
147
-237
-521
87
-273
42
-37
-315
-397
426
448
-267
409
-227
-162
-304
400
56
-181
147
-21
97
94
42
-105
-253
-418
486
-747
79
276
-56
295
-361
-139
19
296
-214
261
42
206
177
-178
42
-427
-112
54
139
-260
-219
143
71
-220
-34
-156
62
269
315
32
-620
-102
-508
-228
327
174
1
161
297
187
636
-106
273
145
309
-13
148
161
-227
-186
175
157
-419
-224
435
347
-388
-31
87
253
-763
60
-487
232
-182
214
258
588
22
63
-286
93
144
-143
394
-86
297
-78
-198
-241
-331
-410
64
275
-52
-139
247
259
141
190
191
364
117
-56
-337
-109
-118
132
394
-68
74
-106
35
87
83
15
-229
271
165
108
-384
8
-141
253
-191
125
-329
123
64
371
234
11
-771
109
-288
-126
-120
-241
-155
-190
11
-37
-79
-159
320
196
215
-218
297
-302
-364
-276
-70
-118
-391
242
-261
-87
212
-414
-167
-180
-31
-255
-114
40
141
-258
-143
166
281
-125
58
10
179
75
-81
109
-263
335
-219
156
-47
-132
-224
-246
-133
-153
-465
-331
-244
-154
-174
-58
99
-121
-149
-122
-200
-240
266
145
233
-175
70
153
-509
-119
73
-251
253
-146
-200
245
-240
38
42
-127
-385
249
-251
-289
-17
140
-209
84
-75
238
25
-505
357
-182
-156
-375
-532
-155
162
-396
76
-227
-80
-325
-43
-347
40
-14
-207
23
89
-1
238
-255
-17
-197
-228
-426
-83
-210
281
69
-49
438
210
-252
-360
-193
-213
112
346
258
-135
-662
-75
-135
93
-506
-180
-235
229
-90
222
-156
38
-263
-70
-239
155
135
-7
-325
-108
357
409
-173
-82
619
-121
348
-198
-250
-43
-107
-92
1
-109
253
144
-108
209
-357
-323
-30
160
-197
-13
-35
257
171
-187
97
-55
-356
341
-116
-655
-219
-764
-4
-82
-468
20
263
-267
-18
-192
-409
-18
171
238
483
-471
-1
-282
-7
-54
-3
384
-180
0
-1291
564
-620
-421
126
-849
-264
-222
-1132
146
-793
277
-170
19
63
-206
2
-405
-208
309
519
357
1
-48
-1
248
149
-398
4
-1
-168
351
163
-7
1458
-156
168
274
672
221
-7
-190
-237
-368
138
99
78
-159
-1
-153
600
415
21
-60
-106
247
-327
111
-476
223
464
-375
110
0
1736
-80
0
-290
-164
-132
-1
-483
257
-70
-1164
-21
-528
-317
531
-386
-64
-141
-315
-369
-371
122
-51
88
254
-331
-25
149
110
-308
-254
673
0
32
-68
-144
70
251
215
-151
-9
989
-799
-844
380
123
-5
-51
209
93
-189
27
375
-283
-182
105
-756
-256
131
-28
-1753
147
129
-7
-503
118
353
189
-854
-37
-133
260
331
-410
186
63
162
337
463
287
-5
-548
-131
153
334
344
211
243
-115
594
-194
786
-153
277
-86
-428
281
-282
-704
-381
164
0
-110
134
-50
-207
108
-103
213
915
89
-30
-134
364
-323
-385
2916
713
-37
136
191
-43
-27
13
-253
0
-160
1870
145
-344
138
242
-905
-267
27
-795
-5
28
-324
254
390
209
-544
-139
-101
93
-42
227
124
299
-244
472
431
352
43
-85
-146
200
-157
-154
-104
157
215
745
37
-32
-339
306
279
576
214
-103
-1
679
805
-723
-250
11
529
881
-242
-201
-514
-402
-1773
-369
-32
1007
289
-156
-248
-212
-215
-13
-292
371
25
-213
181
21
579
-549
-330
47
1281
1531
-261
-361
-340
-1236
487
43
288
-68
-20
-3
71
8
-297
276
-51
-116
0
-311
-620
-454
129
-12
1273
-146
316
184
161
945
438
0
-83
276
-216
-143
-130
285
-777
-650
-369
382
-28
7
387
-122
-483
-400
62
-102
99
681
226
-5
9
-508
188
-1
-172
-407
253
-552
433
-415
344
-988
-34
135
229
46
71
160
367
-83
155
444
-231
371
1159
-579
24
-44
1270
936
-157
52
1010
161
162
91
180
-249
-6
338
751
54
15
37
-136
-199
-647
90
80
-1
228
-456
4
-125
35
-54
1774
437
27
-103
-125
-115
15
-95
-289
-329
-9
54
87
-184
-53
243
-126
-31
-2011
-6
-95
-103
-88
600
-171
-35
-419
304
-229
-305
-220
140
332
54
-59
66
569
-278
322
1
-2
384
597
221
-1
2039
64
0
-349
169
-83
-253
0
-584
-183
-144
565
295
173
-471
-125
-346
-341
-205
-17
127
293
-844
348
-240
-27
-310
-146
-379
-197
-194
-361
-42
99
-44
-296
-100
-339
-120
126
75
-1
-592
-312
-31
-65
-319
-74
-5
1132
134
7
-1046
-408
-193
-328
-1174
-199
-305
-150
259
12
406
58
231
-1473
-213
-70
-670
-1030
-376
149
0
150
614
-346
156
-880
-72
-121
-78
-62
-15
-1
-70
-855
196
39
230
58
215
-186
-318
-546
2655
-49
134
1937
364
0
114
1287
-312
268
-203
727
114
111
-264
-1
168
-291
159
162
-28
-114
68
-116
-1044
-223
-209
245
-176
55
413
-474
551
161
