0
0
0
0
0
0
0
0
0
0
0
0
0
0
0
0
0
0
0
0
0
0
0
0
0
0
0
0
0
0
0
0
0
0
0
0
0
0
0
0
0
0
0
0
0
0
0
0
0
0
0
0
0
0
0
0
0
0
0
0
0
0
0
0
0
0
0
0
0
0
0
0
0
0
0
0
0
0
0
0
0
0
0
0
0
0
0
0
0
0
0
0
0
0
0
0
0
0
0
0
0
0
0
0
0
0
0
0
0
0
0
0
0
0
0
0
0
0
0
0
0
0
0
0
0
0
0
0
0
0
0
0
0
0
0
0
0
0
0
0
0
0
0
0
0
0
0
0
0
0
0
0
0
0
0
0
0
0
0
0
0
0
0
0
0
0
0
0
0
0
0
0
0
0
0
0
0
0
0
0
0
0
0
0
0
0
0
0
0
0
0
0
-91
-127
275
-2
101
-77
-77
-178
-110
-106
121
167
-356
-197
-4
7
76
-367
-65
-308
203
289
10
226
-109
-237
-258
-56
116
299
390
-36
-29
-405
-64
-137
-107
126
370
109
30
137
141
-94
14
85
-155
-13
56
156
-65
132
18
76
-21
32
44
75
-87
-21
-66
-89
229
-218
142
125
124
134
22
-105
17
33
129
-22
-74
143
201
-2
91
-85
-154
79
-145
38
-115
-31
-347
-67
4
-76
-223
-40
90
2
143
-149
211
172
243
-391
-30
61
-46
311
-367
-25
80
-156
206
-154
-3
109
-25
325
144
-111
68
-6
-113
149
171
-142
-229
61
-231
-268
-248
-221
-266
-277
227
146
-227
169
-193
-249
88
-37
20
35
15
-124
-117
132
-77
-186
-279
4
-198
314
-282
123
-207
-139
-83
651
-406
213
174
-136
229
75
79
-240
-185
-95
256
-15
77
178
-188
176
-12
76
-92
-86
-27
-111
239
-241
-35
-76
-14
27
-286
121
-5
-5
88
468
-20
82
-41
-176
13
-416
-59
-102
73
-480
105
102
-283
545
-115
-134
52
134
-163
113
-33
48
134
191
149
34
-16
-135
-45
-17
3
-208
-134
98
216
52
294
-6
45
-504
110
-16
93
15
-236
102
-78
138
-246
-128
-110
75
-412
-183
114
-122
-136
119
-174
-31
-426
-208
58
-112
-104
-26
-89
42
137
19
-68
239
-263
-48
-14
154
-22
-227
75
191
355
299
183
-97
493
141
39
207
-200
-210
-130
-36
114
-548
343
65
-234
207
6
-13
100
-58
-14
126
-207
146
-307
-212
107
337
-89
-335
336
-315
-376
453
-108
30
51
-5
-2
44
19
44
-457
-158
-55
88
-86
412
41
-197
-168
-188
-273
-196
-267
41
-256
-174
-258
177
354
129
-276
-289
-265
-113
-222
-235
-83
-366
192
-227
-20
-209
247
51
-205
406
-29
-246
-268
-358
-191
43
284
-10
212
-278
-312
-44
-80
297
15
139
-81
283
-286
78
-484
146
171
-210
122
-299
425
24
40
-109
-155
-122
92
186
-37
-195
-72
-113
-91
-272
318
-178
327
46
-121
-271
39
-27
5
-256
-88
-76
22
269
211
-6
-2
-227
52
26
77
-517
133
149
-376
-318
-43
-91
-306
-301
-8
36
38
220
243
-30
-13
146
23
-49
-49
392
-106
59
339
177
167
-187
-232
61
-163
-505
69
-34
-162
11
-86
-133
-285
363
121
-204
70
-156
-19
58
-141
-1
16
163
-343
-411
-355
-124
7
7
50
56
-245
102
334
-192
312
-271
-260
23
-204
-424
437
-266
379
-252
-51
229
-45
86
-127
-224
-160
249
520
-159
143
6
36
9
-297
140
54
-199
-268
-259
-116
-177
-166
-135
196
-87
241
138
-33
42
-70
-101
246
336
81
129
-18
124
-226
6
-195
-2
197
-86
71
127
-169
30
-273
162
74
100
-93
-121
91
221
315
182
117
-140
20
-133
-266
68
317
97
-251
-36
174
133
-257
238
-93
-28
-287
148
-169
67
81
23
-93
292
33
105
-143
-110
79
105
6
-235
224
-171
-85
-233
2
91
199
-163
-135
-96
-56
-22
-105
57
92
-194
224
-48
248
-117
-262
-140
-114
-140
91
132
19
6
29
196
-173
-240
-151
17
171
-201
-138
47
-124
-122
-308
227
248
-185
-131
92
152
-55
70
-110
-6
-1
-217
215
81
180
-17
-71
119
120
-53
4
-131
168
-34
-206
122
-165
99
-27
48
197
320
-8
52
114
127
-124
99
152
-64
-138
-35
88
79
51
-93
-59
118
94
208
-169
14
500
-140
62
-270
-89
29
205
121
107
23
17
36
92
-42
143
-185
-271
-129
46
80
-140
-109
79
67
130
-220
-261
-89
-75
-143
-74
0
0
0
0
0
0
0
0
131
340
35
54
226
-25
183
-165
30
148
-75
78
-138
-168
186
63
65
-10
-341
140
-321
139
-34
-21
-115
140
122
15
-108
83
-44
123
101
-171
-41
-136
139
-154
-72
80
-19
-172
-124
176
-97
-47
123
-149
412
222
-181
-209
-36
22
-281
-160
214
-172
-187
-361
211
195
-199
97
-53
-80
61
-59
-3
86
-10
-94
213
44
46
-53
87
-110
109
-295
-109
-180
431
192
174
-4
168
207
-199
-233
94
44
171
-32
0
-189
328
-72
-16
188
-4
7
20
133
-203
88
211
-245
43
-291
114
-46
311
244
-33
-184
135
-142
-25
147
164
-95
-27
85
258
-66
-109
116
-42
-36
186
-29
338
123
74
-345
48
-64
37
-179
-76
-28
31
312
-222
-533
-84
-183
264
55
189
-97
-45
109
48
-27
-125
230
248
-239
3
-51
19
131
291
62
-312
113
-107
-9
121
-281
131
20
-20
-75
160
195
-272
80
329
-23
-165
-79
397
122
14
221
44
368
-59
27
-132
-94
-113
-117
-28
175
153
244
57
199
-160
-63
-153
150
81
-172
46
222
-191
-20
33
24
-113
-122
-208
17
-95
24
22
295
38
-119
-75
-150
138
140
92
-89
55
-36
-114
-269
-21
-46
30
-103
-177
-145
-34
25
-71
-76
-224
-85
-63
-20
137
64
19
27
305
32
262
-22
-74
75
-79
-363
25
211
574
-260
241
43
66
99
-32
-289
278
0
-47
-69
95
-63
-129
210
-51
120
-85
-12
-167
-24
-279
134
198
-107
156
-42
-107
79
-14
-23
-46
130
230
26
-132
-177
-249
-74
-39
132
141
-138
5
-137
-123
-317
-134
269
2
-30
-247
-110
132
-95
140
-159
70
-108
-102
70
151
231
-115
51
-157
41
-17
-259
-182
-137
-14
107
-59
-15
-388
101
-276
-201
98
-424
-257
-204
-199
88
124
-271
-211
128
-34
-244
76
-319
-131
154
67
-81
-90
-57
1
92
101
-67
11
82
171
-112
203
-156
136
-111
-17
46
-14
283
-252
-149
-249
137
72
-5
71
-63
-73
32
211
-182
-52
-68
-71
124
86
210
-169
-133
-167
-23
93
-156
57
171
112
75
113
-266
197
117
11
41
149
48
-322
-56
82
-152
153
-127
71
132
-162
144
-114
74
-132
334
-137
-248
195
-242
-359
-393
-169
193
-193
-143
279
-253
2
505
239
301
294
230
53
209
-209
-170
-106
-66
-258
-127
354
131
-309
-2
51
353
-379
-297
-380
-118
-65
126
94
117
509
160
-381
-442
-156
-256
-20
-200
38
189
-57
-276
421
-306
-258
-68
-32
-313
260
272
198
83
39
242
-33
-302
-306
322
-373
-53
-334
-157
-309
474
-416
-197
-271
587
-243
188
-373
153
96
-234
-83
131
23
53
-58
-149
-344
-220
116
-105
329
62
342
249
-440
-321
-346
-352
-221
-172
332
-109
792
-235
-208
-124
504
-279
384
-138
-135
-20
-359
-243
238
-53
-316
136
64
-255
-257
44
-275
-109
-183
206
-388
79
-118
425
311
-161
-158
-155
-387
263
-85
-343
248
-372
297
-288
65
419
-249
154
-299
-26
205
85
-251
-114
-162
329
17
301
-25
-287
441
170
-24
-241
-210
226
-112
-236
292
-271
-304
203
-445
140
-194
203
-188
-268
-232
-58
23
114
237
217
-72
-249
222
-97
-89
-342
-107
-165
10
364
-6
28
263
-8
-218
154
195
-228
120
220
358
371
-42
257
-342
-232
230
-315
504
311
705
-102
227
15
693
142
-46
230
147
-85
113
85
142
-112
472
-87
-291
95
-41
-330
-63
-204
-405
1
-104
254
389
359
-423
375
170
-118
326
-195
225
77
589
-308
-201
349
26
-363
-20
-31
39
17
-27
49
259
272
-23
257
-90
154
-97
297
-17
324
186
246
185
129
-673
200
-12
-142
317
-114
-146
232
153
245
13
-209
54
-392
280
542
89
273
234
-325
238
-220
-193
218
-183
145
295
-131
-569
126
446
-359
-18
384
-211
-240
126
252
205
-90
-126
327
38
6
-2
277
326
217
-304
53
-557
-9
-464
-143
-87
-517
12
-75
124
152
-25
284
337
-10
-42
90
-400
299
-208
180
-119
255
371
-87
49
-95
-209
49
278
43
-141
143
55
-229
-379
-319
-102
-35
328
241
538
-74
298
267
338
26
16
-72
117
-432
-124
182
-56
124
-115
114
23
16
-13
11
389
-25
-77
264
338
346
-171
44
-172
-194
436
-34
-529
-155
-305
151
38
-95
-401
212
-46
385
-670
-105
-285
63
123
281
130
-99
-32
457
-416
-133
-309
-183
266
-59
-452
-93
-26
-71
386
7
-132
-90
54
91
81
-171
65
-191
196
-206
90
119
195
-340
-198
183
-108
-79
-69
255
-13
161
-182
-368
-176
-46
488
131
215
-268
-260
-126
-59
-23
-213
-378
30
-19
-94
128
301
-157
124
-520
-231
-106
-62
-366
-138
113
113
-512
24
7
125
-85
-541
205
-276
232
-122
127
-364
-260
127
132
-265
-222
194
-572
-164
-297
50
155
408
240
-33
236
-119
-181
-423
163
-556
104
319
-298
225
8
-156
41
-230
238
-92
-25
-75
499
-392
-130
-17
-394
-180
20
-225
131
-152
-379
-372
219
199
-82
203
-109
-95
-110
228
-108
20
491
-237
243
1
-250
-84
-154
193
86
-64
-240
31
-54
-442
110
-24
-181
-186
279
64
-215
321
-289
84
-317
498
-249
-41
-35
-117
239
-1031
-358
750
-1
-221
927
-1
83
-125
84
348
-105
-4
-369
-269
-490
456
-1
-323
128
115
1
206
555
0
1244
436
30
199
-341
1059
415
-205
1137
-72
461
-455
-415
-285
208
92
1
-553
-30
287
1133
-456
0
-329
0
45
-7
170
1
0
17
-354
242
-384
-1471
109
-142
162
-823
6
22
-98
13
286
-43
-241
93
258
0
28
26
-148
415
-4
-78
829
90
32
205
41
-201
-1383
-383
111
2562
468
0
-280
3
-12
0
355
17
-24
-474
-14
1378
-72
207
15
-449
-862
-123
-60
211
-289
247
-361
154
-35
-144
351
117
116
393
-1316
-1
-112
126
-53
-266
-173
9
-17
-115
-26
1050
1252
-340
104
194
275
335
235
1549
93
-328
205
209
249
930
20
-367
375
-1207
27
246
6
596
140
-188
-256
71
176
427
-238
121
-21
-397
308
-384
-153
-277
573
479
-111
254
42
-1469
101
-41
-169
-95
352
215
774
86
158
4
265
131
236
-12
-34
11
-1
97
-276
179
-246
-80
-91
-76
940
-143
-145
-453
519
188
251
188
248
-11
155
-163
-136
-192
-105
616
0
-115
150
-599
-916
310
-282
158
54
-216
35
-3
-300
675
-56
-197
-199
-206
379
230
-189
-328
197
-773
-263
298
-110
-406
265
123
-196
-65
211
-24
-96
-217
100
67
-449
166
-37
-278
-199
-396
-110
224
258
0
249
-2076
1541
650
-1
-194
214
-117
-2
345
217
608
-209
-182
-1176
-237
-73
-416
-278
1165
283
280
-372
31
-99
221
-121
-211
441
449
-234
314
407
153
2208
75
668
-1497
-288
-207
-408
3
-343
-380
-557
167
156
-29
187
-2
-1122
-219
471
-181
220
-2329
-28
-274
32
902
-785
-370
37
359
-2
-172
-309
90
-203
-721
5
7
-213
393
-564
-489
182
2
8
-488
-447
-39
-353
-159
0
-216
253
747
-1
-129
133
-904
529
587
-70
258
-329
102
56
160
-63
-39
-326
-734
-41
-261
-743
-164
782
-58
299
-153
-495
-344
127
123
343
-801
73
-537
-274
58
-243
16
834
347
-169
57
-133
-665
674
-475
518
4
0
167
99
-79
327
-230
-2
1485
1311
366
115
33
-252
-1160
44
1753
-348
-26
626
-188
322
-156
-216
-298
30
-991
31
-160
343
120
454
95
229
21
148
308
557
51
159
463
-402
212
-218
207
-240
-452
-2
8
-269
-50
-464
-1
1257
-9
-1
59
-3
858
-143
-1
-35
288
-341
-52
-207
-229
124
343
236
-189
-673
-10
-318
690
-97
-454
-219
186
142
-263
-93
124
-225
83
179
-66
-194
206
178
-347
1332
288
-128
-1
-275
192
-71
-63
329
-133
131
176
-24
-53
1028
151
43
-154
-323
141
147
-127
-82
321
225
206
-379
50
148
365
591
1690
249
-265
2
224
-29
197
801
312
-203
467
-698
-151
-289
-1
179
-7
142
945
-423
-18
-96
-252
-1625
476
-18
28
119
-427
377
-1
-504
-183
391
-420
409
-972
-211
-87
93
-1
111
-50
154
-452
-281
96
235
-73
-1069
332
-323
-302
800
-9
16
374
251
-598
