0
0
0
0
0
0
0
0
0
0
0
0
0
0
0
0
0
0
0
0
0
0
0
0
0
0
0
0
0
0
0
0
0
0
0
0
0
0
0
0
0
0
0
0
0
0
0
0
0
0
0
0
0
0
0
0
0
0
0
0
0
0
0
0
0
0
0
0
0
0
0
0
0
0
0
0
0
0
0
0
0
0
0
0
0
0
0
0
0
0
0
0
0
0
0
0
0
0
0
0
0
0
0
0
0
0
0
0
0
0
0
0
0
0
0
0
0
0
0
0
0
0
0
0
0
0
0
0
0
0
0
0
0
0
0
0
0
0
0
0
0
0
0
0
0
0
0
0
0
0
0
0
0
0
0
0
0
0
0
0
0
0
0
0
0
0
0
0
0
0
0
0
0
0
0
0
0
0
0
0
0
0
0
0
0
0
0
0
0
0
0
0
-41
98
28
-12
203
-39
-248
-54
-12
149
64
52
232
159
-129
23
-6
132
-71
308
-19
-89
39
-29
135
-65
165
74
120
-392
85
57
70
133
-207
-75
-414
-160
156
-51
-23
96
-139
-45
-68
-51
-135
-147
-37
-90
-195
-284
307
76
-11
26
-176
-49
-77
-40
-12
123
14
-305
-182
-156
-118
374
133
126
-194
277
-99
-70
88
-368
-52
-24
77
37
114
-341
-106
-9
221
-117
131
161
-3
-203
104
63
39
25
-70
62
-300
113
8
-327
183
66
336
-261
251
47
-238
143
-146
235
78
91
36
-284
40
-245
-264
205
-45
-172
-165
-176
4
-51
374
206
162
219
-25
-201
284
130
-73
201
-198
67
-13
-52
-39
93
182
-150
-78
-29
152
85
3
-62
-107
357
260
-98
146
33
194
-144
-6
308
267
234
400
21
184
136
-237
-252
183
-131
292
192
222
-190
118
-277
22
79
272
42
-67
69
-2
204
-81
-308
161
-237
-117
152
-41
-223
100
42
-89
-29
113
102
17
-227
-134
-158
-308
-94
108
320
48
-122
-46
-92
-136
-68
-270
131
430
-229
32
175
471
-167
-70
-313
60
-175
33
49
-146
203
-204
142
86
210
463
-44
155
29
146
-77
-105
-133
-54
-177
-12
-85
217
-28
321
61
-158
-306
-74
143
-40
-69
-4
30
264
3
187
-23
85
-126
-259
-256
-414
97
-72
-65
142
-321
-32
62
-103
97
-59
0
108
193
-1
150
-93
136
30
-263
-303
293
353
2
132
99
81
-265
-253
61
-32
-197
-251
131
168
206
101
-152
-114
-230
-38
95
31
359
130
-241
95
245
148
-168
21
-165
-380
-141
-179
-75
-49
7
-100
-357
264
-133
-206
-40
271
-57
276
-252
-380
-254
-124
-159
196
18
-241
73
-194
65
214
211
-214
153
-246
-319
47
74
-112
-199
-328
-212
-192
-313
16
-28
-155
281
-263
254
322
39
-211
42
-126
-55
243
369
119
135
-48
-351
-81
72
-86
417
-379
118
-173
-319
-183
73
-132
-274
236
67
24
-311
-137
250
312
-236
-215
345
-227
50
103
62
-251
-320
-84
-70
-301
112
-32
-151
18
-401
139
162
105
378
71
367
144
-120
-137
-222
356
19
-186
147
178
-294
60
-228
161
-328
-201
162
335
-96
274
-207
95
-228
21
257
179
-196
364
87
115
153
132
158
85
361
-295
-85
341
-258
-170
125
-207
-48
7
439
-394
195
-240
173
174
176
392
228
-116
-177
-55
122
-173
-217
528
267
67
199
116
233
39
169
268
294
-89
-345
-35
-55
-343
-77
-48
-101
-345
376
-58
-151
166
50
-21
319
-253
-82
-101
353
-7
-107
-96
-137
-139
-98
159
95
65
-84
253
269
-131
269
-155
-61
229
-49
104
159
253
192
-391
-284
230
422
-129
28
135
221
223
-243
56
131
-35
-74
1
166
-87
-302
-132
104
323
-8
85
79
86
22
304
18
-30
-5
14
-196
130
-126
268
-11
139
-60
194
-138
-78
-194
-175
-79
177
47
-120
108
-66
38
-1
32
-56
22
-61
128
-204
-138
-40
3
77
0
-126
-171
-88
-317
325
38
-318
183
221
-126
275
-150
-159
-46
-88
131
-278
-321
-103
282
-31
70
173
-124
-165
-97
-80
-62
-166
129
-80
-55
148
35
-12
-116
90
124
143
-116
-116
171
31
-203
-10
104
-103
41
8
-76
73
-251
-220
94
204
-181
-28
-52
-99
-2
132
-106
244
27
159
4
-263
-49
-318
-18
111
151
-243
-64
-141
-128
227
79
17
-374
85
-90
-204
-168
139
125
209
29
-99
-83
250
132
183
97
43
15
-29
-72
112
-204
366
13
-169
-173
87
-274
-123
225
-177
61
0
0
0
0
0
0
0
0
-145
-201
61
43
106
-218
107
-52
-234
-60
-130
-163
-57
2
204
239
237
-23
-287
49
311
84
-165
343
-132
-128
140
24
-123
-178
-136
102
-108
206
165
188
116
-139
124
-43
-222
-187
-73
-227
-61
-4
112
12
34
-349
-13
-22
165
-178
-260
174
-213
21
238
439
173
196
-3
261
174
7
197
-113
-179
31
37
163
-19
186
-416
154
-145
-239
-108
296
47
103
180
-112
32
202
-80
-67
-223
377
-335
226
-186
-126
-204
-229
200
424
-71
-207
77
-38
-364
-191
247
-146
208
217
-39
102
78
121
-24
-269
246
122
-237
-94
-3
-228
-178
263
-147
13
78
-57
275
154
-236
-20
-2
-88
377
128
272
6
212
51
-38
208
-220
-56
-158
-331
47
221
101
-175
-130
150
180
135
137
-106
141
-15
-208
59
-78
-144
-11
-119
58
-71
151
179
137
-329
61
-3
-259
379
-34
-123
-87
-220
-70
195
286
74
-330
-46
-6
-158
15
-53
12
-53
-20
-8
-239
-144
-308
-77
-245
17
74
-48
-136
315
151
16
-138
222
54
-143
-60
277
164
-175
-184
-194
-11
-267
-84
32
45
-194
57
209
-225
149
203
18
-51
41
-133
96
-115
-173
37
-73
149
153
-119
-36
321
-198
-22
-196
-89
-49
-261
-79
-87
334
313
-182
302
14
158
220
-433
-93
79
179
-252
379
280
-88
178
18
-313
-246
-157
68
18
-129
154
190
-38
-13
-42
41
-43
25
-118
-140
-36
-162
-79
56
200
34
-76
-88
-156
-82
70
241
185
132
49
58
46
-36
-142
-237
-137
2
119
11
-76
-47
35
316
340
130
-184
-165
122
-10
-28
-277
-119
30
194
48
-215
31
259
138
-61
292
-191
-75
112
30
-188
-102
-352
175
60
30
-60
16
137
185
-198
-118
189
41
75
-294
86
120
-171
-4
4
-424
9
78
-132
111
185
-141
-195
154
123
-129
-51
207
21
-136
143
363
-277
-113
-220
-83
327
-110
-25
-222
213
-32
-60
26
93
145
4
-126
-23
-400
-115
-245
-126
-117
-349
-52
-54
106
-194
-136
-83
-312
364
35
-18
-92
136
-10
54
186
-253
11
-236
-196
-221
-61
152
196
-325
-90
-68
63
-81
-7
-68
-39
-352
-124
-141
-282
77
94
-29
-20
-201
-67
11
202
158
-214
-113
63
-154
-489
-56
327
363
-196
-177
158
-33
-315
-209
-166
151
128
62
-59
-541
253
284
-54
-151
-521
-23
-329
-133
-43
-221
198
21
-112
-195
138
-299
-90
198
-469
4
-230
-63
71
392
-28
-431
-37
638
464
292
-232
133
98
161
234
-254
43
-376
-387
-19
-253
-146
-518
-26
98
276
227
187
-303
289
119
-32
394
-173
15
-166
-150
-139
61
-245
-72
-15
-317
-128
-288
503
142
190
-31
-231
131
-4
269
-522
172
76
-161
220
215
-123
301
58
308
67
-626
187
136
-76
61
380
-76
269
-47
96
-230
-258
101
-470
-171
-390
216
-119
95
-267
113
-194
229
143
-212
-168
468
-244
58
216
84
234
-502
-430
647
-208
77
244
79
-20
-305
321
-73
16
-173
-430
319
-68
117
138
-254
177
-93
-334
-104
-221
-326
296
-188
-30
18
234
-244
20
164
203
-39
96
215
24
468
86
233
8
124
-35
71
-191
-27
-84
-15
58
54
-213
-95
-298
-188
-309
-342
198
-248
127
-79
173
442
-389
-352
-67
511
-97
211
-76
-148
-173
-125
-329
-203
41
-458
-224
176
-328
233
-143
-262
-469
429
73
-146
-90
-123
119
27
-305
31
-44
-14
-314
-178
334
287
-184
388
496
-197
67
-29
306
-351
-37
363
-356
-76
372
611
90
-254
275
372
167
-95
-290
-199
-229
25
-100
-15
56
-231
-332
-226
-109
188
-197
-271
359
51
2
-207
360
69
229
179
-43
302
334
733
221
-52
151
-129
12
252
-112
-99
-162
-321
-478
294
244
-72
-138
-290
52
-119
-269
2
-240
233
-249
-287
-142
126
-73
-225
196
-90
93
-354
-9
-238
-2
-24
-425
-161
9
-215
279
-116
12
163
-636
152
225
554
-269
-4
-232
-202
-42
25
-247
270
348
-178
286
322
-326
136
260
-11
-48
214
220
14
-104
-179
394
86
55
366
56
296
435
-34
92
221
279
104
-260
111
322
-53
452
108
-291
789
-351
-647
63
-94
-187
296
-165
154
-104
-105
140
-109
333
39
81
-93
-301
468
-156
25
80
-37
-437
444
274
-103
-392
-16
-172
276
338
-397
-216
-296
-590
-21
-21
-141
341
-418
-422
-105
-116
-250
-85
17
-412
239
364
-131
97
-295
100
-380
-418
-316
165
-57
170
-77
-89
-123
337
-272
-97
620
-290
-216
246
-387
-386
10
-91
214
19
56
-285
90
45
-254
-253
-89
-216
144
311
-145
312
-164
-248
-352
-137
177
418
-216
-77
80
50
-450
-662
411
-75
294
63
-74
85
-285
87
-468
-219
302
289
-342
551
-94
462
-48
65
464
-300
61
-253
-190
-172
-292
337
-179
-274
199
231
105
-22
41
166
209
50
12
-107
-203
-376
314
-219
-226
-297
-31
-276
-391
30
86
17
-202
113
-657
-145
48
-205
240
-87
398
12
-65
-11
323
-492
-60
214
159
-516
148
-87
294
33
-177
348
463
-198
110
572
-15
-175
250
137
592
66
-297
164
-213
339
-439
-195
-29
370
-218
-52
-40
-267
320
160
-210
-247
155
-134
363
-264
-342
831
111
-1036
13
-279
853
3
-92
131
10
479
-364
-28
319
-272
454
-123
0
-279
-111
17
-26
-255
742
-1
962
-129
623
31
187
406
-286
-106
-856
132
570
14
165
-396
154
-131
-6
-199
-50
93
-615
265
-2
402
-1
36
306
-318
0
-1
-233
-32
561
87
381
-200
356
363
32
83
-13
561
-54
180
57
-156
100
128
0
411
-225
-335
-82
-143
-471
521
-151
100
-78
-233
430
749
370
-346
733
-438
-1
-353
123
-77
0
520
-1160
-182
1671
-30
-636
195
410
-285
-224
1481
63
434
-357
364
248
-84
178
159
-407
-81
-344
-81
31
-2108
-1
-314
5
-168
469
-62
-415
-40
-279
347
244
-274
-4
167
-343
-87
-60
-14
704
-6
-259
19
439
-179
-551
-10
-31
-17
1730
-323
-142
7
-68
38
79
-191
-748
-131
-435
-320
-178
154
89
342
-316
360
-303
-111
-550
-212
-66
-176
-473
-440
273
-95
-385
-922
359
-4
320
61
-171
87
-62
-421
-13
161
-360
-1
-123
-171
18
302
-73
-74
-195
-1645
-48
-38
338
-863
-317
-157
1449
522
36
188
70
150
-230
81
-597
0
349
1285
-205
-102
-290
-155
455
215
311
-791
38
66
-182
219
136
-182
-326
-278
-179
211
42
37
57
440
466
410
-289
-438
-123
147
208
14
27
-356
-261
-337
-139
260
339
42
193
326
96
-166
120
-246
0
-356
-573
147
-117
28
112
-537
193
-413
-579
-241
-1593
17
-183
-653
-294
300
86
-257
234
195
315
-391
53
-326
-314
-272
240
192
294
-299
-110
-1081
-220
-401
-130
-659
891
-161
361
-165
-44
111
309
-452
-192
-333
-41
94
0
-1757
-390
583
-328
-243
-1006
405
-137
-104
-1110
127
-423
40
31
-367
374
-348
-269
-503
1364
240
18
-34
113
1031
-226
240
-445
668
-334
36
213
167
-10
7
-105
629
-53
0
280
65
-669
117
-342
-44
-136
1621
339
13
-183
-192
267
134
821
-163
-55
-243
132
-461
-299
-982
-56
81
720
-2
-77
235
-749
252
-177
16
86
201
-354
515
-383
-108
-191
-44
1416
-368
-856
264
-21
-1
-360
-409
-89
70
-100
332
-294
93
-274
183
330
-222
1602
78
1835
-231
317
-632
103
-474
289
407
0
-158
-684
193
-100
210
-257
116
299
281
-351
137
-511
-178
1
71
-34
-291
-243
161
-115
-21
9
-4
-2
-196
-883
-191
-1
759
118
-1
-558
-114
1082
1
0
343
111
-155
589
51
92
8
335
-112
-295
-863
-204
-154
832
-413
19
-268
245
-199
-205
-399
127
321
197
-217
-320
106
330
-224
87
-745
-220
35
0
975
-173
-23
-223
-163
-407
389
1159
-247
945
-799
-282
-422
-186
-804
-100
-338
107
-83
-559
-582
598
-316
-57
-9
260
-511
44
-267
91
-4
-103
-374
-522
-616
-1539
-156
285
-518
-84
194
0
-276
1400
131
180
-258
20
-143
294
275
3
-1824
86
-356
496
-310
-1
-451
-312
-501
28
-205
-3
-130
-595
46
-1
-249
384
-272
105
-327
-74
-299
162
1538
9
134
-212
-172
-10
1426
-201
144
197
