0
0
0
0
0
0
0
0
0
0
0
0
0
0
0
0
0
0
0
0
0
0
0
0
0
0
0
0
0
0
0
0
0
0
0
0
0
0
0
0
0
0
0
0
0
0
0
0
0
0
0
0
0
0
0
0
0
0
0
0
0
0
0
0
0
0
0
0
0
0
0
0
0
0
0
0
0
0
0
0
0
0
0
0
0
0
0
0
0
0
0
0
0
0
0
0
0
0
0
0
0
0
0
0
0
0
0
0
0
0
0
0
0
0
0
0
0
0
0
0
0
0
0
0
0
0
0
0
0
0
0
0
0
0
0
0
0
0
0
0
0
0
0
0
0
0
0
0
0
0
0
0
0
0
0
0
0
0
0
0
0
0
0
0
0
0
0
0
0
0
0
0
0
0
0
0
0
0
0
0
0
0
0
0
0
0
0
0
0
0
0
0
7
100
246
-9
-118
-140
117
42
204
-234
23
-399
-185
19
-53
-24
-216
102
-78
-279
-120
132
-39
-11
54
-26
-364
48
58
273
-21
-178
48
-299
326
-6
-127
358
-336
-238
73
273
-60
-26
-259
-88
77
-61
31
88
28
-105
-241
-74
119
47
82
-267
-66
-112
53
64
-237
282
109
92
-96
146
-235
-231
118
281
-30
105
-16
-218
111
-46
75
-66
4
-276
-166
96
116
94
318
-150
140
100
-250
-24
99
-502
-24
-222
-43
-195
-200
50
-160
12
-259
-296
-50
41
133
151
-158
-280
9
-221
170
31
-226
31
-286
79
-224
-236
48
-46
-366
110
173
-256
-96
-11
-256
-168
192
49
40
4
-220
249
190
-143
-274
-45
-5
-235
19
71
-124
83
-284
216
-28
158
141
-182
-46
77
85
202
-104
-46
138
-5
9
46
-278
113
280
-77
-228
81
-1
198
97
-286
280
-282
-142
-37
92
-210
-212
161
-38
103
345
-80
150
-122
-174
-388
-222
-315
-299
-250
-68
48
83
109
46
-74
-84
322
-196
208
116
448
-210
60
-143
-27
150
185
-219
168
268
-95
86
240
497
-379
-63
69
141
9
-257
153
-25
-171
-65
43
-9
-367
221
-151
-158
216
275
161
-13
-237
-123
74
190
-149
295
588
-67
-272
-160
148
-12
-118
316
-122
-265
303
-58
240
-35
-464
312
16
-18
209
-418
-85
44
200
7
73
-99
40
-172
554
66
97
-105
-72
126
-219
299
111
-90
36
96
-148
-301
-417
95
43
-284
-191
-122
203
-3
-300
13
-112
-142
137
221
-3
-265
-99
55
55
155
-99
-211
214
-8
267
-14
25
-37
66
-588
129
-156
98
-149
327
58
-51
9
158
-333
73
-102
228
-145
-53
33
39
-51
-45
5
-87
165
-72
20
-210
-92
-8
-163
-91
164
-153
98
-75
66
-182
262
-74
172
151
-420
-119
-491
-87
109
-191
-356
-371
95
-28
-1
137
-129
-392
-268
-256
-172
306
364
60
303
-446
267
98
75
181
-395
247
-195
-302
108
-401
297
85
90
-361
121
280
11
36
221
-17
134
-250
-78
217
36
-127
-335
-126
230
41
-154
7
59
266
-35
183
-208
125
70
-214
-143
194
-40
-30
-146
-82
279
-166
287
-184
-186
306
154
193
150
-313
62
-8
-156
254
-187
-68
292
486
-158
-380
-261
-278
-261
108
120
-92
364
-173
-106
-245
74
-463
181
-302
-308
106
-121
-38
298
63
-138
-113
129
-5
91
59
365
86
6
-239
-98
8
-392
105
99
-176
-426
76
-236
-65
-229
207
-75
-235
101
257
-175
-186
-383
-93
126
342
-267
78
243
53
-45
206
346
378
-261
-31
289
-197
-266
85
92
-32
-104
121
-144
287
217
163
-150
-175
-100
-116
-138
-91
-75
-226
-131
-6
9
110
93
265
21
-203
-111
130
15
-98
97
-71
17
196
53
287
455
-212
-100
238
-135
139
66
-90
55
-142
104
-196
45
-104
31
-96
258
-44
347
6
232
67
222
-190
-272
-241
263
-131
107
75
29
-80
-56
182
-124
-4
115
-82
-268
-239
57
402
81
-103
175
3
-7
-46
-298
219
-133
34
-108
-12
-178
-24
-32
78
-328
-174
-47
321
-32
90
83
-57
-58
-130
-60
-250
-309
86
189
-101
234
-124
-112
175
213
40
127
187
-33
137
355
-37
-211
-86
-265
373
-96
-350
193
-264
338
274
94
-1
-243
65
265
156
181
89
85
-131
163
-66
-179
-45
-323
184
-21
-107
264
-55
-223
194
-234
41
-152
-157
216
-90
-152
-173
209
122
-124
251
-288
105
-30
-128
-38
-29
-202
-32
-6
403
209
-149
50
-286
-276
-8
-100
-184
-26
187
-23
246
44
229
0
0
0
0
0
0
0
0
44
-86
209
-103
-277
132
-229
219
38
218
43
-24
-146
-180
-269
-144
112
-78
307
-155
-219
-294
-217
-301
51
-137
-75
-74
161
-60
-81
148
-159
60
-34
53
-83
328
-383
165
191
-236
-247
158
-103
-181
-162
143
-113
-1
96
-94
179
-118
-245
77
-70
7
76
70
-21
361
71
-46
80
78
206
118
49
-244
-10
36
44
65
-402
193
-52
234
133
-345
181
-56
-357
113
153
19
-122
91
-178
-296
280
-245
-158
-79
40
-31
-204
-11
244
-222
123
-41
-72
-27
-124
114
111
-246
125
371
-19
-71
114
411
18
-208
-237
-185
-63
-181
-148
33
115
209
80
126
254
93
343
105
104
233
181
303
123
-159
-156
64
190
211
173
-154
157
-382
23
-228
7
-75
41
70
-58
-153
-68
83
-29
-117
63
124
-175
1
-124
247
17
104
163
-30
219
14
92
-81
-34
389
262
-187
180
81
48
-34
139
62
131
-129
97
-8
-182
44
-69
100
244
-250
-120
-244
175
-190
138
-92
-107
-88
-63
-71
-87
-272
-300
-351
275
88
-31
42
172
207
267
119
207
189
-81
-131
19
125
-173
98
49
314
-171
-43
133
-109
34
104
-90
-35
271
148
-132
97
-60
-55
238
-149
39
158
38
229
-47
18
-31
-70
221
-192
-177
125
-91
109
-261
120
-190
158
85
-175
-13
93
-53
-135
390
-125
150
-145
5
166
-213
-155
142
4
-112
117
99
26
28
265
34
6
-48
-49
-12
-173
-131
-148
170
-153
152
89
-117
-178
-162
87
-129
-168
148
111
-287
-30
-77
153
-125
-222
132
149
-120
-162
-63
-235
-213
-118
-116
-162
174
93
-22
135
-183
-218
124
263
117
-269
116
259
167
54
111
103
175
-24
-81
-51
9
-9
156
80
-223
-222
-156
11
129
-52
-59
-125
446
-90
-259
-116
-91
153
21
-60
-142
-17
-94
-170
-214
36
4
-23
39
-66
163
-191
-90
-117
-144
-120
-84
-128
-71
191
-108
-80
201
275
130
-35
-8
-213
91
143
-126
118
155
-162
-35
-51
-144
67
128
-179
-23
139
-3
-28
144
-120
286
51
-29
-113
132
33
260
-372
-37
-28
-249
63
-113
183
72
-95
319
92
247
9
181
33
-10
105
27
189
-159
-222
277
63
-154
90
-86
5
-171
-270
-321
19
14
159
-267
-198
-292
250
-34
-131
334
192
-267
183
-384
318
-576
283
-46
123
253
-67
-210
-163
-243
472
192
98
-74
51
296
-206
410
-399
3
-264
47
39
47
-54
34
-221
-60
389
-384
83
23
-164
-239
-287
79
-21
141
170
-222
-201
-42
153
-208
-226
139
-203
2
325
-187
-41
186
379
306
267
-80
-497
311
253
56
446
-142
89
183
-33
-248
345
-104
-748
187
63
58
-163
-411
-212
-609
-203
430
241
362
236
67
-8
-441
101
208
-357
222
273
-285
264
-159
58
-3
118
-339
-88
56
-114
-406
-131
135
267
-157
-107
-132
-188
-144
-60
219
43
65
268
-160
-165
-271
-168
-98
214
198
-301
-119
52
-194
224
0
100
520
-267
-136
-326
-753
-320
290
305
29
-301
209
293
66
121
261
-21
-405
-288
153
161
260
322
-111
-68
12
-460
-140
-32
27
316
-66
-273
41
488
203
551
-82
212
189
79
-105
204
130
-247
-206
485
163
14
376
-316
-47
11
-91
-115
-837
-283
-247
51
50
162
134
-234
146
-62
312
-257
-143
251
-231
309
-508
-214
-17
-308
107
-143
190
-90
-159
190
-267
-115
-130
-152
116
353
173
16
-368
-152
-61
-104
100
-73
81
-191
-222
4
77
-386
-108
-32
-239
-396
246
45
123
-383
170
246
-36
128
-93
-40
166
15
29
-426
-617
277
-420
-35
146
-266
212
23
127
-621
275
-87
272
-38
474
-266
213
-443
-41
-197
23
150
49
125
55
389
189
-234
369
326
-516
254
202
213
228
126
-78
127
484
262
-154
-393
-414
-76
80
492
-135
-74
-311
502
-189
178
543
-309
51
-290
-396
175
389
-82
-78
-25
216
168
-393
110
69
-94
113
332
148
73
-402
-250
-58
309
77
-444
-38
-509
-35
-493
227
162
229
284
-129
208
-417
157
51
-215
223
-174
286
323
-291
-95
82
-97
-40
97
-349
-147
244
-222
-16
-521
-183
334
8
-362
-192
56
-238
-158
-282
153
-225
140
-433
-205
42
219
-46
-269
-171
-18
105
-343
216
298
-220
-55
235
210
-202
225
419
-92
-278
-408
541
-225
-207
133
277
-232
-122
-288
138
-486
-184
-121
-460
-209
-159
-131
-217
-213
57
-241
16
72
346
79
319
57
36
59
243
43
327
-146
304
137
532
-80
207
-68
177
29
39
107
-135
114
27
119
226
130
-403
-296
-105
-197
-344
-205
-299
-178
-23
60
56
-374
218
45
-200
-297
335
-351
190
-191
149
41
116
24
-37
-418
287
186
37
-345
471
-16
77
200
-294
287
47
202
490
-344
113
-285
-491
-437
-117
-347
-308
-176
-235
-18
-273
-223
-289
272
108
203
-886
-71
-158
-191
-31
-102
-21
101
400
-172
-36
-92
178
202
73
-344
198
336
96
-246
281
166
-28
16
-356
154
73
114
-170
495
-125
-93
15
-364
-190
201
-410
519
-299
356
-340
220
63
-378
273
-43
-215
-314
-462
243
-349
-252
-214
93
-272
-211
-438
-128
-326
-84
247
-302
-140
-429
-85
-59
-1205
-480
-275
-2
-128
823
-2
-341
148
-132
57
390
8
-253
-276
343
-1208
0
82
141
-41
6
437
491
-1
1935
324
403
-41
-73
-671
-91
-303
442
-327
-560
78
-485
-167
21
39
-1
506
107
-205
-1211
225
1
-218
-1
208
-120
-106
0
-1
308
34
-817
-567
-709
-9
352
-225
-59
-29
-9
-184
140
270
131
-216
-243
395
0
258
-375
-369
-336
-55
780
-113
-46
-355
99
97
7
645
415
230
-876
56
-1
-51
-101
0
-1
70
855
181
320
21
61
-300
-123
-250
-85
1045
177
96
-37
101
26
-162
-97
-303
-433
-240
-182
218
4
-1060
0
158
120
-352
-211
57
63
242
-283
-219
-152
1946
60
28
-405
-48
-259
97
1659
222
100
-406
-514
-255
1033
221
-298
377
-585
263
-234
3
-378
152
-3
-175
-101
516
100
-366
206
-275
313
27
414
302
-248
200
128
89
25
33
-1028
484
13
-72
207
-982
-161
-57
112
331
-169
-216
180
-276
-702
220
-20
0
-151
-140
-227
29
150
-52
236
-165
290
390
360
-1192
-126
253
-429
-468
-10
66
-266
124
49
26
-471
-1
99
1465
275
735
-238
-119
-437
52
-335
741
1
-207
181
3
37
-143
454
7
-300
-222
321
-112
-685
-216
52
66
208
7
70
181
10
-336
-193
220
-219
278
-201
-528
-78
14
-233
13
-320
114
482
213
0
-328
-1197
-836
-1
8
2
1913
-2
9
-67
-106
-663
-73
-317
162
61
0
133
-101
-54
-227
-30
-979
37
626
-360
-85
139
47
17
55
-383
829
92
-1081
376
-801
-690
12
-31
-68
-3
211
-402
372
-147
127
-91
-225
10
865
-396
1
153
-117
949
-244
1167
323
1191
959
193
-16
-79
-187
-23
322
153
-504
802
914
-246
-424
8
795
-237
-402
-513
-3
-265
1075
157
111
-60
-24
-270
-276
392
0
-657
451
-133
-268
178
65
-189
918
-223
-169
-211
134
365
-49
430
-72
-50
1001
-162
-210
1063
885
212
506
-196
-27
6
-19
-1142
-270
92
-158
-175
172
19
112
75
-119
-393
-346
-79
-241
799
110
-43
-1
27
-419
-141
79
-234
-1038
613
-295
-2878
176
224
117
-1188
-31
1765
-149
-199
-535
-172
-856
-104
66
291
6
405
-101
70
-15
10
625
413
-277
146
206
648
-752
-92
-67
370
-483
79
-120
101
352
-240
0
-16
435
322
-314
0
3433
-246
0
-127
-127
-149
125
-1
-138
27
277
-561
131
-158
-133
146
112
-302
-175
117
-139
647
46
20
329
-15
-184
133
-393
-60
-275
-391
-157
-171
13
221
-61
183
-546
-103
-263
-1
-71
162
-144
-56
-208
-454
341
151
-121
-248
903
-159
36
571
-28
249
-169
110
-217
570
-564
817
-579
93
-161
-422
-295
-753
293
-282
0
220
772
-328
-292
1154
147
-97
598
-135
-251
0
-243
-1113
190
444
544
64
-30
-125
351
128
-653
-213
-34
-1116
49
-1
-595
-286
-65
190
-15
453
-50
31
27
0
326
53
-218
164
-70
-103
4
146
630
246
214
-383
-110
-2
-324
-218
-107
-311
