0
0
0
0
0
0
0
0
0
0
0
0
0
0
0
0
0
0
0
0
0
0
0
0
0
0
0
0
0
0
0
0
0
0
0
0
0
0
0
0
0
0
0
0
0
0
0
0
0
0
0
0
0
0
0
0
0
0
0
0
0
0
0
0
0
0
0
0
0
0
0
0
0
0
0
0
0
0
0
0
0
0
0
0
0
0
0
0
0
0
0
0
0
0
0
0
0
0
0
0
0
0
0
0
0
0
0
0
0
0
0
0
0
0
0
0
0
0
0
0
0
0
0
0
0
0
0
0
0
0
0
0
0
0
0
0
0
0
0
0
0
0
0
0
0
0
0
0
0
0
0
0
0
0
0
0
0
0
0
0
0
0
0
0
0
0
0
0
0
0
0
0
0
0
0
0
0
0
0
0
0
0
0
0
0
0
0
0
0
0
0
0
6
223
-56
-169
-118
-25
-25
-132
88
-5
-95
395
98
95
-17
74
-142
-58
-382
45
106
183
-87
144
120
-71
-368
97
-35
-188
-13
-102
78
-287
-96
-9
-168
176
-357
24
5
-91
-82
-198
-95
-76
65
5
100
1
-159
154
-405
-149
113
87
92
-190
-60
45
28
87
-261
92
146
34
-166
290
-177
-135
142
-76
-108
165
-75
87
266
-368
66
93
-12
-59
-325
167
125
86
309
82
-29
103
-84
-16
-44
-360
86
-154
-208
-107
-232
-203
-43
190
-153
-9
-173
-6
-151
-12
203
166
36
-81
-112
123
-120
179
235
-200
-67
-81
252
52
96
142
-278
-171
277
243
182
-109
-65
-114
-215
245
63
181
-79
105
-89
52
57
-48
-282
-71
34
-59
-173
75
59
117
-202
-161
262
285
-309
-167
-173
398
212
-77
74
-29
-159
-70
-57
266
101
-84
67
-14
281
218
-133
239
-52
105
99
20
230
219
71
137
-331
-46
-32
-328
151
-311
-129
-46
-282
-46
56
-97
167
386
122
202
-27
-504
321
232
-143
302
-188
25
-13
134
-14
-211
21
245
-277
-11
-4
86
-39
202
-122
117
-212
10
267
361
310
285
-195
184
-195
191
-423
190
100
251
210
78
-149
-93
204
341
145
-152
165
-410
106
-207
90
20
-133
72
-249
23
-264
244
256
-216
-112
-138
196
-97
-129
110
6
-262
-185
-162
115
207
-221
152
76
-272
-92
-30
-64
-124
-5
114
-53
-174
211
23
-165
-351
-387
-362
-195
-53
271
34
-82
214
105
-38
58
-261
242
-131
-220
268
-189
101
-261
324
229
120
233
-181
30
-65
127
-260
-15
-129
-155
-112
-151
-86
-76
-103
176
13
-118
435
-2
-248
-255
30
152
18
-29
50
-119
236
-122
-200
-193
-171
313
-3
-75
107
-146
-224
-163
9
-131
-119
0
28
-198
284
136
71
-245
-268
-352
37
7
-306
57
325
-282
-31
-177
-42
203
-183
-339
21
-89
139
319
-78
-171
-353
215
10
-212
204
-179
244
229
29
-152
130
116
130
1
-341
14
-35
86
-193
178
-71
281
102
-124
38
40
24
-26
232
22
-134
-146
-260
84
6
20
-493
27
307
17
-164
-174
59
-1
-294
185
-164
-229
-85
196
91
-107
245
-434
-37
325
-362
-253
-126
-124
217
-77
203
-252
-500
-118
-146
24
-104
-316
-148
-88
126
-221
207
233
329
105
-196
74
274
-242
177
-176
-49
65
161
-98
-81
180
46
8
162
-122
394
137
195
-130
111
64
-200
-74
-131
25
173
-221
-246
123
117
-50
-40
-27
95
-278
-264
-204
25
203
137
-215
-48
138
242
-130
-227
-90
78
-156
-164
184
101
-77
289
-103
269
-131
-152
46
-176
-415
169
-14
241
-60
-144
-234
-14
195
6
-5
96
-147
167
-218
205
-219
-228
-12
-56
29
75
-113
-90
2
-221
237
268
324
-168
-217
101
-164
178
166
-72
17
18
161
104
-88
-80
-269
41
192
-32
215
113
242
-453
62
-259
60
-111
327
-83
53
-83
45
171
17
132
93
-175
89
-206
-231
130
185
-62
114
-61
215
-60
93
-167
13
178
-24
122
-35
-157
210
70
105
327
-192
63
-5
-297
-199
-66
69
172
-25
141
-105
-159
-240
183
55
-83
257
-85
222
111
194
184
-108
212
-122
182
110
144
-208
188
-186
23
-162
-180
241
-145
292
159
116
129
-5
-107
268
20
24
63
-165
-188
-170
18
-314
-188
-69
-81
337
122
-22
-66
139
165
17
103
325
-24
-186
-329
-114
8
-87
204
-162
279
-294
72
-33
-166
9
-33
-78
-49
204
160
259
-174
126
-127
-211
-102
31
87
-184
-75
51
111
-132
148
0
0
0
0
0
0
0
0
63
60
124
75
-198
-202
126
-78
180
236
36
79
94
86
-216
156
-66
8
381
-183
-165
-342
117
32
55
68
-196
264
-4
-280
32
250
-148
-5
-178
-117
230
-151
290
19
-128
-241
96
123
66
-50
-87
-200
128
96
-147
103
248
274
-96
175
10
-68
53
-385
31
132
132
-38
237
-61
-91
-37
274
55
-68
56
220
120
165
19
-94
201
-76
-143
-56
129
-71
16
-264
-3
201
295
-60
-316
-143
18
-124
224
-198
149
-340
325
-130
-223
-84
-183
63
135
-8
-105
192
-59
-320
-52
-94
-124
264
-92
204
116
148
-67
-35
-312
24
-336
176
156
61
148
51
18
192
114
-114
-44
77
222
-17
166
341
135
318
-237
-202
56
-341
11
186
224
-228
88
-96
-75
-147
174
-31
64
98
-378
-115
92
107
17
36
159
-98
-146
-33
115
127
-154
299
266
124
305
134
173
10
32
31
-155
31
-61
-341
-118
-33
80
-49
152
19
206
189
-268
50
49
144
40
-279
-86
-120
-173
-57
-273
-194
-373
-274
-68
262
-60
-138
-111
208
26
127
225
-3
-171
-96
-297
-97
-162
-365
-126
6
-39
-162
-73
-78
-57
-57
-40
84
47
-51
-65
24
-139
26
-30
109
248
-50
-43
-191
181
28
127
-87
-3
-164
-115
-55
-51
137
118
279
14
-119
100
283
-122
-45
-220
-83
89
-203
-61
190
-149
18
-134
-284
214
-301
61
-103
-38
104
-227
-48
168
-105
74
-105
-210
-194
-19
-239
-4
-135
-80
-60
-157
-173
-200
381
101
-151
-131
-167
-143
39
124
-154
188
-46
-59
-26
-320
57
15
72
-202
-66
103
-240
145
306
116
-197
95
-290
-117
-127
266
56
108
-198
190
157
-188
-163
122
-106
-36
-43
-34
-116
66
153
15
-272
-115
-89
110
91
-426
-6
-196
198
95
17
-270
-82
153
83
3
104
235
178
-83
-137
-159
-27
54
-82
-308
-94
8
115
-161
-178
-49
-78
46
125
-172
117
31
-187
-22
48
198
324
88
-142
376
101
-95
-147
-125
-31
-29
-63
133
193
-128
187
38
-570
-171
51
-194
-90
104
-305
149
-101
-51
151
50
76
80
-20
-202
-20
-103
92
-19
-91
-67
153
-284
133
-5
6
171
-38
77
-134
304
173
-304
-138
-30
300
381
13
59
-50
-273
283
-457
197
86
124
75
-221
102
217
-328
-239
-65
-267
326
144
-236
-76
185
236
-279
-80
15
73
-227
431
189
150
-201
233
-208
295
-191
-223
-394
-260
-239
431
84
-226
-207
-117
76
180
434
277
92
-113
151
330
-328
-202
-110
-319
-113
128
-22
218
-138
23
-135
-464
56
-69
-408
46
16
178
-194
51
-181
151
-63
-29
442
-27
363
-145
-464
-7
26
-143
-378
83
-40
314
111
-369
-287
215
-294
224
-210
-114
-296
-318
-123
-403
-317
-211
-53
-21
284
-418
62
-53
3
-58
-176
-399
-23
-193
359
545
267
-79
-312
88
371
269
-285
-518
-230
389
167
-149
-82
450
-359
202
99
240
-190
-253
233
-263
-122
258
260
62
-67
-344
-208
138
167
-90
-250
-361
141
-222
220
-535
-130
144
133
-174
-152
-365
-197
-274
44
-39
484
-259
-59
-116
-448
207
-457
-218
503
126
111
-101
-467
-308
210
-120
100
-45
-182
-48
398
151
32
-39
62
166
-377
-108
30
-90
-9
-348
-10
275
-163
153
-298
201
83
345
136
17
67
69
11
-373
-15
-447
-48
-740
-237
209
152
330
162
-203
143
0
-306
-335
-68
158
-146
158
329
-134
143
-408
198
241
146
-12
-266
-84
118
7
-4
268
337
154
-82
-141
450
-256
-254
338
-132
-390
131
279
-214
-44
-11
-396
-30
-123
-195
-95
391
-448
-291
89
-127
135
-259
37
-55
4
-155
222
-300
200
-440
63
352
-96
-333
-274
-6
-170
-187
19
77
-82
-142
343
-71
147
335
231
5
100
-93
-387
129
56
241
-452
-350
-252
355
-224
254
122
200
-150
-222
281
39
-8
267
-353
-103
-307
167
205
128
96
306
161
52
-166
-447
-124
-72
-8
-25
193
109
-77
-156
-122
-364
128
536
-84
-394
-188
-337
-287
27
63
45
-281
72
-8
-243
-56
227
-343
13
-154
68
-410
-216
-67
187
170
-222
-178
-456
-370
-65
349
-8
-31
399
-78
37
-213
-242
263
-248
541
299
-117
179
-804
97
153
-188
-375
-175
-54
181
35
-279
169
31
-221
-15
227
261
-111
-352
316
-63
-290
-367
265
-213
101
-216
-243
-8
294
-474
-1
-79
228
-164
-289
-381
24
71
-65
-183
-321
-261
161
-457
-4
246
-206
-95
217
222
194
-100
-222
-299
9
112
-440
-398
325
343
-299
-377
-112
-123
83
158
-71
73
-362
-63
239
78
165
-80
463
-209
182
-195
-65
136
-166
167
49
178
-325
-466
-469
23
-30
-37
542
-187
-27
-23
8
332
183
-357
159
-100
27
110
-284
464
88
-187
25
162
357
-43
-243
192
113
33
-144
-107
-146
-511
-270
-231
43
227
-323
-42
132
5
778
-226
185
-112
-45
485
266
286
112
204
77
299
-361
-79
-333
-337
-53
212
-37
-183
-55
-306
350
95
-30
16
-176
254
316
262
97
322
-261
-421
-294
83
-462
305
60
-210
-85
-178
209
45
-291
378
29
-191
-50
35
150
-142
-217
-92
248
30
-67
-368
-71
-41
-233
258
-150
29
193
-166
-1073
-365
-890
-1
31
135
2
-61
-192
-55
-236
-129
18
-148
-283
540
-785
-1
260
29
-50
0
160
913
0
763
146
413
-299
162
-529
35
-42
616
-160
-243
115
131
-35
574
195
-1
277
-182
-285
220
-348
0
192
0
-16
-208
-82
-1
-1
290
81
-607
-25
853
-101
-564
-251
-840
246
-8
-150
367
424
77
-401
-94
312
0
391
325
-127
-59
-266
598
-861
181
-441
187
89
879
1540
-361
-300
-513
-326
0
-232
-289
74
-1
284
-526
-62
484
-19
765
-48
-321
286
-58
274
159
-69
-121
-453
17
-16
-86
-343
-135
33
301
-195
-283
-199
-1
423
-106
0
102
109
230
83
-138
946
30
677
95
189
235
-336
454
211
1030
-178
-92
104
-588
-284
-546
-315
401
27
-385
23
-184
-2
-58
247
193
119
-707
52
-187
304
304
225
-510
458
280
-303
314
-137
-114
392
202
-149
-890
427
65
-20
258
-711
-60
-690
-108
248
141
-204
-51
-238
-895
-35
-35
-1
-43
11
-247
253
372
-354
87
299
294
-85
-79
-336
-74
-118
-1300
-230
12
78
-458
-231
-143
197
51
-1
130
1337
-215
129
110
176
-1062
-63
-194
1121
-1
-144
508
40
-232
-115
-146
-13
-190
-475
317
-131
991
-193
-459
-937
267
-270
-228
-139
-180
-441
-130
216
-172
-115
248
-155
-72
3
163
-75
-208
123
347
132
0
-231
-107
-63
-141
3
-165
-1733
-111
-54
-198
-151
-152
40
89
1419
-159
63
-129
318
151
314
-481
1059
-30
766
294
345
-147
-167
135
84
-305
-584
410
-562
-247
-700
388
354
-53
-137
1
210
-6
-89
-108
-298
194
-82
0
-714
178
-12
181
412
2683
-141
378
987
1030
243
105
-64
-55
-390
347
15
128
596
-356
239
-108
-405
-206
-330
-238
-187
-333
-113
-211
-63
295
179
-193
2
-44
-121
-194
0
-577
-411
-257
-207
22
-4
-80
-642
110
-15
-418
271
-396
-340
482
195
296
-125
107
-69
-1342
-1387
-238
454
334
328
-24
275
1506
22
-218
11
102
95
132
-135
187
-264
-180
-198
171
272
1460
-37
76
-1
-31
-437
-261
-295
-82
236
207
405
209
114
277
255
-1146
-19
604
-547
-28
-511
-244
207
-299
293
177
54
1435
-128
124
-249
286
-147
-5
116
-63
-208
-400
367
139
259
46
-264
-573
-132
239
-161
277
-2
4
-69
501
385
0
2664
-137
0
50
-116
354
-41
-1
-252
167
145
-440
-187
207
-315
542
-294
74
-966
58
204
540
-45
-188
-114
-301
78
-84
-328
-63
-18
-325
-187
-66
-89
212
-43
-369
-251
-313
-45
-1
-65
138
126
312
-255
172
186
-100
-264
-18
-1479
66
-278
-292
-696
364
-143
-213
262
-239
-579
566
-612
142
-62
-305
29
-830
-234
88
-1
267
-681
-81
-146
758
200
-213
1139
-268
-210
-1
159
-970
-295
62
436
105
183
-58
728
-109
1052
-57
-314
223
122
0
758
573
-796
193
314
-1513
-181
143
-213
0
-235
-199
-281
36
245
-41
-238
-228
-411
-215
123
-334
-40
2
-325
-143
954
298
