0
0
0
0
0
0
0
0
0
0
0
0
0
0
0
0
0
0
0
0
0
0
0
0
0
0
0
0
0
0
0
0
0
0
0
0
0
0
0
0
0
0
0
0
0
0
0
0
0
0
0
0
0
0
0
0
0
0
0
0
0
0
0
0
0
0
0
0
0
0
0
0
0
0
0
0
0
0
0
0
0
0
0
0
0
0
0
0
0
0
0
0
0
0
0
0
0
0
0
0
0
0
0
0
0
0
0
0
0
0
0
0
0
0
0
0
0
0
0
0
0
0
0
0
0
0
0
0
0
0
0
0
0
0
0
0
0
0
0
0
0
0
0
0
0
0
0
0
0
0
0
0
0
0
0
0
0
0
0
0
0
0
0
0
0
0
0
0
0
0
0
0
0
0
0
0
0
0
0
0
0
0
0
0
0
0
0
0
0
0
0
0
88
18
-282
-128
256
69
-50
-167
57
195
230
-204
369
-106
-194
61
36
291
453
387
-219
144
-96
126
118
-251
226
-66
187
104
-279
-57
72
265
-149
-110
-61
-326
118
205
-218
154
-232
20
-72
-277
-172
-257
88
51
34
-62
169
143
-4
1
-197
72
90
-246
112
115
50
-65
-366
-199
-30
182
45
168
-65
337
58
-81
120
-14
36
-57
129
35
-5
-141
99
-16
180
66
93
264
105
-178
282
-172
44
300
-83
47
-110
-15
-204
-21
-309
-166
206
-4
44
117
-97
91
118
-210
-7
-206
125
-321
268
79
-405
-231
52
132
-80
132
-157
69
78
86
353
269
264
158
-129
84
327
277
-2
73
130
-26
91
342
-241
188
220
296
-81
379
267
58
-17
477
-174
-48
-228
-139
279
-366
238
358
-66
185
-198
37
28
117
-266
41
54
-10
148
-104
-280
-217
-185
-426
159
212
70
-15
-171
-461
-27
179
-57
-24
215
128
-69
121
-14
-276
102
265
-99
-98
-205
128
221
124
3
415
-312
192
-179
16
-8
-92
-216
-210
-385
-144
200
242
-47
57
-7
117
-183
56
9
13
-146
300
-243
-23
224
111
-300
-119
268
-53
84
128
189
269
384
188
-36
121
-179
101
39
221
66
204
125
-70
-316
51
-55
-140
314
-59
-25
203
-97
-184
98
185
26
-153
-92
-204
-245
233
179
43
201
-10
2
-215
-30
14
316
383
556
-173
259
-318
273
-152
109
-181
1
527
-100
29
-59
402
-285
6
-243
-24
-133
-65
193
231
16
119
-221
-8
-116
38
444
-366
74
-141
100
64
70
-29
-160
-380
0
-106
-68
-143
151
-181
7
223
-57
-108
32
88
-352
-84
-42
-25
349
-137
-266
144
74
-210
-219
83
28
252
157
141
-197
-209
232
-39
-103
352
199
-182
-375
-168
-406
-77
178
235
253
214
-100
-329
-227
-94
-255
-235
299
94
65
-272
56
114
-127
105
-246
-90
-8
270
-261
255
124
-137
-297
-233
470
-55
-244
-222
-62
124
69
-245
-155
352
426
-160
-183
329
90
-73
72
351
-254
134
-103
-214
-389
134
-303
155
-180
7
10
91
287
-331
242
-286
-179
209
-178
22
376
-236
22
17
319
105
190
264
-260
91
65
163
4
-60
353
141
185
189
152
63
16
-424
165
86
-195
324
-55
-369
252
-92
210
-59
234
212
-151
154
-48
355
16
183
-281
-66
-356
144
94
167
-46
-196
-241
-299
-49
12
-86
121
16
65
276
-3
-42
204
-200
-96
114
-75
-152
274
-52
5
52
156
-264
145
-431
92
-236
-364
-240
237
389
50
-90
-231
-66
45
39
-195
-193
220
-149
-149
-142
237
-77
-44
-244
-284
-300
303
87
21
-39
120
457
191
-568
306
202
124
77
-75
177
144
95
180
58
95
248
-284
120
-129
-50
-43
-156
89
-489
-174
-209
-256
177
107
-389
-78
-171
90
168
138
38
-152
-193
-166
-245
43
-299
105
211
147
-125
-283
-18
148
267
-70
247
-168
-85
205
-16
-235
-124
192
-292
67
327
-438
-200
102
150
191
-312
105
69
-21
272
-211
-272
124
-127
35
159
-52
-266
122
-67
-20
-155
-190
-83
209
165
-276
164
-120
33
74
-248
140
-226
188
291
-175
-88
73
-47
114
217
-89
-122
306
70
204
-184
159
-157
153
45
102
213
141
-234
196
-156
85
-107
57
-202
95
-231
135
-198
-18
-241
-16
357
-227
-188
268
308
-260
-3
-344
-78
138
243
-258
196
-182
113
-93
-45
104
266
-33
133
-269
-119
70
-137
-160
64
174
-66
193
158
-116
2
-137
-85
237
164
-75
-77
131
185
14
46
97
-174
-169
0
0
0
0
0
0
0
0
-164
-331
-187
-308
-219
284
320
-168
-276
-141
-73
125
95
117
17
-61
-68
-58
-192
-5
40
-183
-151
-270
-248
-80
-56
50
4
150
-183
24
27
203
59
58
-27
51
132
46
-230
209
202
144
73
-145
202
-73
-130
-12
-205
120
-167
-95
60
63
30
-140
115
261
40
-313
-157
188
150
128
202
-29
-48
298
-171
-155
-180
-109
-74
134
-209
-51
-124
-70
305
-50
-252
154
-306
-51
50
149
-162
334
-6
276
-132
81
185
-32
25
193
75
-177
-92
-67
232
-157
-55
-109
236
103
219
73
189
-17
129
-447
67
-3
111
-102
162
-81
20
-95
43
33
-81
-72
-52
-44
209
183
34
-222
-126
1
80
41
-193
81
178
-164
87
20
242
121
254
-427
-211
-200
12
110
143
222
138
51
116
-44
-41
-105
6
101
246
-26
-58
63
154
126
145
-23
-75
-221
-115
17
7
125
-207
105
-91
-196
46
58
62
-15
57
-177
206
-133
-163
-120
92
90
-154
-21
116
-126
-108
-195
21
-228
-91
-316
-27
28
-195
121
-163
-56
91
278
261
-45
-177
-136
98
-121
48
286
-60
-169
-2
123
-81
-227
123
-68
-238
54
35
-35
-62
40
180
-108
-79
170
-95
-186
282
234
0
-118
-151
-201
-245
-53
17
87
-301
-68
114
108
171
73
-40
-156
48
17
-115
68
5
-258
127
122
235
304
-136
-266
-66
-105
33
232
-178
111
30
163
-255
78
-108
-228
-71
-23
-85
-11
145
-56
144
-146
100
-264
-224
-35
65
290
13
18
56
-17
92
47
308
-11
-43
-193
-47
-89
39
68
150
21
-49
-131
122
155
-291
1
114
134
-133
-105
-148
-58
275
-57
-152
-50
41
185
15
111
-132
62
-383
263
46
-3
-70
-92
118
-87
200
-67
50
184
-213
-204
-27
-146
218
-122
226
171
-55
78
-111
-142
18
-53
-122
-158
13
99
116
81
-117
155
195
17
-176
-5
99
74
-201
186
198
-31
277
-8
194
-122
-155
164
186
-201
-89
-208
-78
-209
-94
125
139
-66
194
13
41
202
19
-222
498
-157
155
-19
-114
0
-48
-253
37
157
35
-301
133
-113
185
-25
46
95
373
131
-166
21
-206
239
-305
-29
-102
-327
41
-14
17
-388
-237
315
-177
214
171
-45
65
-202
112
327
35
-443
103
-483
-219
-170
69
-281
-138
-78
379
-46
-26
-180
461
198
-126
-176
185
38
-261
36
-183
-332
115
91
-132
15
-237
6
-324
77
593
325
-509
23
134
-165
-52
-126
73
-71
-97
-95
44
246
170
365
-300
136
-33
156
294
272
128
220
-539
61
214
-314
222
-379
111
275
81
-45
187
-159
-512
-44
-39
-47
-233
-88
-217
-160
85
14
138
46
43
321
345
189
-128
-53
29
205
-385
356
88
-369
-366
-264
218
-300
-501
-111
-115
167
61
162
-72
-223
300
99
322
209
-30
336
247
348
336
133
-417
186
94
-418
282
9
366
120
-276
261
-28
318
-124
-78
-373
-36
92
-542
-332
30
-281
-253
317
-565
82
57
144
-57
-212
116
-628
-119
-187
55
10
403
-261
-1
240
-254
-224
160
-155
298
-70
-121
129
54
181
27
-142
-179
-152
-264
-107
217
-88
221
156
-236
-178
-262
352
-220
-192
245
68
18
-170
57
-171
308
-302
-3
143
541
-398
-272
-23
275
121
50
-123
42
150
-187
94
273
-201
393
-207
-42
-454
-274
-439
-329
671
113
230
380
-453
-366
111
-186
196
-178
99
-131
-46
285
-63
257
-187
-34
-356
384
-364
197
82
210
383
-256
-71
-5
-248
361
-138
31
-222
325
-18
-161
101
373
-230
-195
190
194
456
311
-451
-227
51
220
-69
141
-103
97
-197
483
422
90
26
269
-111
-141
-119
180
132
-84
-267
46
-248
-126
-31
-162
439
22
51
-368
38
-150
-191
-35
225
-69
-27
-234
-44
-222
38
-232
-74
-153
168
-359
-247
174
18
-217
17
158
-54
125
-333
-285
-341
69
-213
-48
-124
-270
145
-151
-139
-258
-295
-4
73
-274
-131
-25
-267
-199
-105
229
97
211
16
331
162
-312
58
178
-33
313
293
-30
136
20
112
27
-183
9
-159
-159
-62
-190
320
-2
334
-99
-182
-230
-158
151
325
359
210
92
317
-257
158
141
159
288
-376
205
246
376
-342
-129
250
126
-239
224
-263
-27
-9
219
2
319
-172
-572
-336
-258
294
-276
-411
89
-281
-174
-171
-490
-113
-74
42
-397
-27
97
320
167
235
259
121
601
-111
348
-30
280
337
9
22
-211
-1
-475
91
-49
159
-116
329
120
-106
-52
-380
360
36
616
-19
-347
-407
-69
-96
411
-126
-275
196
-69
125
-48
51
-85
-166
-205
-151
-220
141
-107
-459
224
-158
250
271
245
149
216
-154
74
-120
336
-124
11
154
-218
242
365
526
-76
-17
-139
-302
-26
-262
-137
328
249
252
80
-240
104
-182
-2
85
190
-103
-427
-81
182
-126
-13
-355
-595
30
21
97
-235
310
305
187
-34
685
245
10
10
121
-273
9
-126
-399
192
-460
-40
-218
-396
101
385
115
-35
216
-112
-137
182
-111
227
-77
-210
296
194
15
3
311
-90
197
406
152
-412
235
-503
67
89
-315
-163
17
159
-192
104
-159
-329
357
128
-145
228
-348
55
-322
-279
34
187
108
-23
19
111
-228
-247
-220
-45
280
24
773
25
-66
-954
-55
-258
41
-9
-283
132
6
-74
-458
-54
418
-1
-540
-53
-69
-17
160
-525
-1
-2262
218
-171
-451
50
1929
247
-251
85
245
586
339
136
-133
48
53
8
-113
116
277
505
93
3
-333
0
-285
65
96
-2
-1
-152
-278
-776
3
572
-114
327
-240
901
-253
-22
-38
38
26
232
217
-26
321
-1
-264
391
-168
-244
8
6
243
206
301
-162
-141
-128
-1373
-116
-137
1738
-198
0
-211
24
-153
-1
-341
-1638
-120
1966
-66
-953
107
-24
171
-196
-32
-7
92
-132
-44
-238
-108
-20
-276
-76
-123
-40
-8
661
-1238
-1
93
114
-95
410
127
-511
22
278
-871
50
-123
-517
117
-269
-121
-16
-118
-503
-148
-276
-65
295
-61
-43
-12
-280
-90
-1001
-39
44
41
-119
-248
-311
188
1197
-218
-322
-107
-556
330
-430
557
-54
429
283
95
753
393
-116
-341
1728
127
10
-13
-135
-243
240
-270
75
-185
-194
190
209
26
1137
139
432
-1
-197
-61
-421
124
-223
-169
-104
-654
195
-1
334
1193
-432
-411
2441
-428
-70
-24
329
-431
-220
93
216
-1
-81
-461
-291
-41
-370
-347
-178
324
-383
-724
18
60
-239
-79
320
-79
-164
4
207
-253
256
-139
-673
-351
341
371
-234
-140
-308
57
34
-9
161
91
140
-351
-10
854
-71
-71
266
26
-74
-53
-78
-317
-1
114
8
-48
126
27
-360
-146
-4
-72
533
321
-737
159
-166
-1480
74
39
334
82
1617
-389
-89
-801
-45
460
-239
74
1
-159
114
136
-682
-18
-146
-1023
188
-495
-692
-101
-442
-291
-30
-434
278
380
-340
-300
-152
316
-1
-2001
393
-247
-92
316
-2322
-31
-61
-43
-1515
-555
367
35
160
-212
498
-34
-284
-825
1347
-254
-166
-321
-109
337
-248
16
146
325
-297
71
189
-404
23
6
-214
380
23
0
-312
-364
-493
799
-325
-201
316
-1852
-142
322
130
57
-284
213
881
108
-158
-326
23
-799
-315
249
-201
43
-925
7
149
-136
894
526
265
256
-78
-179
-258
-461
125
245
-258
-353
-467
-852
1059
-261
-90
0
-22
416
72
-238
204
-73
888
269
3071
143
-165
-225
1481
177
-1394
-61
-152
459
47
322
420
475
-167
-213
-282
-92
-52
-270
-324
-516
-136
164
21
48
397
549
18
-60
-187
-313
-105
-63
607
281
433
-3
-5
-50
159
-405
0
-1102
31
0
400
-250
1081
-189
-1
500
-285
269
-284
303
151
-542
-693
393
-313
174
-116
43
13
292
319
-406
232
-300
270
218
677
-267
-59
-274
-168
-219
-170
-162
-345
-6
-141
35
0
-674
36
-73
-383
136
-141
186
-205
321
-12
92
-252
116
419
63
-214
-137
-107
-34
920
-324
325
-505
94
-298
233
231
-1344
-80
75
-6
-53
-169
79
-1088
-661
155
-256
-477
-2
267
0
-89
630
494
0
-79
-151
97
-188
749
-257
-890
19
52
278
161
-1
396
-666
1255
-337
-500
1170
-269
290
-206
0
-185
413
-251
-518
86
-358
188
-26
-206
35
-371
-260
43
-11
321
-54
165
-265
