0
0
0
0
0
0
0
0
0
0
0
0
0
0
0
0
0
0
0
0
0
0
0
0
0
0
0
0
0
0
0
0
0
0
0
0
0
0
0
0
0
0
0
0
0
0
0
0
0
0
0
0
0
0
0
0
0
0
0
0
0
0
0
0
0
0
0
0
0
0
0
0
0
0
0
0
0
0
0
0
0
0
0
0
0
0
0
0
0
0
0
0
0
0
0
0
0
0
0
0
0
0
0
0
0
0
0
0
0
0
0
0
0
0
0
0
0
0
0
0
0
0
0
0
0
0
0
0
0
0
0
0
0
0
0
0
0
0
0
0
0
0
0
0
0
0
0
0
0
0
0
0
0
0
0
0
0
0
0
0
0
0
0
0
0
0
0
0
0
0
0
0
0
0
0
0
0
0
0
0
0
0
0
0
0
0
0
0
0
0
0
0
192
298
-325
-406
-116
-188
136
-163
212
-199
78
-331
54
167
-11
178
-284
-99
-411
-78
307
71
-247
59
233
23
-360
213
66
-334
188
-148
26
-123
-13
-16
-557
305
228
-244
-172
123
-228
63
-24
-230
156
127
159
62
-169
-38
74
-67
-20
44
-218
54
79
-113
28
80
-182
78
-19
5
279
-112
-232
208
82
-22
-137
143
100
-174
218
239
-5
-139
-202
-82
-97
220
49
-42
-280
-81
-70
219
87
-40
58
-221
-15
101
-167
179
314
42
126
53
-189
260
-4
-55
260
84
-407
-237
191
-163
76
147
451
-89
-81
-381
195
-266
-184
-363
-86
87
-52
57
93
297
-191
124
-219
129
-64
22
167
96
-6
-219
-239
-105
21
-105
-28
309
-62
-261
222
-54
224
-296
-320
156
-175
197
-235
-290
-184
-292
278
204
23
67
244
-49
-13
119
-192
94
54
17
224
147
254
171
-89
-27
-82
-200
200
-102
-199
56
-208
271
-206
-64
172
-82
24
-336
123
85
-1
-29
196
110
120
177
-108
-78
189
-358
88
-432
-162
47
-190
-140
-51
170
203
518
280
60
-47
-206
-248
89
-116
-195
-47
-196
-371
306
258
-311
-192
-135
143
158
-399
47
3
182
23
73
-196
13
-174
9
-278
-31
51
-211
-70
176
-63
196
-137
-205
322
-75
357
177
74
-59
-191
175
-46
-86
-20
38
-127
351
16
50
75
-175
74
-39
29
-192
-544
-100
406
-185
58
174
40
237
301
36
-26
-78
-328
353
-213
339
-455
53
105
47
-71
-168
105
-11
199
-106
133
-280
-265
-234
-181
53
-276
549
-145
370
104
35
-38
-156
-96
-153
310
48
-41
-286
-100
77
219
-143
339
290
256
114
231
-124
96
-202
-83
72
437
-190
159
187
-245
133
-91
197
17
159
-56
-104
-231
14
107
-34
-115
-232
-240
20
101
213
321
-340
-296
93
124
-252
-218
39
-216
-57
69
230
-195
53
-296
187
-36
0
148
199
-155
83
-299
216
-35
301
-388
276
-329
238
199
-93
-262
-285
19
-210
73
-122
-192
-117
-213
-214
-120
-368
-22
111
-51
89
-304
-197
56
-151
120
160
135
-11
-258
8
258
-227
-247
84
51
-80
-306
78
55
8
-304
-189
-90
304
-123
-259
119
212
-176
-5
334
-305
-96
-313
-136
142
-22
-272
-222
97
47
-13
-348
-204
-213
222
-21
183
136
-80
-95
209
78
-64
-160
-359
480
200
-45
-256
-184
-305
-310
-125
-284
187
107
451
286
202
-210
314
-582
-194
-301
308
-299
-21
133
225
-55
70
-140
33
-240
-296
150
-219
189
167
-59
-59
-255
204
-189
-85
-51
489
-67
223
88
84
192
-26
-200
235
7
-347
-294
66
-236
175
-409
133
-88
-31
-27
-198
72
-294
-271
279
-303
65
-162
299
230
255
-282
-335
-176
244
178
-256
-406
-44
-416
151
172
-55
-240
-108
121
202
20
155
-124
-123
-303
84
314
-230
-70
188
-51
-118
248
-148
210
236
-419
-495
14
168
22
76
-79
-53
5
-2
3
-40
3
-7
-55
-125
66
-20
-226
244
295
432
-60
-91
-85
122
-135
60
-80
294
381
65
97
5
-26
-72
47
262
113
158
-56
299
-79
-74
137
66
-96
-188
-46
-73
70
74
-105
-165
115
-87
24
61
-27
294
99
139
-41
-180
167
30
-219
212
-176
-177
-177
-189
101
52
-98
336
-118
150
-39
47
2
-162
41
-19
-190
8
-120
-10
-46
-326
-32
53
387
248
21
-363
188
-71
-57
-53
-35
215
-186
-404
16
-184
-274
191
46
188
-86
214
-39
-101
81
148
-255
-186
43
-240
207
-160
369
38
217
-116
-65
159
-123
-351
104
146
-19
-92
0
0
0
0
0
0
0
0
35
-131
-12
117
348
134
-27
54
118
136
-153
97
247
-137
103
99
159
-157
260
149
110
119
66
-64
150
81
37
-41
-94
101
-96
102
-215
69
-246
-37
-136
96
330
213
-173
-63
131
181
-84
76
96
110
8
190
17
-311
20
4
-114
22
124
-194
-43
251
337
-209
80
-45
262
-246
50
-62
243
-213
-151
-211
-131
50
-35
54
-126
57
-178
-319
17
82
-213
-232
120
182
273
177
-142
-164
148
-124
-106
406
-70
118
-267
-628
-98
153
-155
-282
-217
66
122
-110
178
167
-363
45
-59
-197
135
192
-262
335
192
40
12
243
-136
-156
184
226
12
-67
193
103
251
69
178
19
349
-206
-33
240
50
286
171
9
-175
76
-92
225
118
-161
34
-154
-83
132
67
109
138
-53
138
-24
69
214
-335
198
-133
157
-214
21
245
-210
76
-229
106
-137
-206
-170
370
70
24
157
122
-242
87
91
-220
-138
-158
-113
118
55
-24
29
-41
205
-74
-97
359
-135
-61
-62
181
-93
5
112
-161
-172
-2
-287
450
-138
5
92
-20
-82
60
-39
127
-104
-167
-153
-62
-94
-317
-127
-117
225
-19
-73
-40
149
-55
117
-163
50
222
-19
-206
359
-28
-202
-22
16
-3
-141
-205
22
-326
161
243
-205
382
-192
88
47
110
-137
-8
109
-78
82
171
239
116
247
-65
-167
-133
-5
34
231
6
144
25
-141
-46
80
12
-180
-12
44
-49
-134
11
-132
-9
188
-85
-120
-189
-166
-116
-145
-26
94
126
-97
35
251
-240
-107
-129
141
-232
-7
6
312
137
-132
328
-223
-209
-37
-19
-153
215
103
-168
168
79
129
-98
246
41
74
152
-162
-16
-251
48
12
-76
94
-147
119
-219
-81
-181
60
-119
-64
74
-86
-152
152
-75
-69
-157
398
202
-105
-97
86
179
355
-89
192
-161
-47
271
245
55
-134
117
-15
-54
105
-124
53
-38
-189
-112
-220
-35
-38
-237
83
122
-12
-73
-2
54
119
28
155
114
-203
72
235
248
227
-285
44
100
-54
-200
180
261
288
138
-13
-273
-404
39
2
35
48
-259
-151
-183
-29
142
218
-92
-100
-275
-138
-103
177
-105
48
59
110
316
-27
-144
-171
77
229
-95
-187
-37
291
-289
-200
114
-179
128
-62
-134
240
36
355
245
64
342
-399
29
-237
-119
-160
154
-34
48
177
-100
-196
-44
-221
-244
24
-269
-194
238
-154
25
-268
-17
-364
205
148
193
119
-70
-129
87
164
-360
198
70
68
419
-18
-373
-81
-258
120
-24
-210
-332
300
170
24
263
-60
-130
-19
121
23
241
-140
-246
-103
-411
-96
-144
-293
319
198
-104
537
-361
-38
251
160
25
-174
-213
206
-205
-343
-163
177
39
449
753
-36
182
-270
-216
65
34
256
-103
2
133
189
-139
-143
341
-214
94
-236
-254
-273
50
9
-177
160
-259
98
-88
-340
-104
-391
-197
248
411
18
-47
165
78
-119
900
-145
-244
-216
44
180
-20
-231
-377
197
188
570
-296
344
225
158
-185
-71
-147
-33
120
-57
172
235
244
133
-357
124
-38
556
-555
245
236
-129
305
333
487
-83
379
112
-82
243
-289
-257
387
-160
-168
-416
87
-199
170
-13
-149
-8
-224
-260
77
-167
231
-440
-52
-290
-74
-359
-319
448
300
-26
365
26
-50
-80
-231
162
105
-234
-41
-249
-141
171
28
139
119
75
296
-135
-199
-284
490
221
-186
-187
-366
152
319
282
-116
71
228
131
-192
77
6
70
-42
-287
-265
232
39
-353
-116
447
-245
-21
-411
-99
83
-136
118
-34
-165
-60
-347
365
-118
-115
-347
-9
274
151
-254
-355
23
156
404
299
-155
80
270
268
-283
253
-250
-55
-297
-89
-4
-195
141
-182
28
-156
-266
37
-186
-170
-9
23
136
207
-176
30
-116
-7
-110
-49
6
54
100
-25
-34
-145
412
-131
-117
38
-118
-308
-133
-108
-162
2
-264
-83
-122
-187
40
300
73
92
-5
18
-362
-307
-214
-241
-559
-284
-244
-184
88
-64
-186
370
26
-161
-350
92
43
-201
-2
100
-138
-152
179
459
97
-416
0
-138
-208
-105
318
-201
-127
292
-142
-247
154
-222
-30
-266
246
360
267
19
-31
300
452
25
-277
283
-338
141
-193
-223
-207
-348
-65
-7
-128
-53
344
61
98
-15
-80
-63
-33
173
-205
-114
-508
-33
32
-254
15
-130
-410
-322
71
-41
8
51
165
94
-439
254
-215
60
247
329
-237
-276
-173
-79
-20
-330
-114
261
-72
-229
-179
-248
397
96
-223
90
212
-709
180
-231
175
-183
-215
226
-183
152
172
-275
244
-441
75
81
201
-196
-12
-475
-271
118
-352
-16
-182
130
-234
-206
167
-155
-353
-361
-27
116
84
-185
-69
-163
-228
279
44
-16
49
-97
198
-16
113
272
-164
490
-9
330
-260
282
-16
144
229
119
-26
7
-337
-244
-117
292
-77
-385
-153
-296
234
267
-323
-116
-331
314
-95
226
210
62
451
-290
191
-77
272
-152
112
-112
469
-152
-359
-8
-62
-253
287
-129
110
-256
-19
235
25
-707
94
127
-108
-59
-304
1
265
2
362
30
210
-6
229
-33
-409
-234
-94
267
-257
-73
-357
367
-53
-66
-293
36
30
-261
-184
247
-365
-207
-157
159
-330
-670
-63
166
413
-193
54
-290
-160
-194
-32
-398
146
-72
-197
26
-186
-50
-339
377
331
3
245
-662
-13
-51
-261
102
-427
-369
-1
93
237
687
-746
-1
272
-54
-95
33
13
-414
0
1476
-469
204
3
34
252
-157
-300
1588
-206
-124
153
-239
-201
159
300
5
171
347
429
-1052
-275
-2
-152
-1
49
-161
50
-6
-1
99
115
182
-408
-1681
-382
-221
152
-72
140
-3
339
368
-228
28
-307
64
-271
-1
202
644
196
177
-282
627
-522
-298
-416
-70
246
220
699
-334
55
121
-429
0
73
217
124
-1
-254
154
167
-1349
8
-984
237
310
-54
107
-29
9
-359
-115
-257
4
-233
-290
54
313
-108
114
-54
271
-411
0
115
121
43
-288
347
-282
10
-123
1358
-104
1181
-86
103
239
-414
-291
-107
-443
-330
536
300
-626
114
-1380
-133
12
109
999
325
212
-44
-322
-118
-27
259
-591
-75
-299
17
246
428
-97
-406
-3
159
189
360
663
484
-276
-227
-1161
5
-27
103
461
1124
308
856
-15
-128
290
-191
15
159
-1096
115
-250
0
182
204
-46
-85
161
83
538
842
-259
-644
-224
1182
269
425
77
1079
5
-1024
-256
-87
203
-406
516
0
-297
-1301
573
-514
-1
170
596
-420
140
-50
-6
327
-221
-51
369
-113
453
-92
-310
641
127
-34
395
46
251
522
-280
-388
-253
-234
4
-527
-212
-177
-41
-15
20
-680
187
25
-268
16
152
267
-436
-282
-1
249
6
-625
-14
-19
-367
-248
-47
402
425
-332
-1695
52
-247
-103
169
-25
-408
-186
1302
-263
220
-350
102
308
331
145
451
-423
-303
-57
603
749
-129
783
-171
222
-159
168
69
112
18
235
106
703
209
-31
89
274
-1
-324
233
-27
38
-11
139
-251
1125
562
-925
1403
-180
26
-316
-157
335
-224
65
-501
-2213
1144
-96
-121
-291
-604
214
141
339
-148
347
-182
-213
-395
316
-7
-326
-268
648
-1
-220
109
739
-299
108
114
26
-1558
-370
74
72
181
-576
-313
984
-146
210
503
6
411
1430
-1392
51
-438
532
717
-157
-329
-183
345
-501
111
187
-239
-161
468
160
45
-340
496
667
772
-265
-551
69
-1
226
382
26
-191
-273
-919
-1114
-685
-2323
163
-139
140
-368
-102
-1226
-99
22
503
-196
-652
382
262
-122
-37
1264
147
-98
80
-222
-318
-183
-222
67
-334
-300
-650
-283
-124
72
166
58
-23
704
-318
-244
0
-4
-267
653
68
-1
-1542
224
-1
246
-130
645
-52
0
-408
258
180
-324
-123
200
-98
-304
-395
-53
-603
117
265
-905
-82
422
300
-309
-291
-393
-340
-169
-107
-353
144
105
-35
-405
-95
-82
574
48
-22
-1
136
-378
154
293
-394
332
-161
-852
-417
-70
-298
-102
143
226
-1617
-824
-221
-221
38
28
875
710
475
-1123
-452
-296
367
-1810
-158
-211
-5
-216
92
-498
621
-1135
-96
-102
840
-274
102
-1
-213
-502
-322
-268
218
-29
-251
73
-939
255
-1978
-492
-36
1157
472
-1
-52
1268
640
243
-290
-517
-199
-50
-196
0
15
-221
416
105
362
-11
147
-227
605
105
-56
94
-147
10
-181
-60
-925
226
