0
0
0
0
0
0
0
0
0
0
0
0
0
0
0
0
0
0
0
0
0
0
0
0
0
0
0
0
0
0
0
0
0
0
0
0
0
0
0
0
0
0
0
0
0
0
0
0
0
0
0
0
0
0
0
0
0
0
0
0
0
0
0
0
0
0
0
0
0
0
0
0
0
0
0
0
0
0
0
0
0
0
0
0
0
0
0
0
0
0
0
0
0
0
0
0
0
0
0
0
0
0
0
0
0
0
0
0
0
0
0
0
0
0
0
0
0
0
0
0
0
0
0
0
0
0
0
0
0
0
0
0
0
0
0
0
0
0
0
0
0
0
0
0
0
0
0
0
0
0
0
0
0
0
0
0
0
0
0
0
0
0
0
0
0
0
0
0
0
0
0
0
0
0
0
0
0
0
0
0
0
0
0
0
0
0
0
0
0
0
0
0
-109
126
77
85
87
-86
103
-154
296
-99
-126
-281
119
95
-56
7
-11
-156
205
-31
68
-101
21
-88
188
-119
-103
62
-25
-230
163
-48
86
-63
-196
53
-211
38
-103
-82
73
-164
19
-45
58
186
-208
113
216
-53
-43
-86
50
-57
77
-89
63
25
152
101
51
74
-35
30
23
-91
-412
127
-197
50
40
-370
-81
25
-85
-267
95
-220
62
-22
-57
81
-28
117
127
-93
170
-104
67
196
-49
-82
31
-144
125
-154
-23
304
303
144
-276
182
231
-55
-219
86
10
-110
151
15
175
-61
181
-126
307
155
-140
-26
119
32
227
-279
-58
-36
117
82
-42
176
335
286
257
-358
128
19
151
-117
-257
65
32
-125
-59
-70
-81
-223
-212
-321
149
25
-197
33
315
34
261
167
-102
-149
116
323
-201
-198
-32
-128
-47
488
-155
203
-178
70
-330
269
-403
-411
35
-407
38
135
225
-128
-207
280
73
236
-158
-277
133
-11
-27
219
-79
-247
-92
-265
95
1
-40
-310
-328
-197
-31
345
73
-344
-254
-475
17
-12
-213
133
-66
-94
-3
-327
-300
-144
-62
-249
-270
168
-43
69
-221
78
199
-198
152
-196
-111
93
105
6
-309
-30
99
178
-25
-83
-92
103
-235
113
425
-214
-192
-16
95
-291
81
57
71
-155
93
-106
-318
188
301
-119
97
-210
200
-80
-40
223
-260
197
252
-153
123
49
6
242
212
-182
303
173
-173
-123
-97
272
-30
-117
-82
63
-41
6
117
-338
76
100
-279
-230
-306
-166
-29
236
110
-267
314
-123
-69
-660
-88
-252
-323
241
75
-535
-317
78
47
-193
33
54
-160
-102
237
86
-174
-93
-1
164
-72
-197
-281
278
-161
-72
-235
-277
-313
-181
318
199
131
-79
-113
99
-232
12
80
-125
-100
-50
-245
6
54
-245
241
38
-87
217
131
3
-48
112
170
-69
154
240
-123
-183
-254
241
-479
-19
3
357
364
-147
-3
208
-49
31
-40
404
153
-342
-333
402
-53
114
-400
-255
223
73
-12
71
-134
107
-86
89
-126
399
-79
158
151
-62
-106
-178
-86
-214
21
145
99
-26
-394
-55
-41
125
-50
-202
-242
-164
-95
446
100
-241
2
23
-317
81
-43
-40
-300
-86
74
55
37
301
154
33
109
-87
-239
-170
-161
-66
-47
356
182
-122
122
-210
367
-119
315
18
-264
-179
296
-96
215
383
147
-5
-76
21
-132
-290
209
139
209
-488
-194
-4
-112
142
-168
180
204
-245
170
70
196
130
316
-38
89
-410
624
107
13
218
138
-101
116
-183
-249
-131
77
35
-134
-97
45
-131
167
188
-213
179
-218
-410
-112
-109
-116
71
83
-150
218
-107
-110
276
-253
-159
3
-164
-180
-186
-147
171
113
93
50
-178
-167
-142
-15
-77
-130
-209
81
12
156
-60
-61
160
18
-129
-254
-16
-300
-444
16
-63
-88
-74
-190
-305
114
-5
150
-55
-477
-117
-52
593
-131
-137
-259
37
295
-65
-218
267
145
129
337
-182
47
-84
-92
-133
65
-136
-86
240
5
236
-119
164
-159
85
183
-95
-31
-6
-156
-15
-73
-10
-125
-36
4
-339
-5
-116
-80
-112
-208
9
157
-275
310
-30
-144
-78
-11
31
-123
193
40
342
120
-92
-115
-155
239
96
194
64
155
183
4
183
29
244
-110
-118
-68
240
-140
-129
-105
223
-43
265
-25
132
216
282
50
5
52
-47
216
-120
32
56
7
-161
135
-212
128
-24
-104
10
-288
382
146
-181
-91
109
-29
-273
-19
380
-118
135
-168
-201
-120
-1
202
195
-167
176
-4
47
63
-47
55
10
-226
299
-107
100
-210
-40
74
-140
-3
-123
-119
219
198
-162
23
-137
0
0
0
0
0
0
0
0
-329
-333
-220
64
6
14
207
51
281
66
-121
69
193
-356
153
163
-133
-8
-66
59
141
211
160
-27
-137
22
109
189
-169
161
-119
-40
179
41
120
-147
99
-202
293
-170
-127
3
-105
-94
-120
176
232
-245
332
-37
-321
309
339
-11
240
22
-53
108
59
35
-125
92
184
163
-178
-199
-244
-171
220
-12
46
153
-28
-39
118
215
-30
-133
-343
38
-226
-82
-13
-95
24
-22
-281
75
209
-235
-114
90
-164
-3
-148
260
35
355
8
105
-131
-54
252
-195
231
-104
-53
-245
-198
561
-108
-84
86
-215
-91
-236
-300
-109
-18
-612
-155
278
163
88
-74
11
176
-243
80
190
10
221
70
-37
-103
-316
-68
34
28
139
-113
123
-19
-51
-156
87
-183
-44
-66
102
69
-31
172
11
44
128
-221
90
185
-149
-5
-122
141
92
-113
148
-80
-25
331
-78
-86
188
177
-118
-148
23
-105
-206
353
-111
114
-162
-87
-104
-29
-141
182
172
-130
256
-195
-236
250
-57
-295
71
-121
-25
199
-131
3
-389
-33
199
179
10
-216
-83
-134
-162
-73
89
200
-245
-117
-443
-171
112
-134
158
133
131
-203
-72
61
146
-112
14
-111
-100
246
-176
11
-165
-17
-104
55
-225
78
100
-71
175
-175
89
-201
-63
-67
-10
125
66
27
129
224
-60
-170
5
-477
-117
-154
89
1
-55
-541
117
152
318
35
99
-41
178
-190
150
295
-176
99
91
-88
-291
-97
-202
-10
-20
-36
-62
265
-129
206
-137
-41
-183
-160
-57
288
-153
-247
-336
27
-14
66
166
-176
107
-54
-133
49
270
-249
212
-149
-149
124
69
-211
10
203
-13
18
25
-266
-240
-49
165
109
-29
-209
-177
45
-257
35
39
351
-58
-7
-23
136
-7
13
-34
-63
90
-99
77
13
-126
242
167
364
62
147
22
-85
101
7
-81
-27
-190
-14
46
78
-97
43
46
38
93
-133
-185
138
-71
107
-74
316
62
46
-196
-210
85
9
-213
249
-213
273
130
-72
206
96
58
-101
-210
196
-98
-220
105
281
-280
166
-310
-557
157
131
-127
-107
-192
-303
-86
-69
-38
98
-155
-221
-56
-25
-81
-81
-91
-352
-121
291
51
200
-47
-35
-74
-141
-76
-134
-273
292
-16
324
-204
-513
-134
208
-265
-85
150
18
-490
-4
-515
34
-422
233
-277
-54
80
12
238
-142
253
96
-175
159
-144
390
248
30
-187
134
-13
-22
-155
478
450
349
295
-361
169
-5
189
-447
-512
-41
-272
315
216
-162
102
61
144
-98
176
22
-230
-3
-477
30
-183
197
-79
-269
-334
125
91
-193
-248
201
-211
-59
49
-119
-456
-269
375
-89
-560
149
-29
408
-27
-258
-107
-174
-179
83
-637
82
-116
-220
160
-393
1
-152
197
-511
-207
250
-173
-213
-301
431
-169
506
-79
92
75
-57
191
-256
2
147
-17
-287
-12
-115
264
-348
-30
-407
-147
-527
156
113
-156
-163
-6
-184
-264
699
26
1
94
214
-63
350
616
291
325
83
369
-110
-7
317
-577
-89
184
-117
-189
514
287
-139
-19
297
245
-51
189
124
200
505
275
94
210
-170
483
-161
-37
-395
76
-78
253
-199
-210
291
-418
-220
-178
141
-232
-322
109
-296
476
-189
285
-91
136
192
-201
-163
-22
342
-396
163
-177
-70
-379
-460
230
229
-63
-185
-23
564
20
-142
-171
471
229
-96
-37
-279
-164
-338
-199
365
-651
-61
-16
-263
333
32
475
-292
160
-192
191
139
-248
-291
-226
490
-87
157
-313
49
177
117
-219
290
-253
207
-277
-86
-195
59
118
-68
-260
-41
110
-125
-292
-24
-90
333
18
-384
194
527
-304
-342
-223
-256
-701
16
-22
372
221
-82
184
110
-75
-144
-502
-63
-269
-498
-104
-178
-279
114
-426
46
435
77
-24
169
171
-133
57
-172
195
-98
-2
-222
134
-536
-293
375
-3
235
168
461
-63
550
186
-361
328
-227
-21
-264
331
263
-101
312
-492
-611
157
217
-135
-727
257
139
-33
-347
245
-312
-144
-138
104
160
-278
-171
-303
-407
320
102
-322
-233
-34
-77
-230
244
-401
-202
255
279
-392
177
77
220
225
-116
-109
-262
-225
-33
-30
-12
141
-414
132
300
254
57
157
160
-34
-185
-210
32
-65
78
-384
366
-40
-213
301
-125
-208
-368
-96
140
549
211
128
232
-198
22
37
70
7
-163
11
6
464
-280
-347
240
230
200
-37
-198
9
-237
192
-283
415
-147
349
134
-228
-69
-458
-312
-356
170
603
-259
-136
405
97
-66
-83
256
113
-161
675
365
-527
37
255
-324
211
15
184
-186
-301
-77
-395
-43
221
73
130
-300
470
-248
-223
-5
-168
-41
209
-151
124
136
-132
-295
-204
-104
64
-373
39
312
152
-45
-120
-238
-73
195
-201
232
-249
-686
-444
-57
-28
215
-242
-174
-178
593
-29
-88
-496
101
-297
348
6
202
-53
31
335
-277
-45
-118
-766
-213
-338
237
31
-219
143
-117
-186
458
-384
61
-238
451
-69
-338
181
735
-138
-322
30
150
414
259
19
-356
395
-365
-117
-128
-537
16
303
-60
-204
88
-181
-123
489
-247
324
6
130
21
-98
-53
-192
-289
-279
-178
-577
-174
-56
218
146
393
304
-91
-297
211
-548
-362
-105
10
403
-35
553
-197
150
-300
16
353
355
-217
-95
319
263
-515
-92
-197
-392
-274
-372
-1172
-258
-686
-1
157
111
0
-408
-323
26
-89
-23
2
-25
-292
559
-818
0
189
-40
70
-3
4
-169
-1
-521
589
-266
212
288
-375
8
210
214
-61
99
-380
180
-131
-100
-34
-1
4
-117
-162
-442
230
-1
-60
0
371
-13
-133
-1
0
109
281
77
-129
-584
-375
12
338
-1527
94
7
-144
-194
-270
-89
-529
147
458
0
465
31
20
9
43
-5
673
267
-206
-401
-278
159
961
-104
-79
1967
-274
0
274
-222
184
0
150
846
15
209
7
-319
-150
386
89
147
710
-272
-10
109
-322
89
-169
306
-56
359
-250
235
-278
-409
-902
-1
170
341
-434
-125
181
269
13
220
-321
111
1344
-105
-67
312
-33
389
102
932
-29
-199
-247
-379
103
9
-45
-110
154
1253
217
-121
-1
-44
168
179
287
-619
304
-88
352
272
27
506
529
-236
-432
325
311
-130
-304
-96
-95
1078
58
86
284
5
550
-321
-96
-7
224
-249
-513
62
73
121
-260
111
0
-343
-62
127
-184
417
-217
-326
-31
-193
-402
-327
-863
-68
-81
899
-170
10
-128
-493
-326
-303
146
-627
0
225
2401
497
819
-37
17
-101
277
-196
274
0
212
183
32
-198
480
-638
-318
-10
-172
-161
-24
119
333
-481
569
131
-518
-239
-191
75
-193
-101
-205
-17
-253
187
181
-174
2
162
-61
483
-143
-236
-52
0
-544
102
-550
692
2
340
450
-313
210
-364
-344
90
98
-198
-766
330
260
-48
328
-653
161
400
-34
-4
-672
-233
333
4
-68
-350
270
139
1477
115
31
-422
730
-766
289
-163
-260
1
-140
-100
-62
-9
-25
-130
-322
-3
1146
28
-20
411
157
-2240
-312
528
602
-439
-396
287
-23
-287
126
-18
-350
107
-348
481
-489
61
-354
26
567
-145
91
-464
-58
414
312
226
334
171
-4
77
5
748
-1
71
-84
322
101
317
-141
-224
1497
-229
27
-298
287
307
9
-41
141
103
-274
112
-421
-500
-1365
270
312
46
279
37
-31
1228
173
363
-169
253
-103
302
463
-494
-268
-114
-311
-537
-217
-16
9
28
0
247
-147
398
-301
-90
-1612
-434
-15
-664
-176
-193
-67
-559
1
1755
-143
-222
-492
87
-676
-73
274
-56
27
58
-70
112
-508
-80
832
54
502
-355
-15
242
617
-220
367
141
6
106
150
-257
-65
393
-1
-2
202
-70
395
0
1526
182
0
-317
-13
741
-13
-1
88
293
-297
71
227
20
118
-217
-51
303
-340
-39
423
-502
-111
-256
78
-95
-234
-236
-316
-17
-395
-317
156
121
302
-263
228
-210
-662
-438
-145
0
173
-104
-613
-38
313
-267
-114
318
275
81
-1300
-35
-232
412
242
479
-172
-90
206
-146
-50
835
-452
-674
-120
157
-94
-1295
-372
361
-1
-23
232
-431
-512
64
269
-241
1555
178
-156
-1
96
231
-288
528
-100
-65
253
8
-528
-448
860
-63
-231
389
260
-1
-374
59
-529
18
110
979
277
79
7
0
113
-163
-256
349
-189
-89
6
-74
-184
-319
312
-134
169
-2
-7
-164
876
-241
