0
0
0
0
0
0
0
0
0
0
0
0
0
0
0
0
0
0
0
0
0
0
0
0
0
0
0
0
0
0
0
0
0
0
0
0
0
0
0
0
0
0
0
0
0
0
0
0
0
0
0
0
0
0
0
0
0
0
0
0
0
0
0
0
0
0
0
0
0
0
0
0
0
0
0
0
0
0
0
0
0
0
0
0
0
0
0
0
0
0
0
0
0
0
0
0
0
0
0
0
0
0
0
0
0
0
0
0
0
0
0
0
0
0
0
0
0
0
0
0
0
0
0
0
0
0
0
0
0
0
0
0
0
0
0
0
0
0
0
0
0
0
0
0
0
0
0
0
0
0
0
0
0
0
0
0
0
0
0
0
0
0
0
0
0
0
0
0
0
0
0
0
0
0
0
0
0
0
0
0
0
0
0
0
0
0
0
0
0
0
0
0
79
-154
-66
-71
154
11
-145
-127
-375
205
17
337
384
192
-86
136
-13
-234
429
134
319
81
36
-96
89
-281
-80
28
15
-220
-202
-20
4
11
133
-160
-245
138
-120
19
-154
-68
-198
-57
-19
-371
-97
120
-84
-142
-131
-391
20
-19
119
-34
-264
-83
-4
-107
-100
92
-218
2
54
-111
-127
-329
-204
123
1
-22
112
96
106
-171
8
255
136
-31
-56
-98
87
48
194
-9
167
-94
-242
-142
7
-104
67
357
-38
167
109
201
114
-232
-141
-91
252
96
12
215
102
-73
-412
-183
46
30
-189
-240
-209
-336
243
-275
177
-255
35
-1
24
176
325
-116
-86
-204
-40
172
-180
127
46
234
-19
156
-255
-443
35
-158
-117
34
-24
-189
-13
57
23
-41
235
-119
463
-43
-224
-98
140
-196
203
77
193
-114
187
71
232
-275
44
-358
-63
-32
188
-345
6
347
-46
-178
-72
154
322
150
66
120
-102
-127
436
-303
29
-423
-139
415
-52
-542
-125
29
-115
-33
-10
709
-154
146
-80
-342
178
168
256
343
-86
60
-135
-153
-30
156
151
389
528
-77
-142
-50
158
231
-124
-51
135
84
-219
6
-261
258
173
88
121
-87
71
7
38
375
150
299
-104
230
88
178
-17
-152
-364
143
249
268
202
-279
-47
188
10
-184
-98
-265
307
200
-139
-505
-168
41
-42
-209
-152
-256
87
-116
144
-56
-66
-249
-21
-130
98
191
299
23
77
270
-343
123
47
68
-55
201
-9
247
84
-76
-139
-213
220
-171
-55
173
-257
-116
262
210
-94
-131
-331
-6
206
-412
52
-153
135
-131
146
191
40
-231
129
-217
-69
-136
-211
201
-145
8
-186
2
173
-277
-75
-116
142
321
-125
-44
87
-190
355
-352
114
-353
-66
-209
-260
-129
74
-211
-86
186
57
-240
118
315
14
-8
-235
-276
106
-314
289
-42
-70
120
23
178
31
229
301
-193
-130
57
-258
-94
136
55
216
-189
-276
175
-137
196
-209
-1
-251
303
-417
21
213
-159
219
-356
182
-326
-104
-239
57
-76
-264
286
8
100
47
400
107
-312
-73
251
-219
-139
-146
-191
-119
251
131
-13
-289
206
141
-428
299
246
-275
-169
-80
171
-77
-154
-250
-30
-181
-55
-182
131
-119
92
22
-226
-47
49
131
-195
105
377
-73
110
49
410
-220
353
208
-138
-70
42
-53
-97
-2
-134
45
131
-16
-92
-144
116
173
-4
-156
-284
-359
-51
78
-201
-39
46
-157
217
-334
-46
191
138
-391
142
64
-18
154
251
190
244
78
2
-9
-26
-55
9
-97
242
-8
-99
-79
-135
-111
-50
-245
-30
-27
210
216
134
-231
-369
-169
175
-91
-189
142
10
299
-16
325
304
49
38
24
98
107
212
90
70
-267
247
-100
0
-130
-170
-15
-114
-35
-152
-89
75
97
124
-15
-67
62
20
-179
-311
-132
121
48
-109
58
-213
-266
30
16
355
392
-361
93
154
-117
-217
-239
-25
160
70
-445
-343
154
19
-75
79
103
45
-149
-166
-99
60
-104
301
82
-158
-106
-144
37
-255
49
-179
-26
179
-161
50
-34
229
-230
-73
148
-9
-346
128
190
-180
171
-275
27
95
-112
98
-36
-193
-62
-218
-22
6
-93
-121
-58
206
115
65
295
-121
154
-65
86
131
-81
-37
-15
251
131
217
-122
193
-24
-11
97
468
227
85
96
-291
105
221
-245
74
111
-61
-263
-154
-219
183
-55
-174
46
-94
57
194
-386
25
-135
-141
-128
-155
-21
131
-347
535
0
69
20
-82
133
349
-85
88
-157
136
-53
66
-17
-45
-159
74
-247
-254
-262
86
96
-305
-124
-70
-49
-219
-80
-187
-77
332
-201
169
0
0
0
0
0
0
0
0
-57
-118
-85
-130
-354
13
184
-23
-307
94
-282
36
89
155
241
-150
154
-113
-141
281
-205
246
204
134
87
37
127
-195
-223
-372
47
20
-14
117
134
-16
-119
-279
-99
219
-175
-177
-261
-22
127
-38
220
120
-20
-131
-250
207
-182
306
-283
-126
-192
172
-1
214
136
-26
273
-93
-70
-236
-59
165
302
205
-52
-244
-192
-119
143
271
-1
-24
36
-4
104
198
-400
-102
-358
-290
37
-179
-33
-87
8
76
-26
157
-201
-37
128
-254
86
-101
-141
-280
-234
-39
-37
-34
75
-23
195
59
200
-39
28
57
-345
25
-91
220
26
135
-182
313
-173
37
29
68
-224
158
-247
154
-52
50
-301
16
41
-76
312
-75
-44
-53
-300
55
199
41
17
212
-236
21
-172
-108
195
26
144
-39
78
-254
244
62
-191
13
11
44
-120
-113
138
-49
27
-353
-45
258
-306
-145
100
127
58
77
182
-10
0
3
-104
-92
10
-4
174
136
349
78
48
-1
-220
129
46
6
-115
-165
24
-297
-40
-97
115
242
-21
-186
-44
-214
180
107
68
-14
-179
-46
-71
-162
-170
-124
-130
-83
-275
-131
112
-179
139
-141
-139
145
-81
-68
-147
8
-4
-175
-4
-90
-66
-250
156
191
228
111
-98
51
282
138
-63
318
232
-148
104
7
-54
8
-225
70
-186
158
364
-57
-65
207
48
10
60
-19
207
-197
-80
166
168
-208
-286
130
70
-232
82
173
49
120
44
54
-143
38
167
-17
329
-122
-52
-130
127
198
12
-125
-180
129
-111
-107
-149
-14
-149
163
-189
101
-160
84
-81
275
122
193
-321
55
92
70
-44
-53
143
64
9
-92
-157
224
-17
-42
-193
239
168
-102
46
-10
-124
-88
24
-206
-64
126
-189
-150
18
-87
-266
-55
100
-207
-17
519
222
187
-14
23
-166
95
-88
9
-165
-145
-95
-101
50
-71
-188
-22
-159
198
-148
6
-91
-247
110
19
-5
-48
100
89
125
96
177
95
-115
-195
144
92
-216
94
-156
104
-100
65
294
-56
-112
-42
191
117
-88
120
-227
-185
-73
-78
240
-39
-164
-126
-241
-4
-215
-2
-185
453
-183
58
139
75
-277
-73
190
33
109
111
-4
-302
-186
-104
-52
-15
-68
-278
-118
378
-64
-329
-335
-24
-368
-237
47
-281
263
-60
200
389
-195
-407
-335
-103
231
200
-17
213
-21
-109
-251
-425
-311
290
324
-146
41
-81
-108
-339
-148
-264
-305
47
-150
-20
-253
121
-191
-225
-177
-220
-53
346
133
8
-132
-368
-506
-280
-48
-140
160
-236
-206
-546
259
47
-456
101
278
-298
-303
-167
90
17
-56
-25
-86
-254
263
-204
-444
-101
-119
-860
-130
-366
-177
-313
-324
-536
-146
331
-130
305
105
-296
294
-1094
-737
-349
115
-326
-399
-135
125
-54
161
-245
-71
-132
592
487
-501
160
252
-525
249
-81
-393
69
-110
-86
300
-321
-289
115
383
126
-49
-22
64
-257
-43
231
-183
14
1
-182
318
52
90
-14
-142
-81
197
-156
-185
525
172
-88
329
-90
222
-282
-156
-164
-71
-189
-126
-192
518
320
-368
-148
-264
-211
-277
-309
14
7
139
-172
-237
-246
-126
55
-417
23
113
-121
189
320
-20
290
125
-137
393
-293
-287
-257
230
-120
4
-51
99
561
73
238
-241
-361
-261
-585
-56
-315
74
-391
262
-68
249
-40
420
50
107
100
25
159
-39
-156
-312
-28
142
-321
174
106
573
-319
-43
-85
239
304
191
227
-238
-138
171
-113
280
-102
-204
-280
-118
-166
-151
276
-222
447
-287
-347
572
129
-425
-385
-35
28
-130
154
35
48
188
195
-80
-223
-94
128
-84
-165
222
-140
288
-171
-281
-103
231
56
-22
-199
-168
-83
184
221
-322
-444
-164
204
495
-9
-119
151
149
507
237
84
-55
265
270
33
604
451
7
81
-112
-260
-649
195
322
-342
148
-239
23
68
-173
106
-435
238
400
95
235
-334
-213
-309
160
313
90
-160
-140
145
-324
262
-475
419
-237
-61
210
-38
-113
344
393
-20
-50
1
-225
-282
-121
-109
-326
-259
453
96
282
63
323
210
-300
197
-195
255
65
367
-47
166
262
79
-303
11
34
3
-98
-153
-240
159
-32
289
-226
-55
166
174
248
-389
458
315
-278
23
180
-575
-24
-78
-37
-143
247
-331
142
-71
227
-368
185
296
143
140
325
-110
-135
-80
-94
553
-105
35
-278
-284
11
-244
-199
265
340
275
-168
-26
346
-238
-530
-414
-253
649
-470
72
-335
-162
-324
-77
-253
-131
-572
-277
111
73
-155
428
-160
246
173
-72
-137
30
-48
-259
88
-380
-167
-116
-298
-127
-92
-58
-236
-220
-10
99
-36
-267
-113
172
-265
-59
308
-164
-405
-232
144
-8
236
-180
91
-229
123
-385
-353
-99
-184
-457
105
131
-101
-492
-300
-265
-431
-125
-229
278
-120
-144
-44
-115
354
157
-172
341
-347
-243
179
120
228
449
-172
-539
173
-348
122
166
-355
235
-263
22
-516
-161
-101
383
400
243
-120
-271
-116
308
-284
323
87
-298
-263
-60
-213
-577
-67
-26
-51
-209
137
-260
29
257
-90
82
-142
12
-89
202
389
63
-19
-26
217
310
-609
-23
168
-24
290
-268
-336
717
252
-82
-13
-146
-169
-11
-474
-122
-152
-51
346
78
239
-287
-111
105
180
-174
-10
235
206
-172
-3
-221
-9
180
-308
-287
321
290
-150
1
-25
941
22
238
402
184
-12
109
84
-280
-310
550
-812
-1
19
-49
-21
75
71
-131
0
838
-99
-16
-330
38
-449
288
-283
1019
328
-35
410
114
-59
-324
91
-1
-23
-341
-123
-594
-78
5
-5
-1
96
278
-121
-3
-1
-297
196
-1050
355
-549
-112
452
319
1184
-140
-11
-115
-361
301
11
-222
103
-520
0
-12
362
464
144
-204
528
259
-168
344
-144
-69
865
1376
-82
106
-2243
87
-1
235
-25
-97
0
-136
399
-230
-1682
-50
-696
-92
530
-234
-263
-716
118
-10
191
18
150
-250
115
602
-71
109
-249
136
462
447
-1
-414
460
-227
71
-80
-311
-91
381
346
693
819
-444
1
-163
58
516
-207
-499
-215
-108
291
349
-349
-540
211
-379
-551
1075
555
-48
3
-251
-11
263
286
800
-435
348
-428
78
-644
-472
-530
89
-193
264
619
-311
-30
-262
-179
1267
-382
115
-8
-91
603
56
-456
308
-367
190
-121
-231
-381
-1536
-63
53
-1
-357
232
-477
-99
144
71
-456
1007
120
-432
150
102
-143
-221
679
609
19
862
-144
-117
-218
-311
-349
-1
44
1564
973
-397
119
165
-634
82
-222
875
-17
254
148
138
156
51
-477
-192
235
812
-175
209
1008
493
132
662
-102
96
-101
165
-194
316
-17
-260
10
-96
150
1006
-454
209
-268
187
-136
-26
-343
-177
-1
-388
1794
-59
563
-14
520
1586
149
385
-399
148
-753
-131
-42
2043
-199
-78
37
-61
34
273
-193
-669
-29
-52
-163
-242
453
-167
248
-268
880
-855
-67
-1404
28
-322
1473
-270
394
-132
-54
373
181
688
-41
406
-68
0
-1
-536
29
702
-77
-247
2393
-177
17
-431
-232
741
-209
-48
-497
104
-16
-73
-129
234
542
248
292
-8
-222
1077
473
79
-295
414
-357
-276
-148
-82
86
-12
345
-103
-250
-1
462
60
991
-716
210
467
135
-809
-133
348
-133
-11
-103
-182
-215
-264
159
1824
-234
511
357
383
204
202
404
-63
50
-42
-711
-429
391
170
-94
-218
100
784
-480
230
-220
-29
-620
-423
-484
481
31
-1
83
257
-265
-323
-19
1610
-91
-930
80
-188
-13
-210
-1923
-110
150
-120
-132
107
-212
714
-359
388
28
-91
-2265
191
-202
-86
-203
-460
-288
113
126
281
494
-715
-113
-228
27
-123
-362
258
4
-308
-132
1
-6
-452
15
-319
0
1583
246
-1
-28
5
925
-130
-1
260
-175
-10
512
291
373
-106
-724
-440
170
-800
-71
321
-321
-332
473
-147
236
-280
-163
-333
-190
-177
99
145
-33
-255
-92
198
71
1014
-49
3
-1
1307
-13
-525
209
-241
235
-328
603
167
221
84
-199
214
-229
-902
-157
-13
-164
190
290
-57
1035
83
-597
-206
-232
-106
3167
-292
-120
-2
91
-842
-97
243
839
-133
115
775
-153
229
0
-140
-123
424
1
-273
107
-341
-188
824
-86
3080
205
25
676
-610
-1
757
246
-1120
-233
-141
-256
-62
79
42
-1
-57
94
27
-432
-97
54
-73
189
2297
-164
-230
-207
-159
36
78
-312
-735
-274
