-178
-188
341
-695
-108
-791
-132
-311
113
630
-1401
761
-372
666
82
-732
951
-60
-272
757
168
524
1302
181
-443
-641
-14
391
1338
923
146
484
185
109
-266
-185
637
-1364
380
274
80
507
196
-39
268
293
-766
-35
355
274
-330
248
636
-131
348
127
-822
319
287
261
-158
-530
391
298
-570
148
-941
366
-581
466
189
52
82
420
-337
-553
-140
448
351
-80
559
380
-855
-336
-993
-272
253
-986
0
0
0
0
0
0
0
0
19
200
-526
546
-481
-249
26
-400
-371
-166
343
-246
530
-976
-794
24
-1308
749
-1277
-48
424
-455
-790
-522
754
464
-288
-308
682
-509
791
239
-356
-1366
177
-546
-571
-695
-543
549
-526
-654
108
313
410
-929
810
-289
154
-728
-544
-451
-411
367
511
-690
-376
-113
-241
-346
1118
476
-18
-451
973
21
102
-1018
300
530
287
-631
-309
-398
-421
349
-331
-34
-18
-668
47
-1257
260
578
485
288
-514
866
0
0
0
0
0
0
0
0
-103
23
167
8
-32
-115
101
-241
467
-410
-60
469
-312
-202
22
101
80
-287
169
82
-172
278
-39
166
33
-218
-268
228
137
370
213
-89
189
58
102
-129
84
-60
8
-36
-8
212
-14
125
-216
-8
321
49
-38
256
-73
-147
-259
212
-41
94
-174
317
-398
-114
-44
-79
335
-384
-210
192
133
141
-217
119
218
-187
159
128
23
222
149
272
63
-324
-60
-231
46
69
145
-47
131
-65
199
-235
-163
-142
205
-35
147
-198
-169
-49
-356
-411
-165
-267
139
257
283
59
-39
11
-30
419
-92
-121
-125
-148
-463
-210
-179
320
-162
-50
192
231
-73
-266
41
307
-313
-11
244
-378
-274
215
230
-204
25
25
114
150
-236
298
134
197
82
-340
-149
-324
89
-142
262
-395
166
116
-74
-3
-259
582
-61
-49
127
31
114
-197
-186
-211
-71
278
37
150
-166
41
-329
179
-181
398
-140
-177
52
74
160
-28
-153
-160
-259
83
58
108
-34
241
288
497
123
-86
-38
-190
34
96
118
235
-74
-182
164
248
-261
43
2
-265
151
170
163
-130
-361
85
-552
-137
-228
-213
-327
420
-62
-114
222
-149
64
-256
-231
-192
-76
-19
-134
-219
-71
61
168
-295
-521
-189
160
-5
72
-273
244
-202
105
-446
-164
148
-138
220
-146
33
-393
-145
143
-220
-115
77
-232
110
-217
-132
-120
153
-29
-209
-176
14
-54
-342
277
-22
228
-39
-252
34
16
211
56
60
12
-246
-331
-14
154
0
186
-144
60
-396
309
-257
474
153
-257
4
43
204
-40
-14
-19
-94
49
-257
-241
538
290
-354
165
133
-58
170
-186
385
-262
-2
-110
-88
-8
-99
-128
-528
25
293
-253
-286
-2
-344
-450
356
205
278
-355
-282
-77
392
262
110
-7
-22
-328
-163
-121
39
20
-72
244
-175
-103
247
415
-23
325
24
-37
245
395
255
196
31
149
-190
224
-442
-189
185
-86
166
-304
384
-153
43
94
-51
15
87
-152
396
83
6
-64
-362
282
381
321
-117
-197
-80
26
31
44
189
-82
-2
56
-66
175
-36
-292
-133
235
96
20
-283
85
260
-72
-257
89
35
104
149
93
337
-178
-539
104
-174
63
185
16
257
40
-209
-99
-41
22
-373
-301
117
-387
150
-288
-100
-133
-77
-190
7
-69
-90
-151
79
190
-31
112
149
71
311
-95
-73
-172
4
-269
45
66
392
-110
27
-138
50
-132
-49
-143
229
169
273
-572
-103
233
-122
-222
-322
-143
-68
176
-298
-404
348
152
370
-296
-77
-82
264
193
345
-201
-41
57
242
170
131
57
-359
-153
-174
-234
-108
-174
139
66
-18
-406
-56
149
130
11
-20
-97
66
163
-375
181
105
188
-9
350
-262
-114
101
-23
77
-418
-248
855
-294
156
128
-81
-321
102
-136
253
205
-251
206
224
33
398
74
-211
117
-129
-150
469
-152
52
-108
-133
118
168
-80
-296
-191
-280
147
49
162
344
-132
-255
-66
-311
-53
86
-133
-246
-221
198
-137
-269
48
-18
22
-30
104
-37
-144
290
122
-123
-259
169
257
-78
-177
140
-107
-47
-54
181
169
-167
94
60
-141
369
-209
-168
101
-272
119
-163
280
193
-6
95
94
217
148
96
102
-70
-127
87
274
104
20
106
95
-9
104
-129
-219
-23
-173
-164
161
85
-249
62
-221
206
33
14
136
-254
-21
-17
-170
275
50
60
-296
37
302
-124
-15
-135
-14
-163
-98
252
-57
112
-133
-363
248
-125
311
104
30
-185
-71
237
199
151
147
-197
38
186
-270
-96
-203
-136
157
-20
-167
184
193
-274
25
137
-21
84
-178
86
158
113
10
-121
157
151
56
24
128
-117
75
0
0
0
0
0
0
0
0
163
216
107
-117
-243
9
264
-56
95
99
62
-369
3
189
171
177
66
-101
-269
-293
-220
-21
-23
362
-2
-198
259
37
81
-197
-8
115
-42
-112
300
-140
51
176
13
-172
50
131
-107
225
137
-224
6
162
88
281
31
-98
-49
124
273
-73
-272
481
-24
-102
75
254
144
120
-104
171
67
209
40
-42
-100
-73
269
-135
-89
-66
91
-83
180
-1
-269
-39
379
129
303
22
-167
-254
-165
-245
-299
-23
71
-262
-205
70
154
-204
-137
23
117
-49
-121
-125
-328
32
-233
172
-272
-162
9
73
6
256
-63
-55
90
-55
161
-300
34
-46
62
-160
-76
-118
-39
160
-11
91
48
108
161
64
-82
-346
135
-179
91
-191
-107
-121
28
35
2
-375
-360
-45
160
50
-284
-105
-35
191
62
268
-163
279
-28
-21
-108
5
118
-11
36
120
30
55
37
-178
-94
-203
193
-146
-191
286
143
165
-147
69
229
-40
126
-91
164
93
120
5
48
-73
-101
137
193
-125
163
86
94
-133
-63
158
-167
23
-191
199
131
-63
87
102
-151
-25
-88
-49
214
10
28
205
123
11
-59
21
-178
-121
-47
-83
-17
46
1
-34
-34
148
84
-187
-10
293
-85
-61
-173
1
223
-151
54
-106
288
59
-198
-382
-295
29
198
169
42
-182
-225
120
-126
-5
-114
8
-258
-226
-114
-64
-410
191
-150
364
118
-122
208
-322
210
-56
211
36
-121
149
68
-72
-36
208
-114
59
-109
-31
-73
-95
307
77
-70
159
103
257
343
121
-19
130
54
-224
16
-23
256
-2
-97
-53
136
-200
-15
-87
52
-36
-171
-126
104
-171
-35
-22
5
15
-82
-187
39
-136
-43
-60
121
-12
-92
151
0
36
116
-229
-167
132
9
-12
-79
43
-55
-117
93
-169
18
-113
45
62
279
140
92
-256
-6
73
142
-230
-125
-171
-223
-202
83
-223
-175
71
71
-70
5
-196
-99
13
130
-60
200
-55
262
-173
87
-92
238
74
-344
-313
19
-223
89
107
-60
115
203
146
161
-75
-136
152
28
-277
-86
186
-183
216
-226
196
307
1
-98
-170
141
-34
172
-89
-119
-158
-108
-13
-177
36
134
98
-98
-192
-149
116
141
-110
93
222
-89
183
-10
-14
-371
108
-90
-109
-309
-255
-203
-193
124
562
-6
-133
55
543
-97
-57
-279
-189
168
-186
371
-28
-139
397
96
-6
52
209
-343
292
-104
99
94
41
336
-285
-124
91
-58
-209
-167
-242
-272
-514
196
-76
-19
0
215
-166
-177
134
-53
-267
-74
361
-161
-270
-366
-239
-334
144
348
175
12
155
55
618
-120
-123
234
45
-234
708
270
-346
-448
16
289
-61
-278
-2
-149
-283
882
-157
43
-381
44
-151
-243
-293
-56
-115
-127
-126
184
141
116
221
-274
33
-38
309
-84
-373
-437
135
-247
-381
-92
231
102
495
-102
-59
-115
-277
406
-512
-51
-134
519
-102
5
-229
381
123
-98
-57
779
-307
-92
262
-117
303
-228
-53
69
161
-216
-438
-291
115
-25
-395
104
-119
-38
38
323
60
286
149
506
135
-284
-62
-269
-264
-202
-368
-344
-95
0
201
8
271
99
-108
25
-167
-215
220
-17
18
128
6
-288
-325
16
60
305
-195
-239
-162
59
-93
122
-103
110
-326
-79
-54
230
-522
350
-89
-463
543
-315
49
320
24
-221
202
319
229
-206
115
290
234
535
-182
-124
269
-80
-141
-257
311
280
-339
107
-333
-197
-62
-161
131
312
34
-24
-29
63
277
48
64
146
-85
86
-459
237
38
129
-20
-252
-265
70
-212
-3
-255
0
120
-73
-176
-236
-36
360
311
320
-166
-226
-43
355
-80
-258
619
-73
330
-208
65
-145
145
161
91
-399
664
-39
-37
157
-156
-149
116
99
-337
-184
-174
88
-146
155
-104
-2
-204
251
18
-277
24
400
195
-249
66
-110
262
-203
-160
465
-55
198
-174
-435
-11
-120
202
-118
-190
42
-105
-278
-258
256
375
-144
33
-311
-39
-243
-315
-572
-82
244
-126
-58
-175
97
58
85
168
397
-137
-8
-265
157
-279
143
-7
120
-208
-344
134
-229
52
-280
-65
-298
-224
-289
13
-556
-184
147
26
-312
161
350
294
112
-1
345
-77
49
17
56
115
-354
94
274
-240
-183
-550
-17
39
213
-152
-33
49
-129
-210
-337
-307
423
294
-194
-86
-424
270
380
-433
45
-435
-269
228
339
131
291
-161
107
190
99
-54
298
124
314
-258
-65
113
-407
-228
-430
399
-89
124
21
26
95
-166
391
10
-339
45
156
292
107
651
-302
73
16
35
-67
56
-57
-137
-126
-65
-149
-30
-186
135
53
161
-29
334
-165
211
-267
33
-51
-121
-167
191
10
113
-103
187
-371
-69
-274
1
-128
-7
-152
427
-41
-428
-90
-285
393
-567
167
537
-95
190
-100
164
-401
-236
213
-296
391
-120
-352
32
-201
-28
-240
245
308
49
-26
857
273
-41
-65
249
189
103
292
567
477
-47
467
413
-265
6
105
36
1329
31
86
111
218
232
51
343
-429
88
76
95
-148
364
-217
-159
-139
-50
-157
-127
132
-353
-33
111
-23
331
5
-267
-246
-302
-34
151
-219
416
286
-97
205
-1
470
-395
77
27
98
-207
350
-33
-75
-235
14
-551
-276
-96
-28
429
-237
-299
428
322
-455
390
-261
-287
-224
-417
-64
260
912
140
-783
-6
-201
-1061
-13
-36
-69
-506
-154
-220
-6
-448
101
287
-704
0
-245
167
10
-25
44
315
-1
2179
489
634
112
-29
-1025
-134
189
-978
-352
350
-462
-326
-225
134
-369
-4
472
-184
-105
1205
-219
-5
-467
0
-99
-182
-85
0
0
-173
-249
-76
120
-720
72
90
-15
768
-54
40
144
-94
1197
-249
409
-257
-155
0
-520
139
9
237
7
-178
-1077
58
318
220
-57
-12
-1521
-337
29
918
-141
0
-287
626
-117
0
87
-416
-215
804
43
-951
-12
-814
-345
-158
-185
-26
118
-160
458
-33
-248
61
-188
163
208
-265
-252
587
555
0
141
-294
-290
-219
181
225
-86
329
-130
1148
98
720
-142
-264
189
117
54
-671
-275
224
653
-326
534
1610
-215
411
51
243
276
51
5
339
-149
-90
-514
799
-256
135
-140
51
705
80
270
-329
233
-529
559
-539
186
-164
316
-670
-362
-95
-308
-61
272
-350
4
-251
67
-227
259
-185
-330
-1228
436
-242
0
356
-32
-306
351
218
136
-127
1446
-64
579
-141
-1731
657
19
54
764
-11
887
285
378
32
197
193
0
-449
56
-852
-751
18
119
911
111
-312
573
-7
302
-306
-151
465
124
166
39
48
-308
-155
-145
-266
18
277
-913
-91
872
125
-192
86
-272
-211
-260
-4
-397
-158
-422
167
-69
495
203
-337
-279
148
139
0
-379
-881
1128
452
22
-309
-1101
0
79
58
-118
934
495
135
179
-260
-141
19
-229
-101
325
-50
90
-47
341
-26
-161
235
-50
159
135
187
568
-357
-1626
59
171
891
-71
-383
445
74
-325
-143
295
-221
188
101
68
-3
647
245
-331
-261
-200
755
-3
-337
557
-394
-994
472
35
550
-423
-10
309
-307
422
1584
-179
367
381
385
-437
-352
352
-30
455
-244
-654
94
267
103
-13
-46
-38
157
-1
159
-24
-551
181
512
-318
-154
717
322
221
-115
-203
-325
193
-873
123
-250
282
-123
1018
1297
-281
-21
-135
-309
-549
-188
-116
-576
-527
-383
-245
240
124
-241
515
-570
201
-72
-183
999
1053
-234
19
-9
-1
-272
-355
209
228
-179
-1523
-1517
-18
-1562
-89
58
89
120
168
2405
-188
-96
864
-333
-473
149
177
216
-80
-617
-189
-149
-89
-263
-628
116
-357
-224
-302
-44
-390
-314
-87
81
135
284
-18
157
-21
-390
-2
-10
-178
-646
-149
0
-2746
-229
0
-397
36
-1907
-245
-1
-74
-81
8
459
-302
66
-315
4
478
-389
-116
-107
110
-417
258
-30
-131
-415
86
145
-7
-28
-196
-134
158
-175
-272
-81
133
-273
-763
-281
-261
1
-990
113
462
153
-85
270
-161
774
375
291
-820
-114
519
-619
-253
400
41
-334
-265
436
-428
568
58
-317
189
-291
-501
-2562
-136
-175
2
404
-746
178
1041
492
-42
-258
-951
28
-54
-1
170
236
-449
872
211
19
143
9
-515
378
-760
7
185
-132
1390
-1
-593
-638
754
40
229
12
-127
-295
-264
-2
-157
-332
141
277
-43
339
280
47
-978
267
9
425
-166
-16
782
80
-190
514
