0
0
0
0
0
0
0
0
0
0
0
0
0
0
0
0
0
0
0
0
0
0
0
0
0
0
0
0
0
0
0
0
0
0
0
0
0
0
0
0
0
0
0
0
0
0
0
0
0
0
0
0
0
0
0
0
0
0
0
0
0
0
0
0
0
0
0
0
0
0
0
0
0
0
0
0
0
0
0
0
0
0
0
0
0
0
0
0
0
0
0
0
0
0
0
0
0
0
0
0
0
0
0
0
0
0
0
0
0
0
0
0
0
0
0
0
0
0
0
0
0
0
0
0
0
0
0
0
0
0
0
0
0
0
0
0
0
0
0
0
0
0
0
0
0
0
0
0
0
0
0
0
0
0
0
0
0
0
0
0
0
0
0
0
0
0
0
0
0
0
0
0
0
0
0
0
0
0
0
0
0
0
0
0
0
0
0
0
0
0
0
0
62
-253
231
92
-14
25
0
-10
-412
70
30
264
-197
-34
112
49
18
103
-349
-188
197
234
4
94
17
197
174
-33
3
-78
363
-3
-19
-10
266
-167
147
-50
152
198
8
53
54
70
-14
48
-118
-168
214
-12
-202
330
-314
-8
174
-2
-12
32
137
36
15
-69
-72
70
61
101
-212
-350
317
-49
-7
3
-188
-7
-4
-36
52
-324
-118
-48
-126
105
161
-57
-48
37
89
-49
214
166
144
-40
-45
32
100
-13
9
68
28
-147
-229
-49
89
133
-199
224
75
141
-140
-185
64
171
-172
106
399
169
-102
118
-148
278
-176
241
138
182
-131
-105
-194
-156
89
-313
-187
62
-14
11
-158
-55
-121
262
-85
-85
-134
-248
-285
75
-171
-179
99
4
4
297
-191
153
172
-282
4
267
14
275
-264
286
106
127
-276
-214
183
-15
-98
-39
-53
323
339
302
459
-124
-175
-20
82
-153
-140
111
-44
188
277
-86
-76
190
129
-107
-55
-115
-40
133
-124
-127
-63
-630
-143
305
-52
383
-305
-94
-132
-129
-27
71
191
42
-74
173
292
-154
-274
190
-27
-261
-442
239
72
172
0
54
139
84
140
-80
-188
169
-216
-313
42
87
-127
-342
-60
-98
-111
161
-264
-81
339
-264
-444
195
82
161
207
72
-96
157
160
-15
-260
167
197
35
-14
-59
120
39
-172
-145
-93
-31
-363
168
-166
142
17
276
-205
-123
424
22
-290
-252
-75
-153
239
-181
77
-264
-137
-734
125
-360
83
35
-308
-32
-204
89
-46
110
-6
-195
-134
22
71
122
227
-228
140
-8
-14
-450
-218
-358
20
-57
-71
213
7
252
356
93
-54
102
51
-219
-182
172
42
-105
39
124
-127
-236
-81
3
3
-49
256
104
-299
187
22
-3
45
-183
-204
149
-97
-173
-247
-28
-50
548
-4
53
-117
-201
-305
-187
-346
-161
-292
-231
-91
-150
67
-362
316
76
-72
84
44
306
178
-76
-45
212
-9
264
186
31
16
-99
199
182
-529
-362
63
179
-96
-78
-159
35
24
-81
-450
-33
-94
151
-343
134
17
-476
103
-101
58
129
37
-197
289
-28
-54
309
30
78
-105
300
-159
-221
-220
173
13
-27
42
-64
120
-82
-129
70
26
-112
115
-137
-333
-74
-83
87
-172
270
-51
-93
202
-115
180
-16
-165
-277
135
99
293
-273
43
-165
56
388
73
13
143
-319
-37
158
75
0
-147
-146
-229
-134
146
-174
211
-210
-262
86
-40
218
-24
180
286
-45
-297
329
51
-419
-48
-228
201
-142
5
161
-71
-85
-238
-380
9
420
182
-279
-76
-41
251
-406
126
-173
-6
-20
-190
122
60
-39
82
-227
161
141
-213
-5
-233
-15
151
-240
-79
345
-237
-8
-255
64
115
136
67
-109
395
-40
-258
271
-366
110
-137
225
-140
248
203
-159
-98
82
272
400
-9
232
-227
92
289
77
-40
-19
28
47
-102
-392
-275
321
-41
-276
552
-36
350
-16
-273
98
-248
-146
325
285
-252
-73
138
105
96
-318
251
-333
-98
141
138
15
52
-21
-105
-159
14
93
74
198
-17
-33
19
-150
-149
-148
155
-11
-94
-392
-130
59
182
-112
-174
110
-315
9
-86
-117
-146
-280
-53
-148
-195
-88
-311
-249
-62
-15
290
-23
-197
-104
7
-8
29
-50
58
-228
271
72
116
197
-165
-176
166
-238
-155
331
103
62
-31
-214
96
142
-124
-78
-36
29
3
13
-31
-259
201
68
-153
-101
34
5
105
135
-54
161
26
0
-20
-217
-13
57
153
-140
144
-62
-302
149
55
-114
-66
-82
112
-72
21
-2
38
-218
45
222
-110
-237
40
-24
66
-159
75
30
141
-190
-127
-85
0
0
0
0
0
0
0
0
318
29
160
66
-137
145
-63
7
390
-45
-100
-226
-158
-64
-87
178
91
-200
64
-13
-185
-6
-193
73
35
158
267
170
-59
-138
-38
100
-76
62
-103
-50
-43
-178
-67
54
191
105
-94
51
-184
-123
227
-178
332
-24
32
319
265
4
-90
59
321
9
-202
69
-258
-263
-46
181
-315
-231
140
-135
-293
-65
181
102
-162
196
166
-170
32
171
319
-302
-166
-131
-254
143
32
-184
-342
-40
-60
224
119
-214
30
-291
-83
70
170
357
65
-210
-62
327
-132
94
-234
-56
-318
-429
-64
192
218
-25
56
-159
77
-230
325
20
69
268
166
-289
78
147
220
-206
344
-62
321
63
-210
324
149
-176
77
240
152
-118
-170
374
170
185
-287
111
-26
-100
158
113
113
-101
34
110
-160
202
36
122
-162
-47
210
-203
92
162
43
195
45
-110
117
-97
-342
25
-29
179
-59
-195
190
-140
-44
197
73
-66
383
-131
-174
104
82
-157
64
216
-6
-199
207
-113
-285
-37
270
171
139
95
86
-104
100
111
-420
71
-133
5
80
-123
-128
259
-194
-157
174
298
-126
168
-278
-170
-73
-116
138
122
-138
27
-72
-217
74
-52
-61
285
135
193
-119
173
48
197
33
-67
-14
-251
44
125
69
-45
-142
303
-373
-62
-45
105
-6
-253
329
42
147
7
362
-21
-35
47
-142
-100
116
-301
210
-444
-76
146
-152
-37
-99
48
-216
-272
218
-140
-41
201
-112
207
-70
-197
-95
31
-330
23
-266
83
5
-326
-62
82
-185
49
-85
-88
-57
-4
60
-190
185
44
167
-72
-213
129
213
-78
-209
-39
-231
142
225
249
238
-74
43
262
-184
-21
-51
97
28
-191
-166
47
94
95
-35
85
251
-10
40
4
-109
109
-86
51
-303
-20
-159
-44
225
38
-91
-144
-332
86
-93
385
-170
103
164
-37
-220
-155
70
-97
-85
-135
-97
-45
133
-103
146
-212
105
55
50
20
122
18
-225
57
-71
91
-22
343
-279
-214
-95
-132
-4
226
33
-8
-91
47
395
-149
-136
-126
106
-23
-135
-89
-132
-215
-169
144
500
-33
-81
-183
-27
-134
-197
129
-397
-93
94
54
184
-68
28
-11
-104
72
55
465
359
168
-83
-319
-117
280
-171
-321
-143
-203
431
4
-49
-367
-13
-100
294
-331
194
474
338
432
84
140
419
-81
51
23
158
37
230
99
21
-328
-258
-290
71
211
284
259
-162
-58
-228
784
-104
-315
110
-39
-184
-395
-157
168
203
458
347
-161
-124
-155
-196
-309
-14
-153
86
326
-173
-247
81
330
-49
-216
-291
-87
50
287
-468
74
20
150
22
-24
-324
-38
-330
-409
-75
-211
114
-242
-117
-109
162
376
-313
406
300
-455
141
-222
-240
524
-193
-179
196
-360
-11
1
6
-297
-61
110
-48
75
-182
123
326
-30
-137
214
-111
-64
497
-281
209
8
-342
-144
-151
312
219
393
232
-224
-136
-311
-218
453
-123
-63
-421
199
-166
290
-237
-174
252
-186
-310
386
-157
-343
232
46
72
-295
-11
265
-195
-317
193
-104
-52
205
-30
142
194
93
190
264
134
422
-136
286
306
-270
-153
-222
168
-116
69
240
80
236
-37
84
233
263
218
101
-273
-280
230
121
-194
341
-26
-31
215
-422
-106
-498
-97
-104
-98
-205
249
-89
59
250
-57
-141
93
153
-588
-183
-17
-364
298
317
202
290
127
-54
320
247
84
-149
37
-103
-442
12
199
-347
-243
-24
284
98
-237
-253
-76
-252
131
-72
118
-130
125
-18
330
-88
8
81
-379
128
270
276
-237
-306
-310
410
136
179
439
-37
-288
-23
-355
-303
224
66
-66
-235
-233
5
287
-431
133
-327
420
-127
81
-282
-131
-31
-143
115
205
-325
-96
259
-119
-174
30
178
147
11
-238
-78
589
164
37
-215
-65
261
-6
117
93
-290
358
-467
-80
176
-60
163
-162
0
283
-201
-55
430
27
-627
-311
118
-136
-383
-9
-309
273
143
182
-59
151
341
64
-18
229
328
-528
-129
-67
-280
-315
127
-262
-55
-188
-47
-339
0
-212
-251
-44
-273
239
294
-320
-332
214
368
120
-104
47
-218
109
38
-56
-380
133
-337
284
-123
-164
-474
-363
-115
110
84
8
50
292
-52
-32
-147
-150
381
463
-369
100
75
121
70
-57
176
337
-156
-355
328
-537
127
257
-165
394
493
366
-166
46
376
341
-10
-325
295
-325
201
-12
-346
-172
-299
-169
-384
-824
-113
207
-247
-153
-636
144
-576
395
-48
-220
-205
12
143
281
265
176
71
118
279
-204
-270
203
-301
25
394
12
-198
-36
-171
-154
-347
124
-62
-378
-401
-169
-293
211
-380
-268
46
192
-261
-268
-264
292
-283
199
489
-139
-235
-515
-238
-164
-328
-93
-349
-236
124
129
-357
171
191
204
293
42
220
96
166
264
-300
251
158
23
249
-192
-248
5
-19
341
41
-232
-348
-443
2
78
5
-271
-205
99
461
242
-214
228
-505
-261
233
-143
267
699
-39
-497
95
372
-50
243
-346
71
123
81
363
1
-105
-44
-70
-115
110
-431
61
78
-421
-8
-19
31
81
-351
-14
445
-154
-26
-216
-71
-223
223
-176
472
-47
198
341
351
892
134
-269
10
345
96
-624
-442
-192
-31
268
-197
639
-167
249
-295
183
339
-210
-60
-34
-344
-379
-473
-77
67
551
-199
119
-1100
292
-210
-1
148
-75
0
-111
-177
92
165
479
-1
104
-364
-631
-638
0
-60
96
162
-2
204
1112
-1
-1407
-423
-236
320
87
1238
6
157
586
195
-408
198
-98
-105
115
-230
-1
-77
235
254
-592
223
-1
-227
0
51
-96
-7
0
-1
125
280
-442
-478
449
523
249
10
541
-84
2
-110
-152
841
-144
-292
292
-245
0
-260
-110
-274
-168
-201
-157
511
235
-368
397
186
114
-1578
389
-263
1347
146
-1
-167
-185
-100
-1
741
-565
210
-216
-10
1399
-200
305
-406
275
809
-357
226
53
-321
-53
-318
129
659
-173
115
167
560
140
1889
-1
-156
544
242
-282
-39
32
-107
127
502
23
-416
-47
106
474
-42
-487
-123
750
342
-138
-406
482
41
632
335
-5
-147
-524
-315
-66
0
140
-10
-221
-16
-196
-80
-113
-515
119
169
336
-372
393
70
-271
365
-25
-358
409
-185
636
113
-261
200
13
-464
-59
-563
-136
-288
291
229
-130
85
2457
-190
89
-1
53
-312
411
183
-178
-311
-400
413
-346
-384
203
-318
18
-73
1096
170
-12
196
-341
-96
-103
105
-265
0
-157
-574
39
33
-222
-322
639
-172
-42
-808
3
168
472
-40
-144
41
-179
261
92
151
-20
-279
-76
215
57
-289
-362
-405
54
-127
114
317
134
-321
-208
-261
134
190
-226
-8
-199
11
-301
-98
38
37
0
-101
-575
497
203
2
-237
2018
177
462
-268
348
991
134
-142
-8
268
-187
-183
-58
-12
-51
-79
-501
15
119
316
91
0
-316
29
120
-336
235
-93
340
-123
775
1175
-6
-246
321
0
-224
-121
14
-234
-316
151
-295
1
-135
-25
-458
-141
-347
2578
-230
-7
-518
763
-518
265
-36
-92
257
-63
26
101
-730
-376
-639
-133
-276
-342
582
139
126
-128
-70
47
442
-29
-132
-241
33
-104
-224
315
-1
-473
-344
-456
488
-12
-124
-82
-1184
169
23
-176
-235
-159
110
-928
-263
-312
-728
-170
-32
-582
-496
34
103
-533
56
192
-109
-233
-442
6
-223
276
-175
236
340
348
-381
120
-273
-105
-34
683
-227
-20
0
-23
-140
93
-72
51
-2348
863
1849
-731
65
-331
-152
4
6
-1622
-47
-121
-262
-170
-137
153
-14
338
-2
-96
-27
120
-66
-18
389
82
398
-175
126
202
434
275
-8
373
-470
58
-1
-247
102
-61
1
20
-399
-168
-329
-1
-2752
7
-1
64
185
-124
-135
0
-4
-133
-263
-369
-64
-231
-131
545
61
390
-862
280
156
-422
19
-299
89
-24
-187
55
-20
112
-171
-271
-243
176
-8
192
-64
70
736
132
94
-1
-92
-62
295
-54
-116
-328
111
-314
-343
-73
1714
-163
-4
-246
429
96
207
-249
269
555
148
282
207
-882
93
213
-65
751
240
132
0
304
43
-18
-467
-59
24
380
448
-53
-44
0
51
788
122
1143
262
-12
409
-72
-957
542
-277
-9
-378
-1627
1046
-1
689
369
1204
-453
207
-743
80
-368
325
0
379
-353
-169
166
213
-69
-64
-208
-495
215
153
-152
811
-1
-340
229
106
-422
