-48
-740
-105
24
-652
233
-226
436
-1160
822
-546
-753
-551
-475
-1264
387
-471
-218
188
-407
-1237
365
647
-428
-232
734
100
-206
475
1017
253
143
-520
-283
-228
-34
-1261
1364
310
-439
319
761
-49
498
656
-703
-220
-86
54
838
-730
77
768
-1165
-1309
889
-507
-309
68
626
-127
-166
271
-1080
-31
513
428
-298
-300
-50
556
-527
-350
-821
377
241
804
-865
-365
434
-571
495
1338
95
999
841
636
-560
0
0
0
0
0
0
0
0
121
687
-304
162
609
-103
689
206
-303
-83
305
-921
-118
409
1060
374
695
-130
-2327
-154
-699
-271
56
514
-535
720
-267
637
-117
607
-454
528
1325
-1200
-375
-1221
-682
239
276
19
-1128
-153
738
178
692
797
-740
522
162
-65
-160
892
-165
-1033
523
-325
35
-411
-342
-278
-658
-165
823
512
644
-543
-1003
135
-707
-535
-484
-108
-1046
-212
645
-587
965
-793
-630
-577
-931
1359
-24
630
-780
741
638
-934
0
0
0
0
0
0
0
0
-17
-27
20
163
53
7
111
-48
28
-251
-190
-167
-197
-267
-47
40
-5
-56
5
112
-371
-95
45
-20
35
152
-195
30
6
66
-62
9
-13
-33
-87
120
-46
24
133
72
9
-263
-49
103
-83
65
-81
-161
-108
73
45
-130
125
52
-49
41
50
89
162
90
168
-91
185
-289
120
141
-124
-347
-6
106
152
-269
236
-56
-2
38
-129
-122
-6
-293
-38
62
-33
34
-45
-109
-27
73
214
-298
8
-142
11
-57
-20
101
-344
3
25
333
236
77
-102
105
-100
95
0
178
290
142
-115
88
66
-57
-186
170
191
315
66
-276
-240
157
-79
7
-118
106
4
-122
-275
-176
243
-76
340
112
148
-46
74
-258
-230
106
314
53
-151
153
199
155
-226
-138
-19
89
-109
-207
-59
-40
-2
-119
-15
4
-35
-110
8
29
-336
114
-157
289
-162
-354
144
105
270
40
267
-400
164
197
7
-41
57
-192
37
-108
208
-144
137
39
80
216
-113
-62
169
-28
-89
-46
131
158
51
-3
-22
172
133
108
2
-350
26
-112
-20
-77
-157
-138
32
218
-96
-69
-90
-193
-51
229
128
4
188
18
-78
-25
-177
207
-180
-263
-147
165
-306
-11
-74
-75
-12
146
145
-68
-3
257
15
114
124
99
-9
-125
43
-127
96
-67
111
-83
104
-67
126
-231
0
-296
-57
-138
143
372
141
82
-56
-220
-152
122
-16
187
49
-214
195
12
-374
-200
-121
47
-168
-276
-274
289
92
342
-58
-132
-46
-161
-49
177
-151
-85
-189
135
51
-46
-194
93
-121
109
-149
-26
-339
-93
44
515
165
128
-34
50
-101
-88
-74
373
148
-117
-2
-66
-68
280
-29
-315
141
148
128
49
115
147
-212
62
131
-3
55
46
-269
-345
359
109
-208
-200
44
77
56
-198
-142
572
-412
-46
137
-310
124
-178
212
-195
-297
-118
-199
402
286
-256
129
-199
-314
-19
36
-77
332
-150
101
-223
-59
157
-72
-342
-98
-219
-157
-91
73
383
403
125
-418
-277
-199
75
230
35
86
-282
-337
2
128
-162
-21
-64
-236
-188
215
-35
-171
235
-259
408
93
-74
55
-285
75
-70
19
461
-103
-176
108
74
-236
-50
-403
-178
-165
124
-14
-150
-240
-45
59
-81
109
256
-169
56
141
81
24
-166
212
122
144
-21
-224
-270
-45
103
131
-144
213
132
-376
-221
-194
-217
-55
-247
-80
279
-266
16
214
-282
406
-78
-7
22
-139
52
-59
-303
110
-254
-229
79
-147
10
22
187
-91
401
-445
238
157
71
369
124
42
0
209
-415
-349
32
-145
-235
-123
-215
-52
123
-41
251
11
-248
-42
-300
20
239
-61
-189
-208
44
-84
-85
86
139
-13
-30
120
170
186
-182
98
42
-87
94
-675
194
475
-84
210
391
-226
-226
110
-69
114
-29
-46
-290
73
205
143
57
80
411
404
-32
362
106
288
-16
87
-84
144
-332
-31
-260
90
-129
270
-18
141
-27
181
-157
-346
293
-203
-240
-28
35
-45
39
192
-98
107
-63
-74
71
125
97
231
-20
86
283
33
-275
-224
-80
-29
84
78
296
297
-33
166
-72
319
130
59
119
80
245
-74
118
88
-127
46
-3
32
9
-66
-244
-86
70
178
108
-60
36
212
49
75
-67
101
-68
113
97
-64
154
173
-297
155
125
150
-346
196
-282
-7
183
123
-130
47
119
-182
-109
86
44
373
61
-54
45
-155
96
35
4
-37
119
-125
186
56
-49
-99
-123
111
228
-284
-152
-159
-55
-45
-106
-184
26
-126
-58
-123
86
-27
-46
115
167
180
193
-65
-3
-18
189
-85
-31
-287
-23
-63
117
154
-217
27
8
160
54
0
0
0
0
0
0
0
0
198
140
-7
118
-202
-279
-194
32
132
95
21
-120
-32
110
125
-50
-184
-5
137
108
253
384
-222
-81
156
224
-298
-14
189
-159
25
-223
123
-176
258
5
-114
-224
83
33
-195
-110
-219
-56
138
6
-229
57
174
179
-226
4
277
-61
-226
123
-90
14
169
-363
-273
-254
-104
-187
-149
309
-205
45
-92
60
-84
49
152
-57
100
110
-92
51
68
5
-162
64
-256
-83
-333
337
-281
121
377
-350
-168
-12
124
-276
304
-231
15
-86
102
199
202
44
60
-32
35
20
454
-107
68
-87
151
152
239
308
-59
52
-130
-94
-23
-13
94
-67
-149
39
-172
-11
-209
-163
76
99
-164
-125
248
-291
-108
-40
86
161
321
5
63
31
-169
-36
-72
43
-170
72
-161
266
225
125
-55
193
62
74
147
30
-54
167
-95
40
258
223
-52
345
-58
165
198
120
-21
99
-124
141
-256
193
152
170
-129
7
101
-139
147
-13
-34
133
-288
-119
-146
377
137
199
-76
-83
0
-123
-37
48
-33
-121
-21
165
277
223
-83
-69
-159
155
-354
133
-134
-157
275
-220
-19
131
-132
163
14
-98
21
-165
-13
-55
64
-30
-155
0
-122
-81
148
-36
-61
1
-49
264
-238
123
60
19
113
22
-39
-1
-227
7
-242
31
120
14
-63
110
-189
152
57
58
41
-269
-37
-228
-101
-102
-260
-133
70
-243
69
-77
187
313
242
-65
111
-199
-164
-75
7
-167
40
35
-53
112
62
-102
-59
-115
195
-100
-179
-144
106
224
59
-33
91
-13
-125
-252
-383
-104
-150
48
-175
173
-13
-235
-103
80
71
137
-105
94
98
-198
57
-148
-203
197
-23
48
12
69
-169
-263
-10
-44
92
150
-33
-5
140
96
6
-121
219
116
35
228
-49
-19
-163
265
-112
86
130
102
-422
129
114
-131
-125
-166
3
-119
40
124
-139
146
-197
-33
-200
-174
-118
17
168
-45
107
168
-34
-72
-65
-171
-150
80
-154
-85
212
-152
-6
-288
2
-35
127
-135
33
42
403
-136
206
-66
-104
31
-274
214
-105
-218
149
120
-300
182
23
-166
233
-128
56
185
176
238
467
-130
-15
-158
93
32
246
51
-248
-136
-31
-289
-292
95
-142
302
-140
107
76
215
-31
-91
-331
-106
51
266
-8
-271
148
516
-121
-428
259
219
6
148
257
-103
-6
-136
-414
188
236
-289
279
-109
-13
-188
27
-240
-216
-318
75
-177
-47
396
112
59
-258
-39
-376
-66
-144
435
-359
97
-32
-102
-216
143
178
-143
-428
-234
-122
-37
172
-351
-245
-383
69
133
241
165
-267
267
378
11
398
242
-163
59
161
-108
-125
-245
479
349
-418
-450
215
-234
53
266
-308
150
-40
202
-54
18
-236
114
219
-51
-180
304
180
-367
283
-165
280
-353
314
-56
-144
181
96
272
172
203
22
23
329
156
-165
-88
206
33
-238
-1
-327
-251
282
97
192
221
-346
299
234
203
-55
-339
-245
352
-19
-344
272
-97
339
36
286
-283
-130
140
177
-124
-159
-779
158
70
-92
232
-128
-293
185
-23
285
-144
-125
293
-448
-374
40
-177
-238
336
138
120
-27
100
-143
-391
-192
-278
-19
230
-9
-13
145
93
-84
-493
-110
-101
-135
-201
-124
18
17
270
161
-338
-190
213
-99
-8
19
54
334
-389
-36
-355
353
-234
239
246
175
166
205
-25
-43
127
-40
-369
373
409
621
77
245
81
168
-249
-483
-165
-9
23
-159
-239
39
170
280
211
27
-193
-153
182
221
-167
-375
343
55
499
-149
-148
-371
77
-224
-143
240
164
427
207
222
-359
-142
190
208
-262
-404
14
-91
-182
455
-170
302
207
24
-170
72
136
88
-186
-104
-109
-95
-228
-50
-373
87
-36
-132
-83
-395
-339
-128
339
375
-234
-290
-282
-187
-28
-313
-597
-64
-181
281
156
220
43
-133
-420
-28
-203
-492
358
319
-74
-409
210
179
-432
-278
-174
-256
-199
48
-93
-205
241
-326
-171
-136
22
144
-122
86
-25
-258
-309
353
-242
6
38
197
350
204
37
-217
89
-228
-286
-209
-534
-349
-28
-25
34
-230
-409
-207
119
349
112
83
178
-168
407
82
-276
-33
-249
-382
-222
-543
-252
206
-46
131
243
-304
-251
-438
-218
-176
26
96
483
85
35
-322
-481
37
43
-155
-234
-216
-170
-251
86
29
67
-3
29
84
292
-265
426
0
-283
7
34
288
62
-272
-74
76
-5
-116
-133
-164
-224
91
147
-494
-483
321
94
-73
96
-301
-229
-167
-164
84
-94
-594
-5
-273
-96
183
233
-404
-21
-412
-301
27
62
-110
-194
-264
699
10
-143
-428
127
-56
-407
320
165
-303
-190
-196
273
89
180
-221
-186
196
-345
114
-143
-78
169
-55
-113
-160
-255
64
-149
-134
27
344
299
187
447
-204
-31
484
-79
-246
393
-234
233
264
-314
253
471
-85
-376
17
244
-64
801
493
-244
-158
-484
173
30
406
-117
130
-235
-394
257
237
52
305
-131
228
-163
389
265
945
-217
200
30
11
357
156
137
248
-151
284
-75
-294
217
411
-174
-225
-8
-55
-168
94
329
-305
-104
143
-275
-369
240
-47
145
258
54
-277
346
-476
139
195
-270
442
-100
156
-227
-271
21
-93
410
189
-282
62
424
335
-283
169
-257
138
-78
217
-45
-19
135
58
90
347
433
54
-346
806
189
-589
-2
295
956
0
-166
-345
480
111
-59
-6
71
-291
-329
-18
-1
-415
97
-77
-6
42
646
-1
46
518
699
-101
-227
420
-7
-40
118
-210
45
78
-286
83
9
-120
0
129
-257
319
413
167
-1
-290
0
10
303
213
-1
-1
-127
-152
610
324
1124
-391
-116
-20
1037
-136
-21
-35
-252
1154
-118
-9
20
-33
-1
-161
194
34
340
315
-237
-763
315
150
-79
-234
-493
342
-300
-309
-687
352
-1
447
-389
-271
-1
450
1047
114
-513
42
443
279
80
169
-314
-435
-172
-170
-105
-378
90
200
360
267
-283
-256
104
-200
-332
1781
-1
232
-394
10
-112
-495
259
-43
-230
-164
243
441
564
-44
-276
-45
23
44
-188
255
-3
90
-212
-71
960
-321
-135
110
1753
-92
61
-28
359
-79
198
24
-73
170
149
-252
-486
-75
-224
569
398
-178
-410
586
242
-111
-249
-82
-1025
156
-152
-261
-170
-1564
112
315
-12
-7
208
-293
-275
11
1328
-123
217
0
77
152
-68
-1
-149
-52
201
969
3
-463
-99
944
105
-172
-835
586
76
1408
-386
-254
-165
244
-534
0
-346
-640
392
110
-368
182
-491
235
217
-297
-4
-276
594
134
-222
-108
27
288
86
437
139
-390
-58
124
-210
350
102
25
287
33
100
180
167
15
-99
192
124
-126
-52
-18
-253
-167
193
17
-205
-92
0
431
-61
890
-14
18
138
-272
-365
-478
158
322
475
218
318
-2784
-182
-169
-231
-45
-486
-256
-29
-837
14
538
-256
-117
146
-330
-670
-361
266
-1043
-191
-835
-131
984
10
197
-138
-376
-19
-306
-261
-559
367
-87
-162
67
-1
1226
-231
-234
-232
103
-1100
168
369
-326
-253
-720
-53
20
25
-274
450
-276
-256
-565
-797
-439
-342
296
172
187
128
89
1
-59
-197
89
169
-156
-207
-14
-101
-357
309
-1
338
435
-540
-472
489
222
320
813
194
-17
293
117
589
-387
36
195
-175
-649
329
445
-546
-1271
-56
-254
138
294
-51
-335
-244
-242
-406
158
-273
-279
-108
435
-345
161
54
-492
-746
-72
1185
71
49
-1
-10
71
-358
121
-51
-2807
1412
679
-1411
-255
144
-18
490
-82
118
-278
380
-178
-73
632
6
61
141
80
-306
-251
-93
-168
-321
245
-390
-121
205
-97
-605
190
-351
-245
496
-286
349
-136
-601
-195
8
-4
2
-206
537
431
0
60
-47
0
-310
-67
29
151
-1
-116
-240
-128
-60
200
-520
-352
-35
-148
190
1363
168
243
506
-189
276
-258
22
58
59
19
150
-232
403
-11
38
218
227
-123
66
-611
-186
-184
-1
384
-228
-44
-175
-354
-145
-335
475
273
-148
-512
112
45
-293
1515
277
-41
195
40
-590
473
-74
-559
427
-410
-381
66
-1271
-346
-196
-1
-399
692
-495
189
1351
-154
226
411
-138
17
0
-92
-453
0
981
-370
-80
-303
-184
-1705
411
-129
-146
-121
-681
984
-1
-89
-406
-227
421
25
18
-300
-441
-179
0
-170
300
-261
-109
-270
-50
-36
138
-240
49
-11
14
686
-3
-32
-148
-209
-213
