0
0
0
0
0
0
0
0
0
0
0
0
0
0
0
0
0
0
0
0
0
0
0
0
0
0
0
0
0
0
0
0
0
0
0
0
0
0
0
0
0
0
0
0
0
0
0
0
0
0
0
0
0
0
0
0
0
0
0
0
0
0
0
0
0
0
0
0
0
0
0
0
0
0
0
0
0
0
0
0
0
0
0
0
0
0
0
0
0
0
0
0
0
0
0
0
0
0
0
0
0
0
0
0
0
0
0
0
0
0
0
0
0
0
0
0
0
0
0
0
0
0
0
0
0
0
0
0
0
0
0
0
0
0
0
0
0
0
0
0
0
0
0
0
0
0
0
0
0
0
0
0
0
0
0
0
0
0
0
0
0
0
0
0
0
0
0
0
0
0
0
0
0
0
0
0
0
0
0
0
0
0
0
0
0
0
0
0
0
0
0
0
-90
-230
68
-64
5
-72
-12
-100
263
-139
169
-58
-186
99
34
-12
-80
-97
-408
-130
335
355
-108
171
-40
112
121
-55
116
457
331
-70
194
161
340
-42
137
-38
268
-19
-131
244
69
30
-79
-318
-5
34
-18
253
-112
-170
-48
-4
92
105
15
-130
-62
-45
-61
34
242
193
241
126
204
100
-33
-83
134
166
129
176
-69
139
229
214
-7
-278
-42
-180
102
39
19
187
-127
240
-27
60
-272
47
113
-650
158
-63
124
28
157
-185
266
143
185
35
-136
61
179
-28
173
-86
-149
308
-69
136
-202
169
-283
103
190
399
74
283
-176
-66
97
-187
-13
290
341
-287
87
175
250
-177
-53
-330
-82
-201
-244
-212
124
-80
-66
-351
149
279
-92
65
-228
-277
24
145
34
244
-5
250
-272
-223
290
146
-338
122
-281
149
-208
-329
-151
-172
-191
209
-216
-161
-230
278
4
89
79
-99
268
-252
-132
111
-63
-159
-434
162
274
-175
337
647
260
399
-115
-142
249
-369
-93
28
-88
-14
-235
180
-138
-148
-200
-122
163
303
172
90
-75
-353
-319
39
-98
-243
49
-118
-85
-120
-233
69
-38
-212
-286
-130
227
78
-213
199
304
152
-49
58
-88
-36
-101
59
27
-243
-68
93
475
-96
-61
-305
141
209
39
-318
-484
-13
-137
-30
134
-223
-163
209
-117
-165
-12
249
211
-388
-364
-148
36
361
207
-264
-218
28
-224
78
-206
-194
-52
58
334
-275
175
122
352
-383
344
177
-77
-373
157
114
85
217
-44
238
-63
0
-188
23
-11
284
-37
-58
245
303
72
-177
268
329
78
54
-88
-81
-216
-233
-468
-152
-189
-128
-109
-243
-65
-235
-175
21
193
172
145
-143
140
163
63
-251
-290
154
-127
-47
-224
24
-50
-242
34
256
109
-148
46
100
-133
-255
-121
74
333
81
86
-81
-103
-11
214
153
160
-85
166
-141
190
-7
-117
-15
-96
-187
191
-123
-435
163
-184
-271
-82
-72
-206
-229
125
-338
-166
-330
54
-113
-22
21
185
242
131
41
280
-167
88
-12
270
-348
55
-324
212
-250
117
82
-227
118
103
-290
-165
174
7
373
214
265
-120
240
-418
-202
-30
17
208
-19
94
108
283
-123
-1
-45
-234
262
-321
170
179
-55
7
170
109
-291
-146
30
156
-369
162
-39
160
182
262
74
11
411
157
47
-191
-171
-110
-427
-152
-123
191
182
360
-107
-82
-108
85
325
280
-156
280
194
53
11
-96
-214
-220
148
240
-85
-198
267
371
-255
-160
57
34
-17
-218
-180
-165
254
67
-140
-213
155
263
-241
-66
-145
-461
-67
-245
10
-211
-7
-19
176
60
-83
-65
202
-8
275
-120
308
-247
-28
427
-417
-135
-190
-229
167
-34
-22
-587
15
-200
52
-79
-457
329
84
-50
142
-149
-55
-1
-21
3
126
192
392
99
-74
-134
-228
-296
-114
309
89
65
-37
-261
-106
-268
-289
-130
-47
246
-131
100
-110
-120
-49
262
-116
-14
426
16
-119
122
0
12
-178
105
-4
-126
-64
266
26
148
-39
349
-182
130
-59
-65
139
185
-27
272
-163
179
-51
3
-158
-287
-73
114
142
50
-260
-439
190
224
288
-103
185
199
-113
115
-151
-99
-18
-295
-154
279
83
55
-128
56
87
202
-99
105
113
-132
-298
185
-278
190
-200
23
-100
82
125
-151
-353
-3
-182
38
-154
137
-123
35
79
153
105
118
85
-14
-252
-73
-143
-301
44
-292
21
-129
401
91
-91
-10
13
98
236
-107
303
-196
-154
23
-78
-142
164
-166
83
67
-85
216
11
-42
-130
32
-266
-71
-12
115
237
-75
162
1
-130
-242
-128
1
127
75
286
0
0
0
0
0
0
0
0
-28
-120
306
-252
-106
7
-333
-8
-291
-160
-67
-26
224
-35
-153
231
66
-136
-251
-66
255
268
77
83
128
37
77
116
-71
211
-129
-186
-43
34
179
-217
-271
33
-242
34
69
77
-112
351
65
-148
55
97
-69
205
-184
-119
229
-109
-340
-16
160
172
-300
-116
-265
-71
272
-44
-62
-355
1
220
56
-77
132
-172
181
34
-13
-121
99
115
106
-381
-100
129
-133
178
16
233
-290
-86
-242
-121
-342
-151
76
258
30
1
-19
-79
296
-56
-34
-46
54
233
-37
-158
246
140
-49
68
-223
-133
-39
379
183
70
234
-68
-38
-99
5
405
-98
-162
112
38
-103
-247
26
212
44
-61
-345
166
-17
-360
20
-83
-261
193
5
141
-311
14
93
121
125
-94
91
216
-261
19
-141
-218
39
8
70
215
-64
-46
85
138
115
59
-5
247
-100
154
-137
39
272
-7
36
-79
117
160
102
19
-232
37
96
89
-59
-91
185
140
77
168
100
228
-174
-262
302
-133
36
-116
62
-121
-3
174
-166
-51
-120
301
-142
106
43
-124
187
41
134
-135
120
218
14
-80
-153
-214
-104
-53
-39
184
-196
-134
-172
-109
105
161
26
108
-16
-18
-191
137
-73
-177
-88
174
136
226
32
103
-135
74
-328
170
-25
-24
-46
171
44
-235
39
156
145
-126
209
29
6
96
-138
59
11
-234
45
167
132
-97
-56
-225
139
74
155
-150
30
-83
-70
59
-50
-65
-130
-104
-72
-15
106
105
-130
174
199
82
161
-226
-166
120
50
223
228
-156
345
-118
44
93
43
-101
200
172
-159
-243
19
-137
41
-94
91
-19
235
72
-87
-111
146
-162
19
-137
183
-211
-34
373
-114
224
-111
153
-201
-120
-69
-80
-155
45
129
-42
244
138
-52
-50
-118
-201
37
174
-150
87
-112
-470
-90
-31
-50
-149
-148
-75
99
-199
-105
0
77
-163
-71
-162
32
105
-245
-31
212
-71
-134
34
-11
-91
-42
106
203
327
-134
11
11
-7
24
-45
-203
61
223
-17
-36
-90
123
179
-235
-265
-31
187
285
-306
103
164
-61
172
61
-101
29
176
-12
55
25
28
-241
-19
-218
94
-330
-92
212
-55
209
122
-233
76
61
-199
-112
-41
-206
-212
18
83
-52
96
-379
-67
-148
-25
3
198
-266
-423
-92
-253
98
126
226
-170
-155
346
80
201
88
-294
245
-146
-76
-375
148
62
409
-239
132
301
-523
-301
-116
375
-311
-199
74
7
-84
35
259
8
-59
13
-114
-262
1
-37
318
-470
-401
-175
257
-314
144
347
-315
185
-711
-212
29
149
2
488
-326
53
582
-235
-331
529
-20
80
-215
287
104
-202
-195
132
-77
-195
400
-308
262
258
-111
376
-390
498
459
-167
-85
162
116
331
-187
174
-202
187
211
-56
-5
-219
-394
-238
-267
-18
-226
218
-112
-341
246
-50
44
-97
-55
-162
-111
340
-245
-225
-275
251
286
50
-154
-304
104
-180
-69
394
280
-245
-249
407
-62
14
-175
582
217
-1
229
27
-352
-322
-213
-92
-88
86
292
-191
181
-28
47
397
-29
-158
-129
15
131
91
14
-26
-289
-261
108
-115
153
29
139
51
303
-538
-128
-147
316
-243
-194
-20
288
416
316
88
-89
-339
20
-169
-116
-151
-110
186
-98
-451
423
-27
-246
539
160
231
-197
-203
337
-47
192
288
-178
-220
226
-351
385
-184
5
-7
-278
554
-527
170
-223
347
-4
100
-420
25
-194
14
117
264
-97
24
193
-27
32
132
113
234
153
-92
-200
-126
-228
-33
30
239
-95
93
-151
158
248
-189
-66
127
82
-168
273
-175
-198
-103
-191
-241
-331
392
182
294
-277
-165
-685
163
-121
237
-236
-218
176
303
-3
-54
153
103
-325
-173
-70
-386
-58
-147
-57
-29
-369
-113
-267
-288
-206
499
114
-210
-387
-72
315
353
-141
-84
-65
-64
525
-282
459
-163
457
-426
180
-51
46
142
242
198
-306
-220
-404
-86
-109
36
-551
207
61
179
-71
-366
18
55
-651
-140
69
202
10
192
178
102
-305
-185
-172
55
-65
137
-121
14
15
219
165
-94
-141
43
-156
-183
-5
220
289
-279
-3
-243
53
347
496
9
74
-53
-38
298
-8
166
225
138
-235
-296
-177
-64
370
-109
289
165
105
-263
-26
218
254
-201
0
124
-196
-40
92
157
-71
120
-311
146
-60
-227
-49
-70
367
66
-215
-138
238
-123
-333
-96
-259
113
-202
76
221
265
-231
691
-350
-103
191
-452
-129
-141
-21
60
-282
-37
67
125
-91
308
183
392
-145
187
82
-148
57
3
-36
109
262
169
300
165
135
-108
69
-40
359
190
-142
-33
-52
-364
94
-51
385
-100
-89
63
34
59
442
-131
-91
235
-255
-115
-5
118
126
-49
-147
75
184
-729
-134
-420
99
-258
-132
-208
24
-394
169
513
41
-31
-107
-452
-467
61
-56
-336
262
-41
-31
784
59
87
-149
-453
219
-154
385
73
-58
56
175
57
-37
-177
150
85
-777
-107
-202
-24
345
-110
-150
-505
179
-183
150
-85
31
-159
40
186
-69
-64
238
100
-36
-101
254
-129
-359
325
-35
-116
-60
1
-290
-85
171
-233
-79
-38
-9
272
-591
-194
134
88
-60
335
136
-188
-201
-22
-316
555
-254
291
-138
61
62
141
67
311
130
-327
468
-216
148
141
-189
44
-449
-253
-950
6
-22
-119
12
107
-128
-2
104
-222
-28
-254
115
334
-1112
-1
-470
-3
-54
4
170
-914
0
-363
-57
-1022
328
-165
894
166
71
1132
-150
-155
-340
-80
-71
-504
-245
3
-548
-42
-45
518
-180
-2
-239
0
202
-230
-37
2
0
-157
-131
156
230
-1806
240
-196
37
-676
-100
-13
-254
-91
21
-183
288
-26
-321
-1
-87
912
316
-346
-182
77
496
430
-227
347
208
-452
286
-563
31
-2392
151
0
-181
86
74
0
-49
-1091
35
-562
21
1681
57
430
-316
-227
-1197
167
-322
167
325
-81
125
38
-251
-256
-15
-254
-232
-75
-1286
0
-251
-42
-320
11
-54
408
272
65
-931
727
-788
-171
107
48
200
71
135
1142
94
325
793
-97
360
1269
182
-281
70
-1303
-91
141
24
191
121
-264
-233
-491
-345
-120
-264
487
827
-503
-607
-457
164
84
306
-616
510
-21
25
396
-221
-25
-107
137
-1742
-329
564
-37
21
-166
121
304
129
1872
-166
-25
-1
258
-61
-411
-81
147
159
140
-519
-6
-183
-310
141
602
-285
-1545
346
-30
514
594
-164
41
-402
158
-1
111
-248
-151
570
89
-277
-191
-331
-483
642
-6
-61
-196
-88
-321
99
688
156
-225
74
-204
-92
-880
40
-254
-540
117
-197
-77
58
-23
380
-29
195
-185
206
-51
-618
343
-74
142
601
118
211
264
-85
-1
-281
936
-1174
-275
-48
-288
-1369
-23
528
-117
32
808
231
38
-668
-107
-195
66
118
749
-60
-128
-440
49
89
-326
-196
-245
588
-14
-22
-515
1437
-259
-284
297
-149
975
-108
-274
183
12
197
-180
-386
115
-306
112
-100
-1
121
-453
-503
139
-302
747
-226
-345
-277
781
-565
47
76
118
-173
-246
244
-264
474
-1647
103
-471
64
7
-4
-316
48
-146
-123
65
-446
-276
-117
-146
-19
-21
681
-300
0
179
25
-455
320
81
-178
-118
-166
-5
129
145
-167
279
-127
-804
-251
318
-978
80
-14
371
1988
201
-51
-906
-44
-91
19
-49
-94
391
-46
-77
-264
-202
368
-278
-63
-411
135
295
87
1240
697
46
0
33
492
350
-56
96
-698
518
-141
1257
-137
215
-186
-319
-148
1649
-423
238
-458
140
715
417
41
-440
34
1757
90
-242
78
251
516
304
-187
26
-155
-823
-237
-146
64
-98
-110
-187
-193
598
263
-328
-1
-9
384
24
329
-1
783
-216
-1
-313
195
-21
-223
0
-109
84
-215
188
-341
-337
-220
272
22
-25
-319
-212
97
56
-267
-579
-127
280
153
52
218
1
-132
-2
-76
54
-218
-185
-35
-34
-183
121
142
0
148
118
210
-153
245
-418
233
280
-217
180
1167
-80
250
116
-543
-835
95
82
-220
68
-752
-225
432
1180
-188
105
511
2874
-364
105
-2
309
1357
-493
594
1004
-36
-112
1012
55
208
0
146
786
157
-251
156
-115
16
-62
261
-279
-1302
323
-57
-670
-358
0
315
116
443
151
-16
-263
6
-174
-37
0
33
-314
-75
-243
165
-465
36
-18
-83
68
-293
341
796
22
-534
-175
-583
547
