-123
-663
-511
184
540
-671
16
84
-351
1151
194
-799
-275
537
-742
-531
617
-110
-542
624
-503
568
-1073
1291
823
-669
-294
-364
594
-868
-36
344
702
241
1013
-1170
-968
-54
1079
-280
-392
-13
28
169
836
419
-71
-501
469
-250
1015
215
-183
560
978
-279
-149
-250
132
-362
163
171
-288
210
672
-593
975
237
-377
-380
178
-408
163
-765
694
-54
1429
-19
164
-974
-121
-438
-708
534
-588
219
160
1322
0
0
0
0
0
0
0
0
1062
482
268
-485
-148
-433
-453
-468
171
-337
-378
-1040
-336
552
-522
-762
300
638
178
476
750
15
-85
-658
-574
-944
-275
501
-950
-1004
-315
-342
683
902
517
150
190
-57
419
-1053
-330
144
4
166
341
447
488
-1004
-557
-43
140
-243
326
-731
54
1094
-256
-6
375
434
20
174
-1030
-15
625
-32
603
622
464
51
-97
763
55
-28
-754
733
251
411
-266
-849
347
397
388
497
145
-74
-95
735
0
0
0
0
0
0
0
0
-108
204
-350
-81
149
-7
119
-146
78
-65
243
-149
120
-95
-24
-29
-169
131
62
206
101
71
-211
-48
77
27
-70
143
190
-106
-129
-39
130
335
45
-10
173
253
376
-103
-162
215
-146
117
-48
-436
416
11
46
298
-41
-292
84
110
-139
216
-182
255
-397
-125
-31
-35
285
-474
-196
137
167
267
-39
114
210
-187
58
-132
-8
382
229
273
192
-243
-74
-436
32
109
51
-77
161
-232
-66
-69
152
28
82
-171
122
-220
-279
224
38
-214
92
-43
-395
280
56
229
-36
-163
237
55
32
-232
-453
272
-141
-183
376
-309
-40
291
-149
347
309
-188
106
162
-335
237
-260
-381
-135
256
-417
195
-173
268
118
63
-40
-253
-37
131
232
115
178
-60
123
243
-255
-309
121
-166
317
-34
-26
-198
264
-39
-6
226
-220
116
149
76
98
244
325
142
317
231
-424
-146
-22
-190
56
-105
14
163
234
-2
-178
-76
-325
424
270
-253
-345
33
-119
-67
134
115
-183
15
-136
-687
83
12
-49
614
-21
-109
-116
-449
-62
-142
-152
38
247
173
190
124
-251
-225
-135
-241
-411
-146
-167
-291
-154
39
-12
-184
79
-162
352
-214
158
63
-86
246
115
-48
-96
254
97
-105
106
7
396
-202
41
-331
-13
215
138
-117
29
195
-410
18
75
-193
-146
92
-125
-139
40
44
-113
-124
505
138
-134
-29
-238
141
5
-362
-92
-294
-54
-217
-33
-156
-17
-138
220
8
213
144
218
-20
189
54
162
-359
308
16
360
-9
-214
-363
85
82
11
-3
-297
-329
-120
450
-305
323
-261
-505
256
315
85
-132
-183
6
-274
-269
183
-51
95
149
-52
-382
-20
264
41
-114
-205
222
26
221
398
72
-309
83
-243
-46
-48
-47
-38
252
-162
75
43
51
-74
-6
190
-211
-401
-319
270
-254
70
-234
223
-16
-412
193
-81
121
-275
193
-244
-79
67
72
-86
-121
-101
-218
-37
-193
296
-19
-148
73
-309
-184
-361
-284
-191
194
-129
-260
-279
279
-317
233
-355
191
0
98
-297
-14
55
-81
145
97
-78
-344
78
144
3
120
469
-249
282
165
-38
372
31
-340
301
151
204
-209
-203
263
-72
317
-93
226
-42
-90
-120
-171
-166
26
-68
127
-2
-122
138
-232
-212
-86
-68
-2
-225
-220
-29
183
355
-85
-186
508
-289
186
-256
-317
90
-325
-53
76
-30
312
-57
-133
264
-341
86
49
-136
-257
229
-275
-527
-37
211
119
-185
192
-71
-254
-180
166
299
-62
24
-417
20
-105
-50
151
-261
159
-216
58
-165
282
159
4
341
-190
177
-215
-207
400
151
-110
120
-235
-156
214
186
22
27
-209
60
8
192
142
-29
78
-335
-323
-215
36
132
5
166
-159
-218
-82
204
-43
297
155
59
-85
-112
89
481
227
-255
-151
119
344
416
80
289
-216
-50
-24
192
85
85
310
-275
-18
38
-111
-238
308
-110
18
-182
255
-164
-198
10
-155
-301
-249
150
419
-39
349
326
-81
-138
-202
181
130
32
80
-186
173
144
-157
166
-138
358
-233
77
-163
257
218
-252
247
15
187
293
155
-16
224
250
-422
323
-165
-200
-239
-268
-46
115
159
-71
-187
132
27
183
29
-196
-220
0
-97
181
131
326
-58
-196
17
147
195
330
-123
-111
239
164
26
123
48
-184
169
-254
-51
28
5
-33
-225
-211
211
-110
-158
-56
59
-196
90
-138
-379
-185
126
56
-349
-16
-15
101
-343
-265
-167
347
259
-140
-157
112
-56
194
153
-149
-191
262
-159
-137
-87
-229
-61
-90
-153
-133
-116
-123
-197
99
227
-180
-141
10
239
-125
67
-129
180
33
-143
259
248
-140
1
0
0
0
0
0
0
0
0
-40
-111
25
-118
-37
156
-41
156
-166
136
-255
-170
125
-8
-20
192
-82
8
-282
-76
-194
-112
-201
-260
43
-254
388
90
188
338
-140
169
-126
-44
130
241
108
-251
-262
-43
-139
128
57
311
20
-139
175
69
-194
218
254
220
-9
-23
241
13
-280
17
101
-287
22
-237
66
186
124
-80
-3
-107
12
132
-186
8
208
-177
50
-158
84
-175
-150
-98
-258
167
334
-190
73
-344
194
-128
74
76
-413
74
132
240
-36
23
8
438
160
61
54
187
-225
-89
46
-17
272
275
-46
-169
-301
-149
30
-415
231
303
110
18
73
-81
-147
-144
-114
-40
83
-154
72
250
42
-122
340
-121
286
-42
-273
59
-388
149
-311
66
89
5
287
-266
-54
-179
-129
-57
-27
222
132
42
47
5
122
91
-171
95
9
202
44
193
30
170
-244
211
-235
39
14
118
-1
145
-117
-13
-103
-108
-5
-154
-45
98
206
-15
87
-148
115
93
-2
113
147
-229
-244
-105
170
-221
34
-232
129
-181
-82
-320
122
6
-114
-245
164
-10
3
238
140
-191
162
-67
-32
248
-62
-229
-233
10
-223
44
-133
107
117
-106
-9
108
-159
78
15
-105
-105
-179
-125
82
-33
66
-45
147
263
115
13
-48
-62
-52
191
41
-298
-122
-10
16
133
-238
-12
-68
215
-176
-109
-168
118
104
-13
107
-54
183
-171
159
181
8
-114
119
-328
198
2
220
10
-52
-70
-205
-99
37
-40
215
132
-7
163
106
186
41
149
4
189
43
325
98
45
132
-161
-63
366
-55
87
159
-93
-62
167
9
90
-95
58
38
111
90
-86
-176
-102
23
-68
-26
167
210
7
-46
-25
-137
193
-20
-271
212
-20
133
-262
-175
-168
30
-236
49
74
80
297
95
118
-117
-197
-422
46
117
-19
-22
70
301
-67
-218
-117
43
80
48
-268
-102
-98
-160
-196
10
-223
-78
4
-336
-181
89
123
13
-198
-6
294
-9
210
-126
270
81
78
91
31
-11
-22
-77
290
-140
-139
-88
-237
72
13
-25
-218
-11
-187
267
-217
-201
87
223
-373
115
-8
-227
160
163
-173
-208
217
6
-130
-40
-84
52
238
85
-245
6
-272
240
121
37
-115
275
-68
3
150
-373
-199
321
54
-127
-122
-52
74
297
321
-254
-322
-81
-386
-340
-270
-93
-126
140
14
-131
197
-157
-26
244
-196
55
-335
-199
-237
41
206
29
226
102
-68
235
107
-340
-56
-127
-55
93
417
100
236
52
-107
-145
277
172
-330
-177
269
-197
367
-106
175
108
-19
-251
-43
38
703
-212
-72
18
-128
599
-269
55
-379
-121
403
423
251
41
-325
62
130
370
-61
-136
-84
66
335
221
-197
47
-223
-357
-19
711
-54
254
98
28
541
242
-63
-321
139
-144
177
385
-228
-60
277
153
-4
28
227
-269
-300
-83
257
-97
92
177
381
-407
-210
-101
-234
39
113
-248
14
151
37
-2
-271
123
94
377
181
-326
-171
2
-149
-301
-198
-127
238
323
-122
385
-118
581
-169
-143
191
62
430
57
-189
-139
-256
123
-291
-156
183
119
-270
60
-268
-316
231
-204
182
-129
-358
-333
141
-42
-552
463
-122
-208
105
41
338
-413
-178
-424
-122
-326
-105
191
171
-180
113
264
-157
-254
201
29
485
140
-41
-844
-91
244
-178
-181
-532
-356
77
-586
-126
-103
44
-178
384
101
-285
-305
-417
-535
224
-352
307
195
73
-140
262
-169
-262
-5
340
230
335
227
-85
326
-191
123
220
161
31
-76
105
-199
-378
-90
283
-52
-453
-241
-52
-391
-29
-227
-24
-421
24
-217
56
-442
-348
-156
-142
62
-269
96
-388
432
312
22
338
271
-85
482
201
63
-102
507
-209
270
-264
31
0
342
-378
146
-28
-365
-234
107
-167
85
-3
36
143
249
178
-313
-128
-289
-424
-75
-129
-234
-280
-54
-12
-352
122
-252
332
219
245
284
-206
266
176
-343
-29
336
-57
615
-345
-176
-127
-356
-151
-266
-105
-36
54
-229
334
-84
-185
73
-92
-62
-274
-238
157
-327
-87
280
-83
-91
-360
-83
259
190
50
186
-233
-310
-356
-67
-211
106
21
-403
106
18
109
141
-82
-281
139
-52
134
-85
-157
-98
42
-341
104
-24
-182
-333
-56
-4
-291
251
82
254
-345
156
245
193
-189
148
399
225
9
38
257
-357
-135
-491
106
-116
124
-282
156
-254
-483
-65
297
127
-271
253
-145
-197
-27
166
-66
-236
251
-25
131
248
-92
12
223
-65
312
132
215
-191
-1
162
67
73
84
735
-281
-37
20
-167
-135
-186
-335
-97
182
186
-127
-32
-141
326
150
-203
-54
-123
-353
-230
174
-383
-200
-22
-193
-55
29
-296
-330
256
-392
138
-259
77
-69
272
-23
-96
-105
92
-264
-268
236
-420
71
313
-314
-265
-127
-157
216
-20
141
-148
-188
66
-148
-366
-290
229
-89
133
-499
244
-16
-98
-215
217
-379
32
72
-101
394
494
-278
-19
207
-269
41
254
32
149
-71
-148
128
-181
166
-326
-87
23
-328
333
473
-199
-83
486
-186
-139
155
326
32
321
40
-306
-317
-306
221
-33
-369
182
-308
-147
-292
-448
145
214
403
156
277
577
-502
-310
91
235
-51
-117
-393
-107
-6
48
-154
-56
-170
-230
277
37
-19
-262
41
-39
9
208
187
4
-246
-147
-558
-272
249
-307
1908
-8
-229
-976
18
267
-187
-135
-221
-27
-38
58
394
628
434
0
179
-112
243
-30
85
-1286
0
-308
461
41
171
-5
-1062
633
-170
-2057
-26
-227
-293
142
-131
-111
226
-5
-72
-24
-443
648
-228
7
98
-1
-320
-231
-122
6
0
-124
76
675
381
743
6
237
-151
1598
74
12
32
-144
1587
-215
815
-40
-535
-1
-371
-402
-26
-282
-91
-604
211
163
349
-18
-46
-560
-1080
453
-308
-1540
344
0
226
713
23
-1
132
225
-15
-1248
-44
1508
-27
371
-18
79
-1521
14
-313
77
-209
21
-9
-304
-534
197
153
-84
230
-458
285
-1
1
-395
339
417
-435
-39
-93
-312
-64
1290
227
-730
-66
208
261
1114
-149
-602
-93
300
1054
440
219
44
99
-122
-469
244
-199
-59
-11
500
123
-86
-194
-1135
64
47
366
281
450
421
-637
-163
192
202
824
166
698
-278
-259
-1200
-596
-230
-96
209
848
-24
-201
-43
-416
74
66
-46
259
-708
407
621
-1
-121
-108
152
211
-208
-42
-26
1259
336
592
-454
465
729
469
-896
478
37
1062
972
340
259
-129
846
0
-158
-668
-418
-1209
-14
279
44
-216
427
-811
34
364
176
-17
734
-202
7
-294
105
-519
-75
-198
622
-359
-349
286
-240
1147
-216
-239
-198
-370
-121
11
331
-444
-128
-357
-427
-117
340
635
-388
-3
-228
157
0
388
-229
-545
-251
-31
194
-1067
-161
-264
205
-115
-46
-55
-138
-929
119
-326
912
-283
-1426
214
394
635
-49
-35
205
-229
459
504
-202
-226
893
-1627
-167
147
-34
-501
-1764
-54
228
118
74
-267
-83
-33
-14
-12
-212
-98
-3
-552
339
-241
-95
-116
1964
-196
-278
59
990
-715
682
56
608
280
-391
366
-121
-429
857
447
-412
218
189
164
24
-236
75
365
360
-767
-129
-24
109
-9
457
-368
-535
-1
388
406
640
-254
517
-291
-340
633
59
-63
189
123
-152
196
623
-238
99
625
4
1116
485
1566
-296
-116
-111
-50
-205
-273
1041
-243
168
-115
-209
-253
-120
848
135
179
-465
1062
552
927
-570
316
106
0
32
-321
448
-304
71
-3680
-966
-255
1424
118
-316
66
210
-122
-1160
-297
-166
21
91
290
-282
139
-371
-48
-1670
-167
-82
304
-15
-566
-237
-57
75
-231
-115
430
70
-192
-268
-203
-159
63
-140
177
293
-10
-9
-214
-141
-141
0
996
-66
0
566
10
1370
235
-1
1075
-209
-70
115
-86
-50
168
160
839
-175
-294
-179
-156
45
416
319
-167
241
-263
68
-108
-138
173
158
176
-265
-10
-144
260
317
245
206
-206
1
-69
-242
862
-14
354
38
-370
-74
236
336
165
-269
334
738
-1562
-15
-250
-120
97
-739
506
726
260
1594
816
-46
1658
-2201
307
2
-4
-305
-1057
518
331
687
-171
-242
-678
265
840
0
-278
-1078
201
594
-405
122
-2
191
995
-181
667
-182
702
-824
-684
-1
-796
-516
936
-121
-378
354
230
470
-109
0
-35
-269
285
443
251
826
732
26
916
-92
-361
-295
914
-23
169
-284
327
292
