0
0
0
0
0
0
0
0
0
0
0
0
0
0
0
0
0
0
0
0
0
0
0
0
0
0
0
0
0
0
0
0
0
0
0
0
0
0
0
0
0
0
0
0
0
0
0
0
0
0
0
0
0
0
0
0
0
0
0
0
0
0
0
0
0
0
0
0
0
0
0
0
0
0
0
0
0
0
0
0
0
0
0
0
0
0
0
0
0
0
0
0
0
0
0
0
0
0
0
0
0
0
0
0
0
0
0
0
0
0
0
0
0
0
0
0
0
0
0
0
0
0
0
0
0
0
0
0
0
0
0
0
0
0
0
0
0
0
0
0
0
0
0
0
0
0
0
0
0
0
0
0
0
0
0
0
0
0
0
0
0
0
0
0
0
0
0
0
0
0
0
0
0
0
0
0
0
0
0
0
0
0
0
0
0
0
0
0
0
0
0
0
-64
-49
-56
19
-224
21
-253
-208
113
-2
-53
-478
54
161
105
76
36
-194
-72
223
160
-57
124
-29
-128
58
129
-32
66
-67
175
102
-151
-267
-382
-121
-64
-20
81
107
10
80
-144
45
-50
239
-228
-292
74
-117
-94
-84
81
93
21
-17
-72
-67
201
-123
5
89
-74
85
-216
-123
-85
366
133
90
-12
220
187
-5
48
-38
-65
-348
41
84
60
-102
-240
-28
117
-156
-282
120
167
81
245
-32
-74
-183
-4
104
-127
-239
253
14
-199
257
-305
-198
274
-111
-231
240
335
-24
99
142
26
-347
-346
-156
-139
-149
-102
-36
-107
-44
-85
191
295
-3
223
-4
200
88
99
-88
-198
238
-14
5
-248
-381
140
-113
204
79
70
-108
-321
-185
182
49
259
-54
347
-29
391
-166
27
405
121
209
35
212
229
-114
-76
-355
-177
-181
-414
-154
115
-236
191
381
222
369
-157
113
163
-127
-131
-238
-50
99
-103
-61
-172
-233
-192
-42
183
244
-129
83
51
-79
98
135
166
-101
61
19
281
-180
-178
702
-67
-100
-235
114
-45
-53
-99
-296
-7
102
-221
-2
142
59
-11
-20
210
231
-173
229
-201
-355
253
-62
103
-219
99
229
-76
184
35
-32
27
-73
39
-84
-322
131
367
-102
119
254
-13
-149
-138
29
-74
-61
290
114
-48
188
-25
76
56
18
-145
-285
-20
-380
318
371
-145
-80
-8
161
-256
-227
140
85
306
-13
94
-22
-94
146
85
-163
102
-120
-161
-26
-16
99
272
-169
111
-188
-42
-254
-64
205
272
-36
151
-106
246
73
-201
-269
77
179
95
64
87
19
-89
-34
21
166
-16
32
-258
-41
-95
-482
-160
-120
82
25
-20
233
-119
64
-129
-175
147
-31
-71
-88
181
219
172
333
218
336
242
115
92
-40
-93
-211
-164
-319
-246
215
-167
119
-100
-304
161
94
4
185
-214
-9
301
-335
-209
-120
-59
304
-59
143
-289
25
104
-26
-27
113
87
-60
103
249
307
-253
456
-219
-219
-146
252
-186
313
-290
-81
-237
-151
1
-113
191
12
-139
-136
-134
102
-14
-157
-116
-637
-313
-66
-194
-220
-164
-46
204
-35
-270
314
-365
135
-71
-107
27
25
166
265
57
-179
-249
93
-137
223
-62
-314
107
128
-180
-161
-35
162
-45
149
143
88
208
-329
251
-60
-71
-18
-76
335
64
-308
207
286
-11
-118
-88
-124
140
177
80
-370
97
-251
-64
-202
-240
-23
-97
-101
-4
242
-143
119
-302
360
224
-127
55
82
-195
-282
-114
-354
-58
-8
-260
-15
-18
-81
-28
-119
95
430
261
-98
-148
201
-245
-196
152
-70
65
-355
-109
107
173
-43
-165
61
-166
271
-60
323
-241
275
153
16
-219
170
345
281
54
192
68
-148
267
-259
-115
14
386
175
40
-171
181
135
-305
-183
-113
41
112
560
-48
-110
-340
107
-279
-75
-90
-88
-247
695
27
536
305
103
-272
-149
57
-209
50
248
-46
-219
-236
105
-225
-21
-248
263
53
-322
37
70
-66
-144
4
-133
166
129
-186
122
140
-228
107
-41
-255
-51
-119
-141
-128
63
115
84
-133
-176
159
-24
50
-144
-130
6
116
-282
104
-32
-27
-144
320
220
-194
49
-276
110
-216
-232
38
-260
42
-41
-121
359
-26
14
29
-245
-46
-120
143
-209
-245
-12
-118
103
-356
79
-141
-95
-360
95
-205
-182
45
65
-134
-156
-218
-152
-91
-249
195
-94
-110
166
4
-245
126
205
-261
73
-187
-167
22
-7
-471
-99
-136
-2
97
-89
56
222
-156
261
78
-77
-14
-97
-188
138
57
-10
242
391
221
33
-6
160
-185
312
-162
-175
-162
17
-93
64
-242
-3
10
0
0
0
0
0
0
0
0
76
-322
-183
-236
118
-314
352
-98
-18
-228
-160
238
-166
-286
273
211
171
-1
226
-91
8
280
-61
278
-263
82
32
131
28
28
-48
129
-128
9
57
188
127
1
426
23
-184
-222
-191
-67
-17
-35
45
-53
-206
-345
237
-650
-58
-92
-448
352
216
-113
144
-80
72
243
-126
370
-97
-272
442
-129
96
237
-70
47
-224
76
-6
76
45
100
-240
96
289
35
-151
12
196
173
-189
-52
-147
-12
-20
-128
-202
-80
-50
-31
258
28
91
64
-203
-210
349
-68
23
-88
-164
214
123
339
-60
-89
-42
-337
-278
57
141
-166
-14
88
-113
-115
-90
-63
85
-20
316
-289
-222
21
-33
167
-55
150
-107
-243
-345
-26
-195
210
-156
-372
-168
-154
122
-179
112
-134
-65
78
-126
107
38
-196
-87
-159
-195
-92
-17
120
-23
-221
9
22
98
-223
249
-344
-68
0
-17
95
-1
-254
189
-283
-172
-231
-12
150
100
-59
-39
-167
-112
124
146
19
-86
255
-180
322
-398
-88
-275
120
-134
106
-115
316
195
284
102
66
-289
-83
3
-91
-202
128
-133
-73
-243
156
-32
-245
-2
-121
147
299
-62
19
78
14
-31
-103
-122
98
28
-38
73
-186
34
-173
-16
-249
144
34
92
7
92
-82
263
120
-240
-155
78
-122
98
-56
90
-13
-453
-195
-182
244
253
112
227
87
-27
43
-447
-35
-200
-323
-62
95
179
37
-110
73
-149
-293
6
254
-88
153
-45
14
-16
26
21
-126
221
-206
67
-151
-101
327
-164
39
-138
163
14
-157
-189
-106
198
-57
244
-193
-119
-3
121
275
233
204
-14
-14
266
-150
-105
-12
-240
-118
229
223
128
-253
54
218
-22
401
-157
82
127
-38
-169
-50
-223
244
-6
-151
14
94
158
169
-377
116
167
193
-72
201
-91
11
-109
-108
-233
129
-48
-158
-38
59
212
-27
-151
212
82
-158
-180
-18
24
-220
136
363
-170
10
91
-34
280
148
-17
8
131
24
185
-24
-227
-108
-239
-326
104
-93
-139
-190
371
219
-63
-174
-215
-62
-274
-139
85
-19
-131
-103
-214
-71
263
-146
138
-85
-208
106
-199
97
-237
125
-41
194
-95
120
-328
133
-147
-102
-131
266
-50
-32
-152
182
-44
-220
168
-222
367
84
166
-8
-50
-395
187
242
-411
-449
97
301
60
54
-228
197
-46
-5
-369
-8
-128
-60
33
231
237
205
-127
19
-164
444
94
-174
74
14
-277
-171
60
-41
-61
-129
251
61
-361
390
-218
-168
-24
-95
-66
-74
-135
76
633
29
-21
48
382
85
267
-239
-306
280
-289
-197
-30
-548
359
15
181
-224
-435
392
43
-40
-32
-261
103
308
592
-130
423
-268
-70
313
-360
136
20
-731
189
145
272
-514
204
-91
159
-103
-19
-25
545
-192
-116
-454
-299
-309
-202
241
-110
-217
-128
-371
239
-109
-60
-182
-123
58
206
296
-444
338
50
162
-386
-88
-345
-80
-294
223
-373
-64
-676
-137
21
-199
-176
280
-200
377
264
106
40
394
-15
359
-171
113
-432
-280
156
-126
-515
-39
-66
-353
213
175
-415
-294
-169
-147
91
-106
-200
-328
-63
-357
55
379
-11
-164
207
61
156
353
-102
-11
-541
343
-335
351
-309
-191
-36
-265
-32
161
282
302
-68
-659
96
-20
-17
269
-22
-492
-269
-240
-124
-41
57
-16
185
283
-658
-371
-294
338
-361
206
-166
127
-243
30
481
-375
-310
76
484
-399
443
552
-77
76
248
-777
-68
-122
183
39
-278
-31
-421
39
-155
257
-279
-170
-150
-446
-202
-9
-357
136
-13
-23
-112
-73
-148
-425
-157
99
40
-236
-467
-201
-93
222
-521
14
-291
-122
-369
485
415
106
-186
-341
-105
55
-33
-126
-177
-433
-443
-7
-240
243
-665
-94
348
90
-433
174
-292
-135
46
-363
69
246
-111
-410
-352
60
-203
-226
69
11
-13
133
158
208
-335
-97
-9
-232
-153
-57
-560
322
6
382
231
-267
57
-73
-194
-197
-190
64
-197
347
91
10
-502
112
322
-157
-215
285
-818
-20
-8
50
-51
-316
-17
-88
-48
-264
-75
-73
422
284
-174
290
51
-182
199
32
170
171
207
-269
154
-191
-157
126
-235
355
67
315
-373
-434
-63
-26
-240
-219
128
-69
-341
594
365
248
48
-518
-32
-346
45
-462
-21
-120
-141
-74
100
-375
25
-121
-71
180
184
-262
553
411
-146
-462
87
-104
-146
-49
-154
135
206
-22
136
-95
443
214
-14
-353
364
227
561
-73
58
344
-137
129
-30
-397
181
18
177
225
-612
-354
164
214
348
334
-295
211
161
-144
104
97
-21
46
-161
211
-158
-186
-164
-243
-33
187
-140
210
-218
138
255
-28
-68
-206
132
175
-249
-298
-47
348
-97
-149
95
13
-42
-324
16
-173
179
-12
-194
-389
64
-525
-440
-129
-252
594
301
-237
74
-283
758
17
85
59
425
-181
36
-156
87
-304
150
507
212
-203
-225
-1063
-220
-136
227
200
-307
110
-186
38
-428
-69
-72
539
-199
104
-483
-196
-614
-114
-149
236
-322
240
-288
-248
97
-246
468
-230
258
-142
-132
161
-52
93
-301
117
-251
43
-257
-26
163
-218
64
-110
-326
144
-434
-303
-205
-436
-378
-59
-185
450
35
43
11
435
-88
249
280
-223
108
-344
205
-225
206
28
156
-60
-444
278
-100
-251
130
150
247
-108
-124
-157
-257
66
-1027
11
876
-5
-335
-1028
55
330
497
111
-143
-46
1
422
-536
432
-215
-1
-209
79
-113
-9
-293
-454
0
-1385
-531
-584
-329
-284
-1325
-151
-16
-1394
227
-197
376
72
-179
-119
-298
-3
17
192
135
-160
-177
-2
211
0
-155
0
-28
-1
-2
-149
-35
-753
-353
1319
217
-301
-28
-1150
-161
-20
468
-442
-674
92
-320
-90
392
0
98
220
301
-161
1
45
330
-147
257
-178
-217
-30
-371
37
121
1137
89
0
-14
-614
-193
-1
1080
-249
-123
28
-5
-825
-347
15
194
452
1112
-374
494
-132
96
252
-91
210
-473
59
-226
-56
97
-392
446
-1
65
-161
242
-15
48
-300
-25
47
-344
-964
-1411
886
-14
-363
-223
-595
-144
-276
-4
189
-131
262
-34
-897
-186
-352
107
103
38
67
4
-124
70
73
136
481
-2
103
18
-594
6
552
288
-94
-247
172
-446
-326
-717
-160
-326
-165
28
142
275
-156
915
-458
110
226
-145
-305
112
-410
472
-1872
140
-60
-1
-517
-350
448
-265
-254
-147
-295
-1362
-183
151
128
922
-286
-32
944
29
-14
-468
-398
6
-132
158
373
-1
348
353
294
-104
-44
317
-681
-226
193
164
-15
-288
27
-152
-346
-367
-237
297
17
13
-130
286
486
73
340
-288
-221
-133
164
252
-114
-82
59
-162
108
-297
-70
331
487
143
-344
-313
-245
270
-219
-364
2
-71
114
-1130
-744
5
313
-607
26
161
254
275
-98
-562
-286
-786
-69
154
-200
-8
543
-201
-407
1262
89
-203
-188
22
224
153
187
271
395
-711
-97
1351
-298
-662
1878
54
458
-53
-22
-412
433
-361
186
-139
-169
-147
1
-490
388
271
-89
-368
126
306
-355
-205
-8
-241
-520
-7
-237
-79
389
-450
131
777
-1065
-528
320
33
-227
275
-121
292
-273
560
543
1249
10
-342
233
-16
144
133
-418
-1
320
-264
386
99
-1273
-348
239
834
-334
91
-44
-162
555
-99
-361
153
-200
167
91
86
1269
757
-370
-467
-439
65
113
321
-354
463
288
-278
-92
336
-318
-711
12
-251
-114
198
556
32
427
-208
-40
-1
-63
282
-194
-57
263
139
1675
-1150
3268
-294
201
-202
924
79
428
-268
424
-365
257
179
179
-121
28
224
776
170
39
-258
-65
733
51
114
-336
-191
258
993
226
-33
-286
216
-297
157
261
-169
-427
0
-5
70
477
-119
0
-1242
-300
-1
-103
-195
-182
233
-1
-291
-170
-102
267
-46
224
59
369
-129
-206
-1111
-304
323
97
311
518
189
-1
-369
318
221
-11
443
162
-24
261
-228
279
-129
-192
1202
36
307
-1
-763
238
-95
-334
-73
159
317
125
183
840
-334
-39
-435
-243
-603
160
-70
50
-17
-41
-182
754
372
-1254
-300
332
-25
61
-458
-229
0
-303
729
1
-579
-1179
-264
389
1480
-225
-376
0
-214
526
-375
66
-202
-150
84
316
633
-158
-521
621
-305
743
138
-1
181
373
-228
-124
246
-363
76
-278
267
0
-255
235
-475
178
-348
-338
-253
35
-456
-224
287
-462
217
9
-281
-292
859
21
