-159
-911
366
-678
-684
552
-99
-59
1193
1125
-486
663
-270
415
-284
-99
572
-286
-97
-661
1324
-518
-79
-539
374
-80
-248
749
-1654
-1776
104
590
320
-431
298
-276
1065
-941
27
157
235
-1165
-404
-75
-533
-408
-179
-147
351
462
434
60
-666
1637
357
-209
-759
-348
253
-288
-135
-371
516
591
460
723
953
395
327
-185
-583
-44
-385
167
707
-304
-1072
-900
143
570
15
-163
-627
220
-842
-825
-850
-358
0
0
0
0
0
0
0
0
-392
197
1035
-496
-216
-721
-307
140
573
2
-450
1077
702
842
977
352
-515
-997
-464
615
369
7
14
-5
543
-266
-338
423
-312
271
246
-223
-67
-1027
-103
251
504
765
424
1253
707
511
-707
-1283
-617
445
-163
968
-379
-34
-775
858
405
12
251
1106
-99
-509
496
-587
762
788
-318
264
-1077
-44
267
-404
-20
518
482
151
514
157
-438
-24
228
115
-251
74
-988
-1126
300
463
-94
-695
-144
254
0
0
0
0
0
0
0
0
-206
19
-181
-198
169
-118
265
-79
-101
263
368
140
189
-158
-140
79
13
144
-56
-33
-321
-8
-143
-70
-3
87
117
112
20
-42
-387
-23
38
521
25
-233
170
-289
-205
-41
-340
335
12
152
-100
54
313
-136
13
265
-202
-17
164
97
-184
-6
-123
326
-298
-37
97
96
-11
-96
-45
-72
306
-302
22
9
58
-112
153
-51
-9
335
112
27
56
-5
-121
-183
416
-45
-56
200
133
107
197
-412
-83
-165
3
428
74
-113
-149
-224
-106
-98
-132
-165
-58
234
29
13
-157
-112
-193
-51
75
-146
-368
23
-112
-61
-394
-166
-105
-162
291
140
65
199
-138
237
-86
18
159
-66
26
110
-66
-180
244
554
63
367
-160
376
-216
63
91
-17
-107
53
170
-31
122
-84
-463
-74
-295
-167
-21
404
-111
-110
-242
162
-29
86
-364
240
130
-344
-20
352
-11
-267
-20
-370
97
287
-94
120
-114
195
-277
-5
58
-94
-31
137
-27
214
-158
-23
-23
292
74
230
-66
41
-234
-364
1
-16
17
205
-215
-136
-114
-186
3
-147
-25
289
488
-95
183
-212
-578
-35
-222
5
255
-603
-28
-45
79
320
-234
-317
91
226
-142
-205
-222
-369
64
73
152
36
144
254
133
-192
-139
-210
211
56
-347
-173
-144
63
109
-232
1
95
242
24
-205
-201
-194
92
103
333
110
-90
249
-181
39
435
-307
-207
116
-1
-52
170
118
-117
-284
-281
111
-267
173
-254
243
88
60
0
18
207
-57
4
-350
99
-353
194
-218
-290
-75
-70
151
210
1
174
-134
-225
-29
297
178
9
111
38
-427
-195
-47
-281
-42
345
120
81
-45
43
244
237
-10
-374
-208
-168
-25
58
-189
5
-309
304
134
227
319
258
-28
-210
195
34
413
191
-11
136
-248
171
156
86
265
-123
82
-362
139
69
-273
-328
314
67
-303
334
-15
220
-39
-64
-177
-184
140
-70
-132
-273
-219
110
60
-150
-98
104
-60
-106
-140
-107
-134
-208
-237
41
195
-128
-133
239
-251
-4
-267
109
-206
453
-78
185
-62
5
-117
-96
388
-102
41
102
-65
-339
251
187
-193
229
70
-262
183
-265
-165
-159
281
394
442
16
-184
203
274
261
-35
24
-170
-8
-131
-134
-102
-226
348
15
94
377
143
55
-245
88
-90
-308
-97
-401
156
84
-276
-9
-204
227
-484
-248
342
-64
16
-148
-45
225
-66
355
277
-507
25
139
262
324
361
-242
-136
-163
71
-185
-98
-202
-123
-85
47
-68
-18
-55
351
-182
581
-105
-350
248
-16
-204
-183
94
14
-4
-183
348
219
106
-213
98
-282
175
321
75
-14
297
217
42
-319
-258
46
-118
-274
-165
29
-246
-190
105
-71
-183
191
258
91
-61
120
-82
274
-111
162
2
200
152
231
-27
248
130
-265
305
102
-281
165
331
431
-93
-313
-382
-222
70
-457
49
-337
139
29
-67
426
32
298
-87
85
92
-47
24
-181
89
54
-3
-4
-305
269
-329
-234
-54
-171
120
206
-120
296
93
-202
213
-25
-156
197
-153
6
-253
-151
183
73
-398
-217
351
-99
205
-2
-241
-97
248
39
210
-219
31
-229
-153
-169
-248
-125
171
113
9
-90
-75
283
78
263
-11
-7
163
328
44
-142
22
-126
-72
21
112
-141
-147
167
-63
-146
60
136
204
-187
284
-55
-330
-211
-230
132
-214
-225
65
-248
132
-119
33
-204
26
72
117
222
-248
-55
141
293
-1
-83
113
-154
-102
-278
160
343
63
302
262
-16
-175
181
-171
-52
-7
139
-50
-210
-117
-4
22
-116
-136
-149
228
-243
-244
-14
-69
65
35
89
-227
-188
1
-56
297
80
239
153
63
-44
-156
0
0
0
0
0
0
0
0
-51
33
4
-39
305
6
-117
47
16
-77
-40
-255
-200
171
-50
-26
9
-55
96
-58
-337
327
-150
-169
103
-176
-364
-245
183
-82
-141
-109
17
174
-37
130
145
-159
-227
-209
-156
281
239
-276
123
-191
205
115
-172
-141
126
-160
62
-184
235
-164
-279
-104
-73
-204
-129
-205
-59
83
309
-178
168
211
-3
67
-148
151
180
119
13
-189
-77
83
-182
136
157
156
125
-31
2
-62
194
206
206
68
161
217
45
214
-7
78
11
259
30
104
143
150
-315
-239
-50
-152
-114
5
187
216
64
20
135
-183
-84
-133
-287
-268
97
-318
139
-130
-183
-185
-184
-122
-308
229
57
100
-21
117
-368
-154
-76
81
-320
-152
4
169
178
-43
146
-311
300
-306
76
-69
121
26
101
83
123
-75
13
135
245
66
125
227
146
-37
184
201
-224
197
174
131
-143
-130
-146
393
88
-140
-142
201
-86
25
-111
80
-209
-64
68
4
135
288
-24
-184
88
-342
-136
21
138
-301
-32
45
107
-221
-25
-492
-80
135
78
-133
58
-29
95
144
-84
-90
-131
31
25
14
6
135
29
-259
130
140
-69
-107
-29
39
9
39
-242
-134
-56
-51
93
3
51
88
-61
-201
43
315
-108
-95
-98
-217
-81
176
291
-1
-232
10
-19
-63
10
-149
-212
101
133
38
-431
76
24
218
22
124
10
248
-264
-130
176
-128
227
-48
104
-10
-243
150
-73
35
-125
103
-65
-64
68
45
-62
-54
-261
16
174
-105
-105
138
-3
65
-316
-25
37
115
-143
-231
194
-2
191
58
-128
190
167
-228
181
-3
128
199
215
-180
-16
-294
-229
-92
56
-52
208
148
314
71
-163
34
-184
-140
91
16
-108
-65
-10
177
-139
243
287
83
-49
250
-20
-84
-140
-172
-34
106
-65
254
-150
7
330
450
103
-78
-27
82
314
-302
0
-30
-135
40
46
15
-207
-45
-40
163
-111
-104
102
-65
56
205
117
-168
-89
-260
103
134
-124
47
212
73
71
-262
-55
84
-129
202
68
-127
326
-69
-78
14
-123
5
61
239
109
8
123
343
22
-200
-108
-5
-70
-239
-130
-208
-143
-128
14
201
164
82
-155
-195
-222
-216
54
75
51
152
-17
391
-253
63
-147
57
45
54
-221
377
-134
-240
103
7
-275
-174
-205
185
-111
-51
-348
-196
-182
-523
52
-254
-271
257
73
-308
-297
-58
-50
295
-181
105
-68
97
-127
141
-268
165
290
28
-221
244
622
-274
-65
8
-386
11
-190
291
174
-79
-154
-75
-17
148
343
187
-330
161
-18
99
451
-197
-319
126
44
-286
24
-261
-210
-411
-76
-91
-124
71
106
-8
-411
352
-304
-237
-73
39
-254
-105
-215
69
3
-259
283
-93
-646
199
-319
20
71
174
58
-311
-62
71
-394
70
-237
-469
8
-303
-179
-210
-378
-131
-262
-584
156
-180
43
-284
97
293
229
347
165
-178
-406
-170
101
-427
271
153
-304
179
-230
29
-214
105
-119
383
115
110
-155
-151
-151
284
-34
-180
-106
-256
-173
34
253
83
243
-238
-61
-163
-117
153
215
-321
-473
-118
-363
48
-48
-308
23
232
-31
-135
-2
259
-89
-81
-227
274
252
-177
-273
-95
148
2
-256
540
-203
-6
-139
-273
-137
-706
-98
-197
-119
209
164
-213
-190
-185
-245
293
-299
61
-238
2
184
-285
168
-553
1
-288
-305
-141
-294
-71
47
-99
150
-197
-487
74
-35
-456
269
-387
-71
70
-22
61
12
-12
-139
-164
343
-212
-112
-392
264
-310
188
170
-285
88
-500
-251
171
73
94
141
-20
-211
-97
-29
-33
-109
312
-114
-204
35
235
-48
-239
231
-2
-132
321
-59
156
-154
181
-176
-65
50
67
-76
-197
-416
-266
444
-75
69
-201
-89
196
273
28
-311
22
-295
22
-32
9
289
-80
-77
-201
47
-256
-372
-7
-91
-352
-7
59
-59
-7
92
129
46
-59
121
221
281
-304
-44
-201
103
-187
-220
-6
-159
-139
52
116
169
-181
75
27
-321
38
201
445
75
-198
-758
185
141
335
-106
162
204
192
343
-220
-218
-4
-378
-29
296
-61
-154
-63
33
123
151
-97
-268
-275
308
153
-92
249
145
-115
-143
-346
-166
286
-354
-122
97
417
-98
-371
18
178
602
485
371
-91
-285
296
-310
49
293
-246
202
-2
-175
-187
229
-225
-248
375
-153
-98
249
-72
74
-408
-56
-238
-176
-406
41
-132
-298
-634
361
-52
-383
-50
125
-265
154
64
-499
-504
-218
76
311
232
74
83
-246
-402
456
65
-361
144
103
40
-351
-300
-209
183
-157
-81
-219
-341
223
-286
-480
114
-52
308
439
95
193
-5
-154
124
97
-446
-328
-21
-297
-58
-22
-45
-112
-249
-188
367
150
-191
155
-120
-30
-300
210
145
102
-321
249
146
13
-287
-310
-57
-182
-106
-297
87
-512
-284
226
-122
-162
-257
437
165
-249
77
-275
341
-122
58
136
25
457
-185
155
76
257
67
-501
134
-227
242
-218
-386
-332
-8
-43
-398
-169
249
-210
138
247
-131
401
-163
323
-387
-97
-71
293
307
204
-10
-20
-38
-334
-291
-164
-81
151
-327
-24
157
-272
198
-595
52
366
-147
-119
-499
-8
194
13
458
-279
-268
13
-268
-34
-80
336
159
401
-83
-296
233
-251
-85
-185
191
-124
323
-297
-438
135
463
360
294
-337
342
75
794
436
-1062
-15
-368
686
-44
364
-242
343
-183
53
-27
86
-69
432
1528
0
121
-15
59
-23
67
516
0
-4
288
653
99
-242
602
-138
220
-1255
-261
749
-215
241
193
-9
-239
5
464
-70
-300
690
-403
-6
311
-1
48
-268
162
0
-1
-16
-320
124
-173
-1499
-467
-426
43
5
-227
13
-204
-37
490
176
333
-206
284
-1
183
611
101
-11
202
-397
353
-184
-229
115
22
359
1002
212
-306
1757
319
-1
255
208
-174
-1
407
1312
-10
190
-37
639
-218
22
-28
-117
-886
-22
120
135
-320
-104
327
-171
-92
133
226
56
-196
103
775
-1
-247
-251
-207
314
88
-54
-71
325
367
-102
-1696
-488
66
-84
-114
146
-61
-490
122
-105
-230
-26
-306
-50
-306
206
-300
-1015
-378
-46
13
46
-186
122
-53
677
38
-379
193
-234
42
-111
905
-432
-325
221
263
861
167
175
311
765
-173
-152
217
-3
861
172
246
-86
-197
-211
-79
-244
340
-498
215
192
-1
-175
-296
-299
-238
-99
213
-40
952
-215
-47
419
1318
30
146
328
-550
-72
582
-248
-299
143
166
-414
-1
235
708
-125
-127
-206
-225
170
289
174
-64
-8
-320
13
158
-79
-178
449
2
135
-270
-149
10
-676
-319
-35
-153
-207
175
93
155
129
-116
-42
269
145
-59
-85
156
-447
-27
-51
149
138
-108
-402
124
-1
-210
797
-206
-577
0
132
-689
-114
-213
63
-146
800
252
9
2482
-208
-221
207
257
-1014
-142
278
927
-32
-831
139
-194
138
-328
-273
-153
43
674
-161
2054
-2
-32
1607
-186
-293
282
-15
183
-201
65
-153
169
-171
74
-2
-870
178
603
13
-199
986
507
-46
673
-1261
-587
-38
48
-271
182
183
278
-132
369
-1219
-700
-154
-197
51
-1167
50
-168
97
-561
92
-103
236
26
-153
8
-259
-712
-299
-1
98
-451
-61
160
-968
28
-128
1473
-403
-210
134
-308
-657
388
-355
104
-268
-594
16
-215
-374
-1325
-173
168
-134
-83
-249
-178
32
55
-247
17
-251
-28
81
17
-414
72
-56
-6
782
-1005
-853
-333
-79
-1
133
-368
-367
-250
-151
-818
-719
398
-3078
-223
-352
257
1157
130
-998
-198
-27
-327
272
822
-363
332
-119
36
3491
-83
188
-76
106
55
-152
-32
188
159
69
90
-327
-210
30
261
-54
-139
-582
-163
-86
9
5
277
-881
85
-1
663
284
0
421
106
-1028
-263
0
-36
-276
273
-494
-48
-377
215
480
-129
-213
403
176
62
336
958
-366
155
117
39
-506
250
502
-303
254
-156
-189
286
-118
-206
-158
-26
-364
-183
0
-893
101
230
-23
-122
318
-156
-392
-168
261
-1170
-243
155
-178
-149
827
-70
117
104
731
576
142
-596
-787
93
248
-301
-612
219
346
6
-316
-903
518
346
-1391
-121
-400
-1018
262
150
0
-78
-195
-18
659
-476
-12
-438
-205
-1065
166
-1346
-177
-325
-391
-837
-1
-376
189
233
161
25
1241
269
70
-27
1
99
-114
328
320
121
302
42
295
-365
-187
-41
548
-303
-5
-772
16
274
-512
