0
0
0
0
0
0
0
0
0
0
0
0
0
0
0
0
0
0
0
0
0
0
0
0
0
0
0
0
0
0
0
0
0
0
0
0
0
0
0
0
0
0
0
0
0
0
0
0
0
0
0
0
0
0
0
0
0
0
0
0
0
0
0
0
0
0
0
0
0
0
0
0
0
0
0
0
0
0
0
0
0
0
0
0
0
0
0
0
0
0
0
0
0
0
0
0
0
0
0
0
0
0
0
0
0
0
0
0
0
0
0
0
0
0
0
0
0
0
0
0
0
0
0
0
0
0
0
0
0
0
0
0
0
0
0
0
0
0
0
0
0
0
0
0
0
0
0
0
0
0
0
0
0
0
0
0
0
0
0
0
0
0
0
0
0
0
0
0
0
0
0
0
0
0
0
0
0
0
0
0
0
0
0
0
0
0
0
0
0
0
0
0
85
-137
57
-55
-122
-97
43
-156
287
-124
-57
-351
-184
168
-100
137
-268
-259
-12
151
389
234
-177
106
261
211
-327
94
80
173
454
-184
172
251
-151
-110
166
497
-91
-215
-33
177
-158
-52
-255
-202
219
-199
134
75
-42
-145
-290
-16
81
182
-113
32
7
-211
82
-63
-65
-143
2
147
13
494
-188
-30
151
-106
16
225
126
124
330
79
32
-243
0
-341
131
85
20
234
-25
-202
86
52
-79
55
172
-369
45
4
-290
-63
74
242
-141
88
199
-83
280
-5
183
-110
7
363
48
-38
-100
207
-252
-128
291
-81
5
-74
-410
-209
81
-171
-23
-314
95
350
-391
199
-27
85
281
61
-15
-79
-4
-125
103
-360
290
-122
-117
219
258
13
-319
-8
44
-549
161
-184
-661
306
-269
-570
-298
-373
100
-4
-328
-58
99
96
242
-368
-286
-16
-80
-133
-29
235
256
100
-242
-24
-113
-233
211
-317
-174
-194
-7
271
-93
73
105
-153
31
237
291
356
-104
-92
313
29
-238
100
-47
13
-152
76
332
-70
-89
55
-162
23
-26
-187
-291
219
598
85
138
339
-222
23
-129
39
91
-193
-224
-87
147
-248
243
36
-3
251
39
223
105
-69
-65
-159
-139
172
234
-94
-220
-27
403
-245
91
54
371
149
89
-192
439
-145
252
84
-21
-84
-61
18
236
-14
-57
-107
-173
-157
61
115
151
255
146
-280
-426
386
314
-81
-558
196
71
219
-188
206
22
-207
140
-309
-286
-218
378
-72
334
18
10
390
-199
-278
298
15
-132
-282
119
-105
-255
200
-254
283
584
-471
32
4
134
362
-59
-265
-178
9
249
60
-291
307
-29
-284
217
119
-60
-40
32
249
222
55
142
149
-319
203
-358
152
139
-115
68
-395
60
157
23
24
101
115
-213
-70
-121
-377
-48
-115
230
201
-62
-5
9
109
118
69
72
161
-42
-163
-322
123
-55
11
-39
-432
418
4
-55
118
130
-306
-102
-202
-87
-26
-303
62
-383
-157
201
65
120
-173
-218
-120
61
-134
271
-290
-203
-275
-235
-152
225
81
-90
-27
69
-190
242
191
316
185
16
-193
141
-168
109
396
-90
-140
184
-254
-148
-4
143
-253
141
-11
151
-62
-198
-178
164
200
-161
29
-144
-7
-56
-103
-281
-233
114
-60
180
618
-187
102
61
131
230
-140
-107
342
-279
122
-218
-56
156
-225
-90
21
125
-74
108
78
283
-306
-163
-60
351
-117
309
308
99
-23
-16
-96
-389
-159
192
123
-182
-137
20
-225
-274
54
-106
-210
-137
21
134
1
-53
-152
-218
70
16
-142
20
103
-249
136
-174
-272
-211
86
228
244
148
124
-117
89
-31
-131
21
142
-181
-49
187
-404
-188
-328
-24
-193
-283
-160
-172
-315
273
302
-47
-146
13
190
446
-247
-155
171
95
102
-375
106
502
277
269
-230
-11
-282
87
-47
-233
39
-254
-7
71
-220
110
-477
-96
42
-132
52
23
-147
181
29
-262
-174
-240
-217
14
-228
-54
13
55
-224
153
59
-82
82
178
19
-94
-161
262
194
31
274
152
27
88
-27
191
-184
-241
389
249
53
-135
52
333
-88
14
-176
-57
-90
-71
7
-30
136
-74
131
33
253
-235
-122
-190
-79
-27
158
-73
-113
-192
294
308
59
161
127
30
100
-67
-120
-75
97
-176
198
-91
272
-125
-42
122
-239
98
-125
-185
-24
13
121
-141
179
112
-256
125
26
163
16
-147
-114
-24
-314
31
-131
-181
211
56
-37
-127
-403
300
-332
-160
2
-255
89
-206
222
-156
309
-115
-52
-61
-151
142
-289
-210
299
-195
-21
188
56
-131
142
-33
-222
-116
-129
-27
-92
-73
211
0
0
0
0
0
0
0
0
-121
-178
45
72
321
-21
100
182
-65
316
51
86
172
106
-103
1
185
-48
171
-94
144
-52
-146
-69
-113
-63
-20
-133
43
83
74
132
-216
6
216
-27
-212
159
-293
308
-110
72
-216
-147
15
-88
-138
79
-194
41
304
252
-124
-192
323
-118
102
45
167
-186
84
-247
128
-197
-76
-185
37
64
234
-88
125
-186
-134
-3
58
20
-118
17
-162
-181
-81
-209
202
-73
-171
239
184
-180
129
37
-133
-155
23
-1
-207
247
1
270
289
-299
97
25
181
225
-199
69
273
150
-421
-106
-123
-88
23
358
-188
270
-199
-51
139
279
153
-132
-121
241
-6
-151
-27
-62
-90
230
253
-127
-362
-43
-151
259
-33
201
-217
37
195
-1
99
-59
-40
320
-293
-112
201
-66
-139
-6
109
-209
36
-140
168
-131
-260
-82
226
31
-182
171
37
-75
35
-149
364
16
232
-101
187
-157
151
224
51
134
-92
62
284
35
-163
-156
220
29
-60
-40
45
-362
-23
-202
-98
-120
122
6
163
-16
-172
-46
-64
-195
175
-93
-77
-51
67
150
290
184
101
-151
12
135
108
-26
-246
-177
-183
-144
104
168
-112
-118
-135
-208
82
113
87
112
263
28
-94
308
-139
-93
61
172
53
102
49
2
-136
67
-68
-302
181
-125
-81
42
90
80
-117
-71
-108
-131
126
-203
-63
99
-175
-86
224
248
91
223
-52
44
-13
92
-207
136
120
-42
-95
182
17
-217
-87
-15
-123
170
114
-86
59
156
-47
-189
205
116
58
-49
246
206
-48
125
-169
42
88
87
200
113
64
-113
30
-295
-206
-56
-33
-165
-50
-28
94
-242
235
207
-78
36
-54
-287
-182
-236
214
77
18
116
-51
-110
-36
171
234
86
-194
142
-206
-4
58
117
416
-119
7
-299
-33
-216
-88
-101
375
-35
69
194
-235
-31
-148
-209
-172
-148
86
-41
-87
-107
103
-125
101
-144
11
-206
-44
-171
198
-78
54
35
-9
-258
27
68
-215
102
-120
-231
178
-330
-17
137
148
156
-145
129
-97
-47
-84
56
267
-36
114
214
394
-93
68
113
-242
264
-106
-175
69
37
76
155
394
-26
-69
-181
-100
28
-237
40
159
-58
63
-23
278
-154
-194
197
-117
-299
-111
225
32
-176
-322
-126
39
70
86
-239
-73
-325
-295
173
-411
208
-264
-84
-203
-153
-245
140
-413
-46
240
-41
643
-249
-319
-321
6
2
64
-63
-1
328
-448
-642
36
125
371
-65
-103
190
-309
2
-148
152
-134
-158
-234
-263
388
420
-216
-121
-321
-250
-282
427
-91
91
118
103
52
251
141
-283
77
236
-233
146
-141
-97
302
533
-93
415
-245
-411
184
-75
-31
18
-244
234
90
-50
-68
-119
-167
165
187
-502
390
201
167
-189
-266
-221
-19
-66
265
99
153
-293
-289
-205
365
-234
215
184
-149
-70
121
-567
258
71
-18
-292
184
-387
65
-334
-429
19
271
-140
375
-220
-211
-113
-665
164
170
86
292
152
-182
-279
-450
-148
-51
50
-328
-124
-309
-263
-320
155
-180
22
-272
-67
-116
-368
315
-193
132
268
-143
540
412
138
-418
66
-221
31
-193
352
181
-31
242
3
-264
-141
191
36
-317
136
-109
465
91
283
-243
-119
-103
-354
-247
-283
-41
-165
-161
113
29
-137
142
-176
-37
50
192
-249
-197
281
-75
-18
9
172
450
350
-90
-249
-218
172
-226
-209
-351
-48
-365
-305
-453
-266
-79
232
-26
-190
456
-226
-120
-100
-148
-81
217
298
-349
-29
78
145
-184
-125
-73
-304
-75
-93
94
-199
153
-128
43
-1
-229
-93
253
37
-132
121
337
-261
-283
-138
-179
227
260
-154
65
299
288
-256
157
-111
-10
338
-273
128
-249
123
-204
-283
104
-176
-325
-156
-159
-261
-59
-411
-229
67
-183
208
-276
131
-224
-424
140
29
202
167
404
-16
98
-80
197
-432
-270
224
-375
-43
-332
304
-756
3
-89
-416
229
510
-90
-52
-36
247
361
127
299
74
-240
-181
-16
53
-1
58
165
-299
-181
-10
-353
-150
-127
174
111
215
-276
-269
-416
-425
90
321
-358
-14
330
134
-206
-278
41
-486
-242
-64
138
78
193
-337
-78
-242
-43
225
-113
115
-333
-61
179
496
-260
12
-361
259
162
-17
-53
518
196
246
156
-21
200
-410
72
-278
154
-315
-27
-173
455
256
246
-23
244
-402
189
263
74
190
39
33
-259
200
-347
-247
184
-267
372
812
-146
435
-188
331
-50
164
130
399
208
-260
-213
532
286
-172
-54
-125
-453
-136
-588
-99
-303
-615
214
-288
-8
304
11
-107
114
-24
287
323
-21
-142
-26
78
-9
240
111
-34
-93
-69
-103
-102
-50
51
17
-158
47
-24
-185
-128
-296
-122
564
-84
7
-229
-210
396
470
-312
194
375
-409
123
529
-193
198
-415
-139
-231
51
272
-156
-153
198
215
-105
163
-313
-536
-102
-283
-353
-47
-395
-296
34
-295
-142
171
-2
-356
-11
132
-94
59
-198
-31
276
-383
116
-96
138
105
-795
-167
-121
-58
227
268
309
-201
284
-317
-253
198
-351
427
-126
306
141
330
-319
-71
38
44
179
-18
137
268
-237
-152
-193
-74
-1
226
-256
-161
-201
-418
63
307
-244
299
219
183
-23
-59
332
-88
-22
-368
15
678
-234
-148
-305
304
-268
133
-251
-69
42
-283
-210
-85
82
324
-485
60
-558
-303
1539
-4
-324
1093
18
277
128
-360
-284
165
-4
-43
520
-208
-1101
-1
271
-72
-66
34
270
396
0
-182
172
-910
70
87
-1430
-135
-230
1334
125
438
478
65
187
-469
199
3
-133
-39
346
21
199
-2
233
0
164
-12
304
-3
0
-48
11
-691
164
-552
63
147
80
-1048
-213
1
-185
-238
1285
-226
165
-98
-319
-1
60
1020
246
-286
67
271
-17
-110
-83
183
-9
-788
741
118
154
-1006
-350
-1
-273
-330
-13
0
-62
423
-245
-1298
12
-969
244
-416
-301
73
41
232
-206
-132
-253
-148
-146
-39
-201
-110
101
-144
-351
-288
1387
-1
154
-167
-312
-286
-288
1
88
-312
308
407
1924
708
-93
-386
-267
243
-131
-808
34
555
132
26
-144
-261
-93
185
452
895
-93
201
22
730
-151
-188
204
-94
355
-392
326
422
-201
123
285
352
241
-29
559
-172
-197
-217
-249
-1094
-272
-142
-139
377
1089
-171
-585
-315
-40
-223
-56
114
-338
-603
44
-357
0
-38
253
182
-155
-134
177
-164
-153
-244
232
-304
-972
293
511
-1056
848
-3
421
140
-145
171
-185
-283
-1
-350
-2435
322
-902
-111
315
700
151
122
-236
-7
435
38
-3
333
-204
-307
-285
45
-299
309
-162
536
-174
-5
-904
-206
620
-265
-188
-147
-188
-159
201
97
-289
-71
-533
-271
156
-15
286
-17
-265
-210
-190
-1
392
-2360
79
172
18
-13
457
-143
199
-172
-289
-551
226
-52
-410
166
41
58
24
-593
-450
-247
-1036
-65
527
-353
181
-90
527
-245
-151
167
400
176
-822
248
-898
-1819
-12
197
73
15
50
-22
-657
-163
219
54
132
4
449
-504
370
-76
-200
-2336
-319
-833
650
-82
423
-75
-61
-127
-343
-522
333
95
94
-1397
759
-101
-286
124
-885
301
-407
-411
35
-51
-537
-68
-7
-135
22
-267
118
192
0
-116
254
401
-434
699
329
-205
-1805
-260
-100
152
212
100
-37
-14
-172
278
752
-225
242
-978
418
-179
153
241
839
-41
250
61
439
191
-180
-224
-46
-273
441
767
-394
-6
-36
-933
-674
-486
780
-139
0
-62
-264
-130
249
-183
1882
-904
-622
-1329
-182
80
331
146
128
-2352
-340
41
571
28
-139
40
-188
36
-36
4430
-92
117
20
288
432
107
-156
370
-393
-221
-964
243
42
-364
-302
-301
-213
-586
225
124
-5
9
-295
113
64
-1
724
-252
-1
239
38
248
221
0
-235
135
319
-96
-68
-351
224
-453
379
81
384
319
-328
-154
-415
-341
366
-27
16
288
-86
-82
-156
55
172
120
75
96
-246
387
172
181
-30
0
-30
-333
-499
26
226
323
-202
515
140
-381
-577
-24
320
-60
-1315
-1533
4
-148
-124
-1377
-879
844
228
599
111
-128
1005
1710
412
-270
6
308
1342
393
282
2600
32
244
-839
212
286
-1
-147
-10
-482
71
358
8
-211
64
271
76
-855
-73
-91
1420
-237
0
318
-334
742
-160
-45
-1586
99
-177
34
0
41
194
673
183
-263
-156
568
-147
1150
400
-186
-461
-21
-4
-677
-56
-850
-590
