-204
-123
-94
30
1042
-220
-188
-365
-791
281
927
776
343
-317
988
331
-690
-66
376
-669
391
-540
-93
510
442
992
-243
-621
-70
911
168
234
76
259
-58
3
734
114
-1392
-573
-812
754
-679
277
-1002
-297
262
-22
78
-335
1273
21
-833
-671
-561
726
1089
-419
136
218
-291
-328
245
142
5
432
705
-393
1474
-83
51
149
-361
392
-55
795
36
-384
-691
-727
424
739
135
217
701
53
-183
-976
0
0
0
0
0
0
0
0
-318
-370
-389
-341
120
-51
-699
-290
280
-404
-435
-310
-118
277
849
357
-270
18
270
451
-104
473
-863
530
633
-821
-457
-374
-535
-784
203
12
-742
636
-521
-720
297
-6
-806
47
564
-500
-714
1147
375
249
-826
-372
-273
149
-539
-442
258
411
-55
242
-364
-541
246
-328
-294
-772
705
-5
-225
-183
224
-431
-432
-256
-183
-491
222
205
241
623
-278
346
675
593
577
655
-480
-1067
286
-1312
465
-279
0
0
0
0
0
0
0
0
-67
131
-99
-53
267
32
157
-1
-165
38
14
525
-1
-121
-184
127
-46
221
364
65
-500
-29
-52
9
-34
117
436
50
53
156
-330
64
83
341
-370
167
-114
-418
100
-45
-128
-125
-14
-33
-62
45
178
-267
17
27
-250
-212
572
82
-246
-67
44
0
-248
-172
52
75
211
33
68
-95
212
-156
34
-126
-135
98
45
-61
103
-118
-1
-130
-2
-108
-98
235
374
-30
-163
193
110
-84
-117
-199
98
-80
40
149
-124
-34
162
-304
201
-6
138
-218
36
167
82
180
-166
115
-267
-318
100
59
-137
306
-181
-158
-164
-103
106
113
128
92
-227
260
-494
174
-64
131
-99
198
-120
53
336
100
11
230
162
70
-152
197
58
-189
-84
-108
-74
-71
-219
-107
152
-65
-367
-160
-28
-86
40
72
0
28
-463
249
-279
108
-321
-388
265
-224
-177
513
-139
-165
-4
-426
-207
-235
42
90
-44
-16
-201
38
106
208
-162
-40
121
15
63
-126
-19
15
-166
172
22
-52
-54
-99
53
-117
38
-182
322
42
-31
-224
-78
-129
-157
0
65
57
35
-298
6
151
-270
-65
-121
351
-87
-241
-11
-61
-131
118
133
143
263
-218
60
184
-314
-107
-62
199
-97
-395
134
-140
-339
-159
59
159
-2
189
206
-213
-42
-190
-162
-86
-7
-92
-208
-51
-5
-17
-103
297
88
43
67
99
542
-271
-192
-174
169
99
-28
132
24
-41
-134
71
-67
29
46
-84
-47
-11
-126
255
12
199
314
179
-441
-129
-100
225
-111
152
-148
162
-35
-108
-143
84
227
39
-59
68
561
0
-151
241
-54
352
127
-315
-167
-99
99
-223
389
-124
172
117
61
238
25
-34
-146
186
215
270
-117
-59
-105
15
293
128
-119
-470
9
205
239
-39
30
-204
-235
167
81
-145
263
-162
310
186
-183
-188
146
91
310
355
380
-59
-34
-350
23
-90
164
63
-91
-44
-70
-166
-37
287
106
-70
114
-194
184
-339
-184
254
2
-6
-50
-114
-94
98
131
264
-67
107
-192
226
-147
83
305
205
-6
125
257
11
335
153
15
43
-187
135
125
-98
130
129
-1
63
163
-10
-255
76
-62
420
242
-5
24
157
46
187
-77
-253
17
-8
-104
-199
-160
-58
239
-123
-190
42
-302
-257
159
229
168
-272
142
-109
138
-118
-21
10
-173
-227
-497
-17
162
7
-1
244
-98
315
-93
324
27
-308
62
92
-90
-2
-172
-126
415
-259
-230
-81
-18
123
152
-116
-209
-136
-380
-89
50
520
-246
-149
-162
64
64
-86
29
77
345
-7
213
-256
20
62
-156
-312
-135
-111
286
147
-198
438
227
176
117
-19
-97
225
205
-256
20
-146
179
-219
-97
-128
51
68
-35
129
157
-172
241
30
48
-219
-78
225
-110
-223
-8
104
135
-96
-144
-218
65
398
164
-159
188
-1
-136
459
-114
-67
-309
147
-381
-216
304
-54
236
-49
-106
538
-65
85
-60
-18
-122
-64
172
180
-158
-92
47
210
3
-115
-11
-67
36
-279
-130
222
-85
-281
70
263
-70
149
264
61
106
-96
-109
175
-21
19
-27
-164
-127
42
36
192
-207
-94
142
-33
146
-168
-283
-84
182
-76
-84
115
271
151
-68
66
-25
101
441
227
-262
185
72
-201
-98
85
65
-30
178
-92
41
234
141
11
-109
51
68
-252
-361
-118
7
188
-68
-266
-51
-117
65
67
-107
151
17
26
294
-256
-55
28
-38
-23
-10
126
-64
46
-255
-12
-6
142
195
90
185
232
-111
78
-51
-96
-17
-38
107
-45
-81
-146
-138
-103
-136
176
-137
133
311
120
431
-48
59
355
117
-210
-69
265
143
165
91
-215
158
5
0
0
0
0
0
0
0
0
-64
142
-178
20
346
-69
338
-127
55
-150
182
79
-148
142
-89
178
-39
100
219
-194
345
-339
-180
11
-191
122
129
-187
117
63
-4
28
128
84
-241
-47
-11
11
196
-218
-218
-163
260
-176
40
111
-82
-180
-274
52
20
-57
136
-11
-234
147
-155
-96
117
132
-139
87
-268
254
-324
37
-305
190
-36
72
-33
-191
-238
-65
451
-293
-32
20
-121
175
-66
149
-298
173
-304
-250
-38
-121
-76
296
255
-2
56
-400
434
86
135
-486
285
109
-5
-3
160
2
-76
-144
-39
274
230
-156
-71
-53
-67
362
135
19
-150
113
121
76
137
67
-197
-109
-91
-45
200
199
3
5
-32
-158
25
-249
290
-259
38
43
-71
61
45
-242
255
279
212
-190
78
-4
119
209
-60
-25
196
105
0
-89
366
11
329
124
243
16
198
-43
192
59
-38
207
-19
-321
-173
-91
-411
38
-174
-93
-407
-242
-16
169
144
-2
-119
-19
111
66
-115
137
-190
239
74
56
-188
13
44
100
142
303
-18
79
-168
-100
199
-180
-199
-125
-52
175
-204
90
-141
-78
-42
-239
-57
258
-19
-130
-31
-39
-161
-187
-18
90
-134
76
-9
3
-76
-167
3
-71
49
-126
86
-188
-68
-7
-46
-296
1
-206
340
34
168
93
-150
-56
-46
163
59
-103
199
-3
239
182
-170
-201
-256
268
-110
132
-378
-274
-166
305
-4
-215
91
205
79
-43
-338
84
-150
80
73
-159
-3
-227
-18
-34
175
-1
-81
-180
227
140
-78
-51
41
-11
-323
57
1
77
113
116
-67
-39
91
57
-241
189
-246
-88
40
-83
206
83
57
-93
-91
37
171
-128
-180
109
278
146
3
47
-190
44
-201
-27
44
30
-62
26
-90
-11
5
185
170
82
233
6
343
-193
-67
-196
71
-297
9
11
128
-77
218
343
29
130
-92
35
231
172
82
21
-195
-125
-7
-109
32
76
224
12
-200
-7
-78
-128
-118
99
-92
-19
105
-34
130
131
-100
137
-204
198
163
132
-123
-137
-255
172
107
-36
45
116
87
-206
-84
-95
-39
-221
15
15
-28
97
197
-76
-131
-72
-345
-357
-311
-114
-167
165
56
206
-203
99
-334
-68
-103
-162
-112
-52
-65
15
-45
1
-237
-48
185
-157
-16
164
56
-307
210
-105
-103
-367
-257
328
-46
-323
55
-77
-13
-155
-183
496
-154
-199
-180
-161
-156
49
-231
-18
-158
-460
50
-123
9
-27
191
-70
-54
-230
-111
163
-305
510
310
-342
310
-177
-184
-15
179
7
210
-94
-220
-578
-205
-179
-64
-81
-295
-116
360
326
48
247
-182
-417
-592
68
-226
-78
586
-22
-11
-286
-468
-289
-31
-59
97
-228
-220
-84
-51
-289
-127
-247
127
532
-25
70
130
83
245
-200
-415
-105
23
-153
-157
-183
-127
254
-175
-354
17
128
113
-216
-150
281
-202
-78
-257
176
-115
-140
-122
100
241
107
-341
-346
-477
55
-27
69
37
-251
347
111
612
207
-305
-111
36
-192
-73
-387
-256
135
-220
-496
31
-760
-376
27
164
-92
239
317
-69
-79
-299
348
390
-279
233
-231
318
-18
-180
44
87
67
170
-261
-541
-361
-191
-105
-346
-446
186
60
33
-180
38
-351
20
27
162
54
17
-233
65
-352
89
286
-284
525
-16
312
-73
246
119
171
-76
-322
-24
-571
213
-291
-231
-37
-229
-7
-211
-292
-39
-317
-267
34
32
-37
134
307
-233
-195
86
-186
-539
110
-148
-142
-192
154
243
-142
-304
-298
10
9
200
-18
-205
144
-155
169
-113
-559
-70
-243
72
341
-236
-42
212
472
34
478
11
-146
168
-307
256
470
-82
-392
517
-209
-333
194
-199
23
230
207
-396
-117
39
89
-326
-148
-107
-63
306
3
56
25
-832
-98
-289
-256
-176
-166
-148
491
-205
-210
-3
-230
145
167
-5
-396
-372
248
-181
67
-401
566
-12
-343
118
-189
494
139
514
-235
465
9
45
-107
80
-237
-241
-116
235
-173
190
-132
-131
43
216
49
-383
81
-36
35
194
11
419
132
-149
196
266
55
-259
208
246
259
-31
-28
-130
61
-242
-122
13
-128
-185
286
186
229
-248
-107
-78
-300
238
-310
-114
162
75
-329
-347
98
98
10
-294
409
-433
-83
-195
-334
375
-90
256
-357
-366
-130
-140
84
367
403
-285
-296
-180
-169
-308
-141
69
229
-36
91
-333
-371
57
-93
-230
-67
323
411
315
67
490
108
162
-67
-111
-87
59
125
66
-353
244
-224
-42
211
589
-72
-98
-595
-21
137
350
321
294
148
219
214
85
429
-460
263
437
-127
-385
98
-114
-356
-126
-231
-255
-350
-169
-269
405
-284
-159
-351
-179
-191
373
-166
32
192
132
129
239
199
-84
-59
-85
-43
-579
171
184
-336
-309
247
93
-453
65
42
-77
-174
123
313
-84
398
-152
-140
-8
68
-38
365
-200
-333
-303
82
-261
-197
-151
31
89
-376
143
133
-439
252
157
-196
-324
349
-32
38
-11
322
-48
111
65
350
-17
-205
-53
-223
16
-60
-252
-284
-239
-154
-134
-17
496
-2
-79
-135
275
193
-239
-193
-139
-7
362
-205
-118
62
-123
-241
-159
-33
136
-319
3
-109
-65
-176
-302
328
-470
-491
-216
510
223
-19
56
-292
52
-768
200
-133
99
154
163
-642
-136
-389
-74
-143
-87
283
133
-315
-202
204
238
-110
-50
6
-202
112
-212
164
-737
3
86
103
-32
-418
250
-468
-276
-25
-17
6
82
-187
-243
-1
246
-208
-191
80
-486
1423
-1
219
-337
96
51
-52
796
-23
-151
622
-23
-593
349
218
359
52
-178
-3
157
7
-68
-810
-122
3
-11
0
-321
-53
98
3
2
179
-242
467
39
488
70
-244
-28
263
72
5
-323
232
-172
-112
-430
-184
291
0
-155
-797
-248
148
249
-614
141
-437
-89
-99
-190
-856
-303
140
176
-1255
479
-1
164
-53
-202
-1
573
914
288
-303
-14
610
-135
-407
108
-51
421
-48
-324
-137
-17
-114
348
-254
365
-116
254
152
46
-210
762
0
-491
-119
280
-336
-337
39
167
-48
-334
-162
-1297
310
-201
-256
3
-131
-184
1122
-64
-226
106
-330
-484
1165
228
347
238
676
-341
-70
-10
-79
-124
-249
-225
225
20
-110
271
-43
-1179
-112
426
408
-632
-244
-218
-117
-71
87
287
1160
-239
-111
-145
-205
82
172
78
-188
141
60
346
95
-218
-431
-501
-677
0
-14
-229
56
-306
34
-369
155
-913
15
-282
-82
1292
-337
-312
-332
783
96
-210
93
338
50
-188
-502
-1
-188
61
244
292
-274
199
611
-93
102
202
22
-330
-97
106
-285
-65
131
-249
179
593
-223
127
349
205
35
502
329
-39
-57
168
109
195
182
87
-281
-91
-130
683
142
-43
-310
-338
-365
-191
-440
-173
-1
294
658
91
-733
-37
51
1832
297
-12
-129
-117
1423
-564
-44
2088
-106
47
-556
17
197
90
-191
421
17
175
-102
-48
-877
-119
-103
55
-1009
-405
174
-1179
-39
-322
-1343
-263
43
199
0
75
263
-727
368
114
-151
-337
-3
1624
-400
-5
-144
124
-2224
138
807
-141
982
-206
-556
-30
-64
-275
422
-43
38
29
-984
-524
147
-210
18
-330
146
-559
74
-109
-288
-367
-266
98
41
31
-338
-419
-91
2
347
-426
-1188
21
-617
-209
-65
881
-212
-310
-40
-336
-439
-92
-1030
9
-22
-89
85
-130
634
1875
-280
-428
-494
-227
103
-140
840
-88
-653
68
-244
13
-199
125
150
-237
-158
60
-31
-244
400
-150
7
0
145
-275
-631
-2
204
-270
-1473
-596
-295
-297
-113
96
624
-65
749
-171
-217
249
-50
-886
-1
-143
9
342
-2544
125
219
-295
257
745
-172
-476
-200
-132
-132
684
234
-62
143
381
-263
-181
-866
295
138
-22
6
-348
518
439
-1
-1502
252
0
-234
-186
-1571
-159
-1
39
-40
-312
194
-200
65
-75
-676
-85
48
-60
-72
-447
-206
-1078
90
145
-450
87
532
361
-596
394
80
-63
-305
203
-39
-177
259
-31
12
360
1
688
-14
-470
301
-92
440
135
512
-341
-468
-894
-183
-63
-365
-1521
747
-226
96
-240
135
364
-388
210
-258
-135
39
-934
4014
334
-213
3
-139
-578
-496
-430
1435
-190
250
1611
167
-111
-1
190
346
-433
238
231
95
-212
110
766
-106
810
105
-484
-239
264
-1
554
620
-255
-281
90
1823
149
437
104
0
-122
-27
90
-240
2
-201
-355
-206
-219
-236
170
349
218
-12
-310
167
320
294
