-335
954
674
580
-661
-175
-9
-205
-1268
-1795
485
-771
97
134
-570
-217
380
1
575
274
766
-71
976
984
-792
-394
-92
476
-720
360
204
-139
-389
615
-270
938
909
476
-130
188
357
-1168
303
258
-1079
382
100
12
-297
-1110
-238
200
173
271
-666
1103
-942
-197
-111
-654
-337
12
123
196
773
156
-480
76
-350
526
219
517
-40
-266
-81
89
-1310
-59
411
-167
-197
-567
269
139
373
10
75
-671
0
0
0
0
0
0
0
0
-836
172
-549
116
488
73
425
26
-1000
24
-91
716
268
532
-68
-352
689
153
1787
-661
-866
-658
704
-445
14
252
48
393
-432
343
590
-896
-366
555
-328
307
-764
-365
676
-856
442
-299
61
-443
312
382
828
-619
149
333
686
-758
-805
597
-672
10
56
-442
-1220
338
114
-452
846
196
138
-594
-674
692
921
48
-475
752
-154
-499
675
-646
-305
-521
-309
47
208
-556
507
-298
45
75
-608
459
0
0
0
0
0
0
0
0
-63
-237
-160
-6
40
-98
-153
-10
129
14
247
97
-204
-342
8
163
-50
-105
-422
106
53
-10
-95
-12
-1
-216
280
70
-68
267
213
27
134
-36
210
105
-2
176
372
-48
-63
-74
53
-32
43
278
-318
145
1
121
-54
14
-360
150
-116
69
-119
129
7
-60
4
60
268
-195
-47
143
81
94
-200
-29
-37
-87
236
132
38
113
68
226
11
-106
125
57
35
12
-92
89
-208
277
154
66
-337
-100
84
143
72
138
-104
-99
336
-203
41
-274
107
40
133
5
22
-41
81
48
-118
-260
127
-113
-187
190
-360
442
56
231
-15
44
135
-161
-347
-102
224
-230
-149
128
-16
188
376
-512
-326
332
141
138
-134
-1
268
-42
145
-51
149
302
-234
-206
-87
25
-277
142
-238
-27
172
150
15
112
-66
170
-24
46
93
-212
-378
164
-267
-220
-255
25
302
-337
-541
-255
-105
105
-12
129
226
177
66
-174
138
-40
-24
80
-5
150
32
-58
-117
73
-95
-3
17
199
-16
308
-76
-653
428
207
119
88
125
-25
10
-65
-32
-150
-95
-149
-113
-145
-257
90
-76
471
96
82
73
112
372
-83
45
-274
106
-250
57
10
67
178
148
-357
-132
309
-129
96
-442
132
-434
-98
-102
444
61
-499
174
81
-161
-58
323
-21
-378
-198
-89
-268
54
108
-165
-42
21
147
-499
-150
64
180
-188
67
64
276
-243
463
-495
-102
-358
266
-127
-298
-87
-50
38
205
81
212
-99
-306
-127
39
-374
-44
19
290
-25
387
-219
216
-253
72
35
335
63
-243
-3
-332
88
-15
228
-83
29
35
-102
317
64
-63
-369
-128
2
289
-99
529
-113
274
-243
-57
-250
-265
-9
99
156
-92
386
-166
-17
263
77
-205
330
170
88
-352
-238
-437
-160
63
-192
539
-399
401
91
14
119
281
-188
166
481
15
-146
-183
32
-46
282
32
-385
247
-180
-102
234
183
-118
67
64
239
180
161
-235
-260
72
313
123
68
-187
306
1
176
-152
-161
158
98
-33
-367
-467
251
268
-286
15
-271
-256
9
209
-84
38
317
53
343
-237
115
114
-66
-40
-207
77
-285
-196
-251
50
-107
10
197
89
182
-142
-36
-72
47
-244
-79
131
93
140
217
47
-12
-137
-36
72
70
155
14
-437
-420
-175
198
154
-234
277
-211
53
-76
254
-139
-190
-101
-127
-281
-48
-297
30
387
-180
-129
183
-45
-221
195
-486
-94
-180
150
-65
-25
-141
-74
265
57
171
230
-149
-270
254
-55
373
180
-45
315
-80
-68
207
-9
139
-4
130
-77
-52
162
52
-368
300
163
70
362
-48
-282
58
-210
-40
-258
44
20
-33
43
-85
111
-18
-76
-112
40
207
116
-32
-122
143
-191
-143
262
355
139
33
-298
-207
-64
-151
-305
80
105
92
-183
273
25
-201
-135
79
-31
72
93
-186
83
281
144
203
-143
-15
-13
-310
389
-139
-217
305
-109
316
-111
227
34
376
364
99
-333
-90
-142
-204
67
241
-218
-56
-90
-22
-138
-62
172
86
-169
71
425
-21
40
115
-31
43
-34
72
78
-45
-85
283
-23
141
-207
145
15
176
-123
-245
106
375
26
-55
182
-141
-57
-173
58
41
39
159
317
45
-101
-168
8
101
167
-93
-287
-3
-82
-27
221
-232
113
112
165
140
-369
106
192
116
226
107
147
108
94
-156
53
-31
-21
136
40
-53
170
-51
-40
-303
235
-157
104
289
-10
101
203
-334
149
89
365
-157
-51
100
211
-128
-63
-225
33
-144
-227
45
-101
-116
-116
-11
45
-82
-121
-188
11
-175
113
-118
-87
38
106
58
-211
-173
-11
110
71
218
112
0
0
0
0
0
0
0
0
20
259
144
145
-315
-32
142
50
97
6
177
-55
72
76
-165
-118
-96
-116
-106
-173
-183
54
149
-245
-68
101
99
-58
131
-315
14
-228
-15
52
25
65
-89
-23
-291
-105
111
123
-109
-232
140
-91
-87
-46
-111
116
-150
-220
-85
-54
-124
-110
83
421
-91
-66
-141
-34
159
13
-290
-150
10
0
-22
-10
-135
57
227
-163
-65
98
-37
-37
-25
149
37
-157
376
162
87
263
-84
320
29
210
118
-62
200
-5
-188
9
86
20
-49
-10
-39
125
202
204
-39
-49
223
-59
113
13
-327
-26
19
31
186
197
44
-57
98
-262
129
232
149
-15
135
78
-86
-277
-122
178
162
30
421
-333
-357
226
179
-130
46
-106
-25
-122
-52
172
-124
118
342
73
140
174
178
-190
-105
45
-6
-42
58
-94
175
-58
-170
74
-76
-1
118
147
136
278
99
-123
334
103
73
-11
-152
134
-45
222
-212
103
-80
-110
175
51
226
207
-153
11
43
33
75
-122
-195
-56
-188
10
44
-80
43
165
-208
-158
-100
302
-73
-65
-58
214
-253
83
222
10
220
137
99
-273
-117
-29
-266
-68
38
-257
112
-64
99
76
74
33
107
41
-184
-82
4
-198
-144
154
160
-76
30
143
20
22
-42
18
-18
-180
99
77
-60
96
-75
-184
59
195
-155
83
-224
227
156
-318
-209
-99
422
-176
69
-470
-25
180
69
-212
89
-33
28
11
9
-171
-48
188
31
-59
-53
89
-113
58
163
-203
309
-100
198
-118
154
42
-61
-164
27
-83
152
-103
-296
-25
134
-179
129
-117
181
-31
-101
165
12
-146
-72
104
-38
-245
64
95
-47
6
33
-188
5
108
-39
172
-19
-59
3
151
-114
-5
-135
-235
-196
47
-25
-53
27
68
-195
67
-257
-199
152
292
-24
-128
-97
169
-84
53
-15
67
100
-23
197
-181
84
-152
103
-65
-19
-181
-101
71
-153
-47
37
211
-27
16
181
45
70
120
-301
-93
-173
23
54
-232
-197
104
140
-224
96
93
399
-160
105
61
75
80
-23
237
47
47
-55
98
-5
85
231
176
-92
170
28
99
136
-500
245
-163
63
-177
-12
161
272
-54
-120
-1
94
-242
200
-126
43
-36
-43
41
84
-93
3
-107
152
-39
-50
54
-108
116
-236
-335
-24
-6
622
-317
-111
-119
383
-53
-210
-411
107
-160
182
367
-42
-431
311
-441
-42
-196
151
267
-172
-161
475
-469
-53
405
136
100
-50
-224
-74
38
-120
-275
-163
-48
-236
211
-23
172
-156
248
349
271
-204
-177
-88
79
330
368
184
156
-342
277
88
429
-7
196
-322
-239
-241
222
-479
188
247
352
34
130
399
9
185
197
444
367
-69
294
-156
232
175
-4
-551
-164
69
222
71
-46
353
32
-296
245
60
46
277
467
-94
239
-153
151
-12
15
-142
-54
134
47
-260
-96
132
184
-447
238
240
-300
-89
221
-128
-298
175
-163
-507
-6
-276
371
220
248
-86
-465
93
-284
51
-745
-429
-838
-117
64
482
86
-14
-321
-162
158
111
-343
-570
166
390
368
-284
-2
-135
136
46
-270
-306
-229
174
-471
-238
-39
-169
39
-228
341
-279
-287
-19
-19
-240
60
-159
118
57
537
124
178
-114
218
-204
564
-133
-355
8
-72
-107
-130
457
614
-398
-230
81
17
420
-310
420
-31
255
-125
-244
211
-18
-158
339
-2
305
227
464
140
-184
-72
154
-182
-4
-32
416
-389
-178
-6
313
-106
-196
-269
-136
105
-71
278
-161
-294
262
-342
7
-431
-453
38
146
373
69
28
472
70
93
90
-85
-320
153
492
-131
48
401
93
-318
272
-210
-347
-344
509
2
27
305
160
466
386
-20
440
-258
316
57
-373
-259
155
-51
231
153
63
-337
-216
118
160
-186
-186
-335
-430
395
-522
-6
-224
-167
-110
189
462
-487
-213
-205
-46
273
173
-71
-237
240
243
-237
-121
134
366
-217
405
175
154
-399
140
-307
-331
-421
-247
238
-221
166
-99
172
-61
459
-159
17
329
-105
234
147
83
75
-404
-483
-379
-37
114
-113
-319
-191
360
33
29
191
-213
352
49
-356
-11
-109
649
4
156
-242
308
157
-84
-37
-216
141
-51
0
230
-287
-390
-562
-190
264
217
-455
314
178
469
-329
118
68
-346
-33
-85
-224
59
-443
507
-263
149
-335
-196
363
120
-43
-478
-269
-115
162
-53
-405
-287
-178
-149
352
223
-34
-143
12
-126
-550
214
50
529
-451
246
-197
507
-318
63
-30
-139
253
-234
-465
-20
-115
180
317
-233
-184
-84
233
-372
14
253
-54
37
131
-320
-205
354
79
145
-373
-88
-108
231
68
224
267
147
-33
283
77
-172
-187
-137
88
-220
120
101
277
99
-210
-390
139
-98
-121
-417
537
-385
-469
220
-213
568
21
93
-12
142
-171
395
-5
142
-90
27
-54
-433
-91
241
22
-116
-109
222
-88
946
-80
184
189
111
-35
-161
62
150
-57
129
443
-311
-200
-212
-53
138
581
-424
89
-320
178
-32
100
-7
253
-155
-101
-118
-243
-476
336
-244
-56
-175
-47
240
107
120
150
66
-435
74
-209
-94
283
-41
263
-58
-270
-41
-548
-208
344
786
-636
-202
33
-437
-117
-231
523
117
-162
-208
-127
-22
-423
149
170
19
-36
213
-379
299
-375
37
-450
-270
193
-454
57
-224
886
-416
904
3
248
1228
1
385
157
49
346
-477
-7
60
442
-79
474
-1
-247
-6
41
-10
-45
-270
-1
-1379
514
371
-181
-309
-80
67
314
1040
-442
697
328
-235
238
165
-235
-1
-495
83
-72
-213
-318
1
-399
0
-94
319
148
2
0
-15
-164
945
-99
816
-427
-825
-158
657
-175
-4
-63
-176
1707
66
-272
89
-97
0
117
-665
265
151
288
28
429
-116
-174
318
-200
235
-336
356
-30
2826
-46
-1
-133
-281
-54
-1
157
978
-258
963
21
45
121
286
77
48
160
-286
443
10
-179
9
-203
48
567
-178
-326
-174
-215
-444
-459
0
164
-360
222
-70
-351
95
106
147
-840
941
-76
428
-246
-134
-199
612
-99
-132
190
71
-330
74
100
168
-238
-418
-295
1279
-409
-64
-18
123
-87
-374
104
838
-253
33
-661
208
-794
-17
-483
-457
-100
-330
903
257
48
-42
272
1406
-239
-108
63
-57
-1493
-330
-211
87
1
-439
4
-207
-59
1856
-291
433
0
17
5
-16
244
-166
140
-719
1070
-200
-211
89
104
-256
-73
-32
652
12
1557
-22
76
217
13
517
-1
79
638
302
1432
283
-7
-94
-51
-330
-47
10
10
533
20
-122
342
-179
512
158
133
-172
46
129
-309
-253
-543
-149
-524
21
78
139
422
62
-266
194
355
-88
158
266
-24
-118
127
171
170
-302
237
0
224
1043
475
444
-19
-343
-949
-138
-140
-462
418
1489
-407
119
-1703
48
-293
17
154
526
-356
187
563
-34
612
-400
62
209
-175
284
-3
583
-31
-164
2618
-228
335
2238
126
-111
114
32
-68
-122
261
-263
281
-7
27
-1
644
-164
-440
-5
-61
1549
-35
-79
-582
-22
-555
-259
5
-224
-282
35
46
-107
430
932
258
254
222
-151
-461
-335
-14
54
-320
108
-410
-114
102
-278
-8
50
-479
412
0
710
-136
-483
474
-2
-407
133
1192
108
-166
37
-175
3
-322
-212
-166
-263
-550
-152
1037
1404
1783
153
56
-370
-159
-190
252
479
518
-186
-270
255
-7
-89
998
-557
314
-140
100
198
-298
1601
190
-34
-1
-216
434
-360
239
-222
-475
1492
1530
595
-279
389
-190
-430
1
1417
208
177
465
-91
1009
-81
-3
18
8
683
-145
-266
-583
-153
549
345
17
-258
-345
61
603
-29
-58
437
-359
260
-73
-175
-133
-180
3
0
99
-395
253
-1
934
12
-1
-363
201
239
-112
0
-252
-309
-260
480
-197
-302
205
354
-107
195
834
-246
-368
449
-15
277
-323
-195
270
383
260
49
12
183
131
142
-358
70
254
83
766
-240
-80
-1
205
135
-272
76
-323
-420
306
-588
-233
24
37
421
-16
-510
702
975
159
-105
276
-374
-290
20
585
371
115
78
-293
811
-37
-360
-2
-312
793
421
990
279
36
33
-627
-185
77
0
126
-125
-327
469
-518
-29
-268
-137
-398
-151
-424
496
49
-1507
1681
0
-170
-821
-371
24
246
-840
-58
-123
-164
-2
-76
-336
-358
-552
77
22
-241
106
947
289
-12
394
869
-7
-776
502
-1023
-432
