0
0
0
0
0
0
0
0
0
0
0
0
0
0
0
0
0
0
0
0
0
0
0
0
0
0
0
0
0
0
0
0
0
0
0
0
0
0
0
0
0
0
0
0
0
0
0
0
0
0
0
0
0
0
0
0
0
0
0
0
0
0
0
0
0
0
0
0
0
0
0
0
0
0
0
0
0
0
0
0
0
0
0
0
0
0
0
0
0
0
0
0
0
0
0
0
0
0
0
0
0
0
0
0
0
0
0
0
0
0
0
0
0
0
0
0
0
0
0
0
0
0
0
0
0
0
0
0
0
0
0
0
0
0
0
0
0
0
0
0
0
0
0
0
0
0
0
0
0
0
0
0
0
0
0
0
0
0
0
0
0
0
0
0
0
0
0
0
0
0
0
0
0
0
0
0
0
0
0
0
0
0
0
0
0
0
0
0
0
0
0
0
-104
-182
107
-123
236
-66
-101
-1
-111
195
-211
375
211
-97
-88
37
-10
110
155
244
-288
64
-56
96
-136
-133
200
-53
75
31
67
119
-102
68
221
-222
18
-334
-87
145
-32
216
-37
-40
-25
-58
-77
-22
-169
-28
90
-212
480
170
-107
-36
-47
169
-60
-108
85
168
-4
45
-323
-190
-61
143
-13
98
-12
66
-64
-129
57
-39
106
73
116
71
18
-28
236
-87
-75
132
-434
125
58
-244
-155
-110
-63
-236
-164
14
107
-229
-174
-17
1
-355
326
-180
82
-139
78
47
-82
29
152
75
-93
-149
-110
-14
370
-160
-209
180
252
-160
122
354
-74
106
349
-79
-217
-189
189
-20
183
139
-151
-96
-117
-153
-13
-216
-22
112
190
128
-121
115
-326
55
-21
86
-109
-21
-146
71
290
114
-283
125
-459
39
227
191
163
-249
-131
148
30
225
96
-226
-242
196
-55
148
161
157
-82
148
143
-146
60
133
173
-110
-166
291
-103
-124
202
-245
211
-155
-63
-36
-58
-241
165
-327
-158
-297
-243
-160
-134
232
120
-69
17
68
-228
262
231
-17
-243
105
-152
210
186
12
-68
-313
-131
213
259
-275
-25
-212
-46
-21
39
119
6
217
152
165
29
-170
-100
-179
177
-62
141
83
-250
-116
20
362
-358
68
-93
85
315
90
97
7
-46
-158
-61
197
80
1
-70
27
-307
-302
386
250
67
-253
37
289
-300
-83
20
-31
-22
59
-36
4
332
-19
13
166
79
452
11
-135
261
-8
-125
60
-172
-216
-29
212
133
-41
239
157
267
-291
46
-31
-151
46
113
-48
-153
-64
195
1
-43
-117
-217
174
-158
-162
-69
-55
13
140
-205
62
19
-17
213
57
-60
74
-20
13
-99
48
34
-437
-231
158
247
134
109
51
-77
-263
110
170
28
393
-134
110
-286
-80
-235
171
95
39
492
132
208
228
-156
119
214
171
-359
81
-71
216
363
-224
-270
-76
-265
-26
-347
-168
15
278
-316
244
191
-50
367
45
108
-138
95
131
323
-271
10
204
334
-299
134
-173
-202
79
-229
-202
240
156
-124
-256
-408
-120
-81
-153
-178
298
107
-181
-24
96
151
22
-103
-209
25
-192
73
53
91
96
8
-206
142
206
-217
-421
450
-9
268
-155
-238
-7
-96
296
150
-103
-135
249
-130
291
250
-286
83
-251
-94
187
315
-242
169
-363
-11
-11
-201
-69
136
100
-131
65
195
-368
-227
-321
42
131
33
41
-59
-225
-214
224
207
-320
44
338
353
-46
355
-266
-148
48
-109
36
146
18
-14
45
265
241
479
196
-167
-77
-1
-138
222
-192
-291
219
-312
103
114
-137
229
151
305
-218
86
335
194
-111
109
79
-33
-119
-137
286
59
124
-50
109
-196
145
-137
-106
59
-123
-315
16
228
-113
-138
-191
200
-104
242
88
92
-100
-87
-120
-209
-254
-137
1
-42
-154
-51
-92
197
-185
120
28
-26
48
70
44
191
-26
-283
-36
199
-385
-218
-92
8
-119
252
-34
191
-208
120
-75
23
-15
-190
248
-240
-28
246
262
-43
-122
-44
-157
76
-15
168
172
-257
115
-101
102
-194
-40
-187
-104
-208
-144
201
-192
-201
-371
-39
188
-79
-44
160
-193
-92
-64
-123
-91
0
170
-32
-193
295
-154
-8
122
-72
132
23
207
35
-295
105
188
38
-398
-58
-257
6
-162
-173
-29
-170
-89
186
-94
-104
59
-46
15
-84
132
-40
170
277
85
148
132
-29
-182
-159
223
-210
52
40
-110
-211
242
-26
26
-83
92
-116
-55
219
-51
20
-41
-41
55
38
90
-214
262
130
-180
51
43
15
237
232
-166
-86
-115
-164
-258
-23
88
-43
-86
0
0
0
0
0
0
0
0
-181
-416
-166
153
-16
-245
79
-253
15
-47
-124
-12
-200
-156
-51
311
-44
85
274
-26
-49
33
-119
-149
-306
-184
-289
-57
164
121
-115
-168
99
119
-101
-61
-115
-58
506
-300
17
40
-180
-283
-32
-87
132
-119
-32
-40
272
-236
90
79
-58
224
-235
69
-145
-147
51
173
3
157
209
-190
286
76
-241
248
-117
-153
-13
155
379
9
-106
-70
27
168
-41
258
-137
76
217
-349
58
-246
-25
229
178
147
-30
-296
-53
-270
33
-463
133
223
11
-126
427
29
-144
-218
-74
-164
25
12
86
-117
-301
183
-30
-207
143
-182
119
-35
130
354
-103
24
-61
74
137
341
135
-96
-212
-252
-131
-51
52
75
-267
10
-162
153
136
-218
207
263
146
-532
167
-45
101
129
-220
-21
116
37
132
-243
113
41
69
-194
187
35
-62
-35
-114
31
-142
-264
-138
-208
-328
-58
-166
-97
210
112
-374
-176
230
160
-79
-76
209
-27
-112
19
-222
27
78
8
63
151
-233
26
-229
40
38
260
-127
-317
-15
189
-32
35
50
-2
65
54
-29
-81
-226
-45
-50
-52
-49
-56
207
-98
-134
231
-122
-128
64
-5
-26
202
-45
-111
-55
55
-138
-276
110
-169
-2
-141
-84
-84
144
-43
-30
-103
248
-49
49
270
143
-132
90
63
68
283
-24
-46
-146
97
-222
-12
-144
293
-92
181
-461
240
-271
-161
-13
-111
-60
-39
-129
-13
-416
293
-142
15
-178
149
62
144
-102
-20
115
-175
175
-47
-137
-197
88
173
-191
280
-195
-175
70
-216
-116
64
-12
-272
108
-117
-239
229
-32
-243
223
208
-32
-119
193
-109
-4
-219
-262
157
-27
-30
-62
-150
211
197
-282
-41
-113
-47
183
116
-17
-47
224
212
-91
213
49
77
186
140
-423
-256
104
98
-152
401
-235
-23
11
-21
-40
-269
-80
126
84
189
176
-327
-234
208
152
-155
-212
12
9
-48
-77
-115
55
-86
143
-59
346
67
-150
-84
157
-109
486
-105
173
114
-249
-159
228
-23
49
-187
-305
248
-339
-131
-115
149
202
71
-63
58
473
-90
243
-188
193
11
30
-299
-11
145
-265
-105
-288
78
-59
104
120
125
153
36
189
-120
99
222
193
-167
-141
-400
43
178
-196
42
-210
266
159
-92
101
-184
-50
11
-373
-243
100
479
-279
-242
241
255
-304
-39
46
146
495
22
-102
-280
92
219
-88
-162
230
399
-183
73
-335
-309
-147
-420
-239
28
-345
63
353
384
185
573
69
-294
-301
-126
-256
335
517
-100
-279
-261
-214
-205
527
169
44
-138
0
-41
-555
263
-138
161
133
-440
296
-27
-15
-280
-89
321
535
-16
-119
-101
37
385
163
-162
-178
135
43
-357
211
605
127
-285
-278
151
426
-210
-164
135
-510
-135
408
312
-211
143
-285
-80
156
-375
69
-305
-290
378
-315
152
-145
359
-346
-163
-132
242
-386
194
-182
-215
394
-348
-186
228
-407
-35
-257
-34
-453
119
-163
186
-286
-469
-130
384
-50
-223
-159
638
176
-372
-348
-113
-219
105
-46
230
-216
-359
-271
-187
726
-267
-492
-275
83
212
-251
-158
71
-113
38
-86
-170
249
467
-67
140
-416
121
-34
-456
-149
-481
200
-148
-247
-343
351
-151
-92
-156
-183
77
142
-137
592
13
240
-208
96
-5
405
117
-365
-233
-191
-138
-396
-136
-74
61
57
-44
-66
-204
75
-180
508
-63
332
-270
-123
3
245
416
-177
407
-308
133
-339
188
-143
210
46
-131
54
213
90
136
253
-18
141
-287
-113
343
-482
98
-225
117
126
72
192
-28
-180
-376
-423
-380
-240
-76
319
-86
199
40
354
-189
-46
-295
159
227
33
-249
167
-233
-174
-201
-249
-201
-412
-159
-308
134
162
-97
220
434
109
-250
1
-223
245
-278
-346
-207
-273
-64
38
-272
216
-142
-618
-112
-93
246
-264
-210
-99
-260
-207
-337
-246
-56
-277
-134
-441
358
324
-206
170
262
-177
-169
145
132
75
91
-242
23
-141
-266
-108
46
132
-483
-90
-256
219
-114
194
80
-558
-52
-245
-121
-288
57
-129
168
62
-197
459
-73
-110
-11
-242
-66
-139
70
427
-315
-180
290
-110
-417
-232
-117
189
-133
-198
-57
-238
-84
23
-117
124
-151
237
-163
-17
-241
-197
-165
298
493
368
-28
-80
-10
44
103
-107
-120
135
17
123
3
-49
0
-261
104
360
67
-187
-98
-183
53
376
-226
-259
328
-47
-181
-356
195
-513
29
23
-860
121
-87
117
-206
45
135
119
-149
361
-217
122
-66
-97
-137
-296
132
-36
336
300
-58
-426
-200
-70
-336
91
-10
-309
-184
-6
-227
326
-194
-346
3
280
178
-425
-301
-158
-114
-348
189
143
-140
375
-374
-236
-155
365
189
-255
27
59
52
268
-54
-109
160
-379
-93
183
-192
576
156
694
20
-237
-78
331
16
-122
41
-334
-207
-376
-200
-117
-416
320
300
-415
256
-37
-254
-285
34
203
286
-489
-177
207
150
-236
148
-505
-188
-221
-191
-87
-386
93
-345
-222
1146
263
-7
35
-227
-151
48
-172
-247
-40
-311
-183
36
-138
137
357
-230
-110
307
183
-83
-284
-332
-139
-460
-93
304
-198
-230
-430
352
-155
-85
25
-238
-187
-98
211
-180
55
56
45
41
584
110
53
56
186
265
630
-52
300
10
-302
-71
356
289
11
-131
262
-432
698
-154
-475
458
-384
-463
62
1150
-5
-363
156
70
-156
126
-386
200
-255
14
409
421
229
236
-1
255
-194
144
-60
-73
937
0
827
-311
86
-366
-63
200
602
90
-1170
-91
-509
-74
400
416
56
256
7
143
130
-364
294
-151
-1
196
-1
-218
-88
111
-4
3
275
-79
1582
-237
931
345
-192
-179
-1362
41
120
420
274
-514
223
7
-118
229
-1
-79
-976
-224
-267
145
-451
-349
-361
-70
126
-88
-496
1607
-446
137
-88
-323
-1
94
-304
-53
-1
-718
-344
264
399
15
-692
-345
14
197
423
1293
-132
15
-65
467
-79
-237
-232
532
-98
-322
129
554
-3
1826
-1
113
-121
74
-398
21
-381
70
-235
-260
-518
-319
107
-134
103
122
201
-206
-3
-174
-122
374
7
-209
204
267
-570
-365
-497
-591
-21
-7
-165
-217
-241
-321
513
449
463
-170
-931
388
-496
418
75
428
137
-147
-569
-107
210
-132
1214
322
82
323
-148
1471
157
313
-136
230
-316
-97
135
-262
-903
-178
-127
0
-166
-226
121
-179
-131
-22
-160
-226
-130
-361
128
526
-432
-576
-1120
-832
-74
-298
-515
313
187
-151
379
0
253
-1263
380
328
-284
-50
265
-226
-19
15
-23
-539
-132
-119
301
-271
67
-273
154
-135
-56
353
428
-117
-231
811
-208
306
-73
60
245
216
-93
-17
-229
465
10
913
181
-133
-344
-334
-461
5
243
-277
2
232
1724
-740
-737
50
273
-120
276
-416
361
27
1440
-626
-305
-913
-265
339
177
238
-77
-346
-168
232
-15
452
-166
-72
-113
-356
318
-235
-1284
-992
124
-379
-211
-676
-1380
-118
-95
-223
-1
-170
379
208
387
-241
65
16
-3
-602
-156
305
-44
336
-1500
251
275
-531
-635
566
-27
-57
-496
60
526
-226
-33
645
-121
-106
185
-213
-275
409
-72
176
440
-548
409
871
-312
307
-22
49
117
76
-533
-1
-300
-238
512
221
-1325
210
-90
830
3
-257
-345
-276
255
-319
1110
-107
172
35
212
-1313
1546
485
-367
179
145
-152
78
128
-572
-331
-202
86
101
291
-192
126
424
219
-13
-146
-1512
353
243
-681
19
-1
-290
371
-460
380
212
146
1050
-935
2951
-334
-239
-144
755
-47
820
-110
-322
-596
-132
-858
-127
388
213
29
-2054
160
62
163
225
86
98
-527
298
-185
-607
-438
260
32
-275
126
333
183
56
67
-44
16
8
-121
63
-48
-1
524
38
-1
-467
-93
395
259
0
-133
-25
-360
-406
-113
390
-392
191
-35
-212
-191
-248
-178
-468
220
-106
-211
-661
-261
314
284
-211
-105
-222
-110
1
-388
-277
-159
120
340
139
130
-1
231
315
-42
244
137
45
-51
-489
-377
-735
698
90
-168
225
2414
363
-57
198
-58
-693
714
986
340
61
-522
200
201
-1230
-50
151
4
-225
-19
19
-1650
21
90
-120
1989
159
-315
-1
-163
328
260
-322
223
100
-2
329
979
-172
-479
29
13
-568
-916
0
-466
-752
418
-264
46
-1266
-214
132
319
-2
-96
346
-732
-526
-186
-221
-34
-312
-434
-245
237
-186
-393
15
-544
-15
917
-121
