-145 -173 -117 74 3 -184 135 83 63 -165 150 164 132 98 152 12 
-34 96 -8 42 -76 21 -74 78 72 54 88 -32 -57 -58 3 -5 
-40 -94 -130 50 30 -170 -72 -9 159 94 -137 -42 123 -27 -15 120 
-35 79 120 49 -22 -75 -31 -107 -124 -45 -86 52 23 66 -49 53 
-21 46 41 -95 -54 -59 71 32 21 72 -32 40 17 14 -36 -80 
0 0 0 0 0 0 0 0 0 0 0 0 0 0 0 0 
-40 30 14 -21 68 29 -3 -29 -17 61 26 0 38 -61 -24 -32 
-49 23 -38 19 7 -34 5 57 0 0 0 0 0 0 0 0 
-19 -93 14 30 -88 44 -32 -42 -123 59 40 -38 9 -6 -18 -143 
-3 -53 35 -51 -45 -21 -13 105 0 0 0 0 0 0 0 0 
38 60 -40 -11 -35 -35 87 -87 -7 -63 -1 -96 16 62 17 73 
12 6 53 -18 -45 -74 -33 -5 0 0 0 0 0 0 0 0 
-39 -41 43 67 22 16 10 99 44 -44 30 141 -77 -7 77 -10 
67 -38 50 -41 92 58 -10 -86 0 0 0 0 0 0 0 0 
-82 -36 -38 89 9 64 96 -4 -4 -42 -28 -1 75 66 90 124 
-3 -105 63 -33 50 81 -66 -29 0 0 0 0 0 0 0 0 
0 0 0 0 0 0 0 0 0 0 0 0 0 0 0 0 
0 0 0 0 0 0 0 0 0 0 0 0 0 0 0 0 
-88 -31 38 -30 -27 -7 -27 45 9 -20 -86 75 19 -53 49 45 
-64 23 122 66 -67 -85 -8 13 0 0 0 0 0 0 0 0 
2 3 -40 48 -10 27 -34 -68 -33 97 -7 23 -76 35 -40 -69 
1 13 -12 55 28 30 64 48 0 0 0 0 0 0 0 0 
56 -51 60 -90 -20 -47 40 10 10 36 -48 -6 20 -42 -130 -63 
-47 30 -102 31 -41 -24 -23 -27 0 0 0 0 0 0 0 0 
41 10 108 11 28 -145 11 -59 -88 95 28 -11 -26 82 29 14 
-33 -30 -2 60 63 -36 34 -47 0 0 0 0 0 0 0 0 
-58 -67 17 -19 -57 -116 -33 68 7 -34 22 -54 50 13 -102 -69 
41 -15 -33 100 -24 -61 18 -61 0 0 0 0 0 0 0 0 
43 -28 -8 2 14 -34 5 37 15 103 -38 -16 47 -16 -3 -35 
-44 29 45 -8 20 12 66 62 0 0 0 0 0 0 0 0 
-7 39 -37 -9 9 33 -1 143 29 -68 90 13 -66 31 -46 7 
-17 61 -56 -51 8 -62 60 38 48 -38 53 11 -25 31 1 0 
102 -86 46 0 4 129 90 52 0 0 0 0 0 0 0 0 
62 -35 -36 0 -15 -30 20 20 -29 21 41 48 -45 67 -21 -13 
100 -10 -82 71 -20 35 3 41 21 -43 75 19 22 -38 6 34 
67 -5 -3 -33 26 17 64 5 0 0 0 0 0 0 0 0 
-71 -102 7 -48 22 -48 -6 26 -100 119 -102 -67 -12 -44 -108 54 
-57 53 22 26 122 118 -35 35 20 42 13 -87 65 43 1 81 
-93 -36 4 56 27 -43 -9 -107 0 0 0 0 0 0 0 0 
-40 -11 -26 -11 -50 -31 -7 103 -155 3 88 4 -35 65 -115 -20 
42 -20 123 119 46 59 25 85 36 30 90 151 13 -42 109 22 
-76 16 55 -17 26 -95 -73 65 0 0 0 0 0 0 0 0 
-29 -63 -200 57 36 12 105 65 119 88 -158 -77 22 -27 -82 -36 
-38 23 104 102 -136 -45 -35 -33 -89 -48 26 74 86 202 -28 16 
-104 55 38 -66 -16 -180 102 -61 0 0 0 0 0 0 0 0 
34 56 -41 -77 -40 42 -38 -63 -53 -75 -100 55 -59 50 149 -63 
-18 -42 3 35 -69 -25 54 122 100 -106 58 45 23 -33 -40 -142 
19 52 -102 38 -55 43 -96 63 0 0 0 0 0 0 0 0 
109 -11 69 -67 -110 13 116 51 57 -58 -38 -38 -101 5 -13 -35 
84 25 69 34 -96 -37 32 -79 -27 -52 -7 -3 56 -49 -101 63 
5 60 15 -16 23 -15 -45 65 0 0 0 0 0 0 0 0 
12 29 139 -23 -75 -9 35 -64 149 -123 -72 -84 11 48 0 -12 
55 10 -8 112 -97 46 -9 -65 80 -20 -14 -67 23 -3 -30 14 
-33 90 -63 -23 4 25 3 -38 0 0 0 0 0 0 0 0 
0 -54 1 45 111 -30 -12 -91 -22 -34 68 93 21 16 -111 -42 
128 40 -32 73 35 -45 -111 22 31 52 -57 15 -89 -65 24 44 
46 -100 52 19 -35 -60 -56 23 0 0 0 0 0 0 0 0 
83 -31 -61 31 -18 -7 80 55 45 1 -57 59 29 118 -45 -111 
-27 -8 -19 -9 -17 25 -3 -12 -53 21 87 24 72 10 48 -29 
-39 44 -47 46 -1 -85 18 -25 0 0 0 0 0 0 0 0 
33 -127 85 55 2 49 38 15 -8 5 -85 26 17 -5 -5 -40 
55 48 138 66 -47 67 54 -93 21 64 -9 18 34 -3 40 -77 
68 -12 -2 -39 -51 -13 27 84 0 0 0 0 0 0 0 0 
31 22 16 -54 17 -10 -94 64 26 57 8 -77 81 17 68 50 
-54 -51 77 -9 6 70 55 50 -111 -28 37 49 8 -1 24 -83 
85 22 40 3 -19 42 -1 53 0 0 0 0 0 0 0 0 
24 15 50 109 70 91 34 28 37 -73 -60 -57 40 24 38 -47 
47 43 27 -48 65 -85 -19 11 11 38 2 145 33 49 -50 2 
-65 -13 5 60 -83 6 -40 34 0 0 0 0 0 0 0 0 
-47 -50 11 -68 -16 25 -74 8 -74 45 -74 -9 91 -72 97 43 
-13 15 -17 4 -45 10 -48 42 -26 -28 -6 -33 3 14 34 -16 
28 54 -54 15 -13 -40 -68 -46 0 0 0 0 0 0 0 0 
5 -141 -75 -15 26 -24 -3 -3 49 -21 43 47 -5 -50 -44 -76 
45 -59 -25 -60 -74 -45 -8 -25 21 40 23 16 -77 64 22 -33 
-76 -21 8 -19 59 -47 27 42 0 0 0 0 0 0 0 0 
17 -37 -8 9 -83 26 -73 37 -37 15 -35 -63 -3 42 18 61 
37 -1 -74 -26 30 64 73 72 -1 64 -13 89 31 30 76 -2 
18 -34 -28 -29 11 16 13 -102 0 0 0 0 0 0 0 0 
2 32 35 -19 -42 -59 -22 39 -49 -39 42 -2 -29 -70 45 68 
-44 26 -6 -31 1 29 -17 59 -104 -22 1 -12 42 0 59 -27 
-13 48 -51 -32 31 14 -27 -37 0 0 0 0 0 0 0 0 
22 82 -19 56 -51 -7 12 3 36 -10 -3 21 66 -61 -55 -11 
-29 7 -74 26 68 18 4 -28 4 3 -52 -44 53 -3 -21 7 
-64 37 -24 -34 26 -9 57 -40 0 0 0 0 0 0 0 0 
63 14 14 7 30 61 82 43 -15 -53 6 43 57 47 43 -22 
92 -3 -68 -23 -8 -62 -86 54 33 -7 7 -29 19 -97 -46 21 
-32 -56 98 83 -27 -48 30 30 0 0 0 0 0 0 0 0 
-37 26 17 -49 67 17 46 16 -42 38 65 38 -74 -42 36 48 
17 61 33 22 -11 19 -47 47 10 -22 -42 -35 23 -6 16 -15 
-51 19 44 48 -47 -21 5 -36 0 0 0 0 0 0 0 0 
-42 12 34 -13 68 3 19 -2 0 -69 -62 11 56 -25 81 76 
-15 -22 -6 -30 -56 -28 41 -15 18 5 -23 45 37 -27 3 -41 
-6 48 -33 -25 -36 -11 -64 5 0 0 0 0 0 0 0 0 
-13 -21 0 -23 65 -1 -18 26 20 -35 -60 -44 28 0 52 -11 
-19 28 -38 1 -8 -38 39 6 41 87 64 71 62 54 -40 -43 
-36 -9 -70 19 -44 3 31 -6 0 0 0 0 0 0 0 0 
-20 -20 4 -29 120 -6 -50 -48 -57 48 78 56 -49 -29 -59 6 
0 14 45 16 55 -19 -2 -48 26 60 -72 0 76 62 84 -50 
-6 105 94 -60 82 5 55 2 0 0 0 0 0 0 0 0 
-22 -50 -70 -3 -7 13 3 77 5 -46 -28 6 -19 72 -40 24 
80 -17 -48 -81 -22 -36 66 46 -56 -101 80 55 12 -37 -19 -30 
-6 27 -27 -31 -26 -97 -86 15 0 0 0 0 0 0 0 0 
47 -24 -7 -24 10 19 -60 -57 -84 -64 33 -42 -72 18 41 9 
29 -20 58 -34 67 54 -69 -51 9 -42 16 4 -20 47 116 -12 
-10 24 -23 -62 10 -18 -18 -22 0 0 0 0 0 0 0 0 
39 24 18 -26 -62 -81 50 -22 -6 -33 -32 -41 28 73 -66 -17 
38 32 -84 -50 -40 21 -30 -20 14 16 47 70 -41 70 42 -69 
-35 -34 -27 42 79 -55 69 20 0 0 0 0 0 0 0 0 
28 7 -11 -12 19 -26 -47 58 -138 28 -43 74 39 55 -27 -31 
-34 1 73 -39 -3 -54 21 -21 5 6 -28 -52 -73 -3 11 -15 
28 19 15 10 -89 -51 37 -12 0 0 0 0 0 0 0 0 
-26 8 -26 -16 -12 14 -1 21 -27 11 -93 -8 -18 45 53 17 
-67 33 -3 -43 46 51 -10 -38 54 12 -32 -57 -41 44 51 -29 
-19 42 0 -74 43 -57 5 -1 0 0 0 0 0 0 0 0 
52 6 59 12 -38 4 19 -87 -3 21 -67 -23 8 -48 6 -63 
88 27 61 -12 -79 42 -90 -76 -1 32 -46 -35 -26 26 -29 110 
37 -9 -4 -20 76 22 -17 -13 0 0 0 0 0 0 0 0 
-9 18 -55 61 48 -41 46 3 54 -19 -13 15 -30 21 -12 -77 
30 51 -7 6 -3 -18 -28 14 -69 25 72 10 -52 61 -48 37 
15 -56 10 16 -36 5 -30 11 0 0 0 0 0 0 0 0 
-20 -39 -60 5 -34 -19 -14 23 21 -27 3 20 -52 -3 -33 -39 
-2 23 -3 11 -5 19 -48 57 -9 49 53 17 7 -16 -69 -4 
41 -61 51 20 -3 44 -3 7 0 0 0 0 0 0 0 0 
-15 23 -2 20 -13 -37 29 -36 -29 -17 5 -11 -15 -53 -10 5 
-24 47 -12 3 49 29 3 -42 -2 5 -12 49 4 5 33 38 
-21 -28 1 16 61 -13 0 -63 0 0 0 0 0 0 0 0 
39 -23 12 -25 -30 -54 25 84 29 37 -53 15 -66 27 42 -37 
-52 -64 -8 4 -13 42 40 74 -33 27 9 19 -8 -2 -35 -52 
0 67 -34 9 -19 63 32 32 0 0 0 0 0 0 0 0 
-19 23 1 26 -10 3 -53 49 -28 94 0 -31 -97 7 6 -4 
12 78 116 23 -4 -23 -4 62 55 -56 -23 27 -18 23 -24 58 
22 -45 49 118 63 75 9 17 0 0 0 0 0 0 0 0 
13 -62 1 51 0 6 -4 -43 15 -18 0 -11 38 78 -13 18 
-48 30 -10 21 -60 37 16 26 16 -53 -27 -12 28 -31 1 -35 
-5 13 -47 60 -3 29 17 -48 0 0 0 0 0 0 0 0 
9 -37 -9 36 -14 -54 41 -24 8 -29 25 60 -25 11 2 17 
-27 -3 -27 37 -50 -32 14 11 2 -25 32 21 5 -6 -1 -15 
-17 -29 -42 16 -5 36 -21 26 0 0 0 0 0 0 0 0 
10 -34 -10 -58 21 -14 -15 -10 26 -17 -9 -45 -19 -13 3 -4 
30 31 -29 -45 77 11 28 -91 41 36 -18 -16 39 12 9 -1 
23 6 12 -17 25 3 29 -17 0 0 0 0 0 0 0 0 
0 0 0 0 0 0 0 0 0 0 0 0 0 0 0 0 
0 0 0 0 0 0 0 0 0 0 0 0 0 0 0 0 
0 0 0 0 0 0 0 0 0 0 0 0 0 0 0 0 
1 -1 -13 15 84 -50 41 -28 -17 0 14 -41 85 11 41 44 
11 38 -56 9 39 -31 5 -7 41 53 -24 14 -71 70 -6 4 
-65 83 -80 -34 -42 59 49 -49 104 12 25 23 -53 -4 -43 33 
43 -52 18 -1 31 -98 -40 -1 112 -8 39 -48 -36 67 -32 67 
87 101 24 18 12 5 7 -72 -5 68 -62 9 -51 47 6 12 
124 55 3 89 59 2 -7 10 67 -7 -24 -53 -36 -86 85 65 
118 -77 47 81 13 70 -51 53 11 -90 -39 8 -150 -69 -47 75 
19 -5 5 43 -42 37 -83 32 -4 123 -3 109 45 -7 71 6 
15 0 67 -123 93 -6 1 19 -116 -59 82 79 106 23 31 187 
5 53 -66 26 28 27 -77 40 -20 24 -12 -76 -14 10 -45 -12 
48 21 33 53 -41 -64 -12 49 24 -34 -21 -40 58 70 -34 -39 
-42 26 41 28 -15 -27 28 -18 49 -19 70 -69 5 -20 -25 -67 
-39 2 -9 -65 -10 -27 53 16 -37 -17 52 25 57 -9 18 60 
-21 -28 -42 121 71 96 13 -18 4 -49 -25 64 -27 44 -6 10 
-28 -34 38 -56 62 13 -55 103 -48 8 -84 30 -22 44 -23 -30 
-5 47 35 29 -11 14 28 -30 63 17 -13 38 66 -4 61 20 
-56 29 -20 -19 -17 39 -48 -51 -88 -29 -16 17 85 -2 10 -42 
38 -62 24 -7 -31 13 31 -3 -54 -31 1 -65 30 1 -74 -33 
-68 0 -64 -37 70 -40 -16 -55 -4 -92 -105 -44 22 -18 -31 -53 
-5 22 140 14 -30 28 1 7 -114 16 -61 18 -27 42 76 -52 
-31 15 -54 66 2 -23 11 -14 -48 95 -66 -56 -73 26 -104 -10 
-30 13 60 -48 -35 -19 51 -15 65 -21 11 -49 102 -57 -14 -37 
23 48 38 12 1 21 23 -50 9 94 -35 43 -12 -105 -15 -63 
48 10 -1 -8 2 -87 -18 67 52 36 17 -51 26 24 -47 -6 
-26 46 -30 -14 3 8 -48 47 -31 -34 34 -43 -50 38 -38 -1 
-3 -77 -15 16 11 -37 -4 45 45 -60 -25 -67 66 55 -14 18 
9 -38 41 43 -42 -16 27 15 -28 -5 85 -31 20 54 41 -75 
-66 16 -38 -27 24 -18 -39 -31 3 -2 -36 18 -24 -57 2 3 
-20 52 12 -16 -51 48 32 51 11 14 26 -33 1 73 69 -23 
-27 38 10 0 -3 51 -7 26 31 -13 -21 0 29 60 11 13 
24 -33 41 -9 60 44 93 -36 -77 21 10 48 -64 61 17 -22 
-18 11 7 -42 3 13 25 -11 53 -75 -68 -25 -1 5 -9 50 
78 -58 -70 11 -11 -62 62 -46 -22 -17 -29 5 -3 46 -31 -47 
-46 8 -39 -5 -30 -4 8 17 -33 26 32 -5 -40 46 -26 -41 
54 -34 39 -59 4 -47 -3 55 -20 -9 75 -58 -2 -3 42 47 
5 37 -12 -3 43 -2 -17 -17 -14 4 -15 -13 -18 -44 39 10 
-15 65 -63 -14 -22 -74 25 2 -14 30 -92 21 -12 3 -9 -10 
-35 20 5 18 -33 -33 47 0 -32 -15 -61 -8 3 64 18 20 
38 46 16 18 9 41 45 42 -53 21 5 -32 10 -45 47 -18 
-19 -32 4 -62 -49 20 -94 -15 42 -91 -23 29 -14 58 25 -28 
-5 54 13 -17 -23 -78 3 -65 8 -40 6 51 28 40 7 -52 
11 47 -43 57 -18 -44 -34 -88 7 68 -46 15 21 -1 -6 68 
-56 -77 74 -42 25 11 23 39 1 62 45 -21 66 52 9 31 
9 40 -73 17 69 -44 -43 31 -7 68 -2 -55 11 -23 9 -11 
-61 -15 39 5 -22 37 48 -9 13 -26 69 26 64 21 22 -21 
35 41 -18 28 67 24 -54 -30 17 -39 3 18 38 -1 53 -46 
-41 4 96 -65 -66 -72 10 -1 23 -39 -70 -9 36 52 -30 -39 
24 -51 21 -23 -44 0 -34 6 26 -20 37 -73 17 2 -40 11 
-68 -35 -94 -40 -32 47 32 77 27 -27 -9 9 -10 -55 5 35 
34 -16 -42 9 -62 -3 -34 33 40 -30 7 -2 10 33 15 -21 
33 56 24 45 54 46 10 -6 5 52 5 9 -28 14 24 -11 
-10 -83 25 11 -19 -33 -6 13 14 -9 75 39 -9 29 -32 27 
-38 34 15 -17 -36 12 -20 3 33 -7 -28 -14 10 -4 -11 8 
34 -37 37 21 -2 32 10 -46 75 -12 50 2 -10 12 3 -28 
-81 23 -66 6 -50 -3 -4 -35 27 38 -44 18 39 24 -20 -2 
30 -35 21 61 16 -9 -10 39 36 28 41 -9 33 29 60 -42 
-44 -6 -17 24 -28 54 -60 49 16 45 -2 1 -76 10 -86 -4 
-58 -34 -49 7 -13 0 -17 -22 -4 31 44 41 -33 -26 -14 -22 
-6 0 4 -59 -43 42 91 5 33 -27 -40 -24 21 -29 22 54 
32 -36 29 34 -27 15 -32 -39 -18 21 42 -39 -25 -13 60 31 
-7 7 1 -51 -1 9 53 -11 -19 55 0 -13 16 7 -36 16 
24 66 33 -38 -46 46 -25 12 -22 65 12 88 25 -29 5 -83 
-3 -79 0 -56 63 -49 -15 -13 6 -71 -20 24 -49 17 -83 -62 
-28 -69 28 13 7 32 20 28 -25 -61 -4 18 -27 11 -20 17 
59 41 -75 -94 2 -29 -15 52 23 5 14 -20 -59 22 -37 10 
-9 54 -20 49 50 61 -60 -33 1 -5 -37 10 -10 -3 28 24 
73 38 54 -12 -14 -57 -61 -32 16 32 -12 14 -11 40 9 -36 
-23 -58 18 49 4 -38 23 5 -14 13 96 47 43 63 72 38 
-19 -104 -7 84 -1 6 -65 65 15 13 -67 44 -58 3 -60 50 
49 6 19 -24 -35 -31 35 -1 -25 10 -25 27 21 -23 11 5 
-19 11 -31 -7 10 -55 -49 35 3 4 -16 -1 -38 16 -21 49 
18 -19 5 -45 5 -41 8 13 6 -2 27 -13 -20 -47 11 13 
-30 -55 31 -33 32 -20 8 -2 -24 -17 29 43 12 27 -83 25 
-5 10 -43 -1 20 -20 29 20 -38 31 14 -4 67 -81 -43 11 
-112 46 9 35 13 -40 -23 -15 -66 -64 49 26 38 -59 11 -62 
-77 51 -36 -56 -25 17 5 6 52 35 -9 -27 -39 26 -6 8 
-40 3 -73 63 -51 30 -39 95 110 -25 -3 -61 -15 -61 8 28 
-118 -29 24 13 -2 1 -63 17 -6 -55 -66 -84 9 -19 6 -60 
-47 27 114 39 -56 -39 -72 -8 48 -44 16 -36 -8 9 -43 9 
-19 65 -41 17 -5 66 -31 34 -82 30 6 -7 0 -20 -13 -50 
-21 -29 -36 -63 -58 17 11 18 -12 -101 -58 -70 -32 33 -19 57 
-15 39 38 -7 -5 -22 13 16 -33 -22 -18 -1 -9 -25 7 16 
-18 4 26 -29 14 6 -26 -22 -28 28 -23 -7 4 15 -35 -13 
-10 -4 29 2 -8 -30 -40 -29 7 -20 19 -1 -8 -38 -8 -6 
-13 11 -37 -18 -36 -15 -16 13 -3 20 -10 -22 30 32 20 22 
-10 -34 1 11 -5 9 13 20 -11 -30 22 -1 -34 -61 7 -68 
-29 -25 4 0 -20 14 46 -33 -9 16 10 8 15 -22 49 23 
-22 -12 15 -8 -18 6 -9 -5 20 -3 7 1 2 4 -2 -11 
1 -2 10 7 21 -16 -4 -5 -6 13 18 20 -11 -21 18 14 
7 -6 4 -10 -15 -17 1 10 -11 12 -3 -20 3 -6 9 25 
-11 -16 22 8 1 16 2 1 -2 3 -20 8 -3 1 -7 3 
8 4 -11 -19 -15 -7 -16 -15 -6 13 5 1 7 -1 -2 26 
13 6 -6 -3 -5 -11 -5 15 -3 -16 -9 0 -20 17 -11 -7 
19 -28 -18 -20 5 -19 33 -20 -13 12 -12 -15 8 -15 -7 -17 
11 -26 26 -21 -7 -17 26 -10 -3 8 16 1 23 2 43 -8 
-6 -4 -31 4 -22 -45 31 37 0 -25 8 10 34 57 18 -17 
61 40 -6 -11 47 3 -11 -38 -5 8 6 0 -16 -36 5 14 
-47 -9 2 4 5 -1 37 3 -35 -18 -10 11 -16 -1 11 -9 
29 2 -12 20 46 10 -35 18 17 -54 -3 18 35 -42 30 -2 
-14 4 1 -14 0 -19 -19 6 1 -32 22 -5 -2 53 54 -2 
6 0 13 20 3 -16 -18 -14 17 -15 14 -6 -14 -9 1 73 
-8 -27 5 20 6 -33 1 8 13 18 1 -44 31 -9 -30 -36 
-2 9 33 -8 -2 -6 -20 11 -52 -17 -6 -2 15 10 -1 12 
-7 10 2 -20 -19 4 31 -7 2 0 7 0 -8 -9 1 -19 
13 15 25 -15 15 -23 6 17 -27 15 -50 -28 -30 6 54 28 
14 11 -16 40 -56 -11 17 -34 15 18 -4 -30 -14 -14 20 31 
17 25 -38 41 -27 -10 -10 17 27 16 -40 34 26 8 -15 4 
7 4 31 -6 -12 -13 6 -31 -17 12 7 9 -40 -11 -24 6 
5 -13 6 -14 30 12 -1 20 -34 9 7 31 -19 -7 -6 6 
13 16 29 16 -6 39 15 -14 -2 14 -22 23 23 15 38 7 
-40 10 17 4 -13 -24 -25 -2 -20 11 -19 -36 10 63 9 16 
5 -24 -33 5 -10 14 -15 25 37 16 -17 -21 31 26 1 9 
-20 17 5 54 1 25 35 9 21 -20 26 46 -14 -8 -15 -1 
3 16 18 -4 12 -2 26 -1 -3 36 8 -17 2 -10 -6 11 
-13 -2 22 -17 -10 -26 -17 -12 -21 22 21 10 -33 -1 15 -18 
13 27 -25 8 22 -36 -24 6 -6 5 -23 27 -7 5 9 4 
-16 7 -16 9 3 4 -59 -10 8 66 -12 -25 34 -15 9 5 
-14 -58 -30 -17 4 28 -34 19 20 35 6 40 33 15 -14 30 
48 -39 -2 33 33 4 31 37 36 14 55 0 17 22 -17 14 
45 27 -21 29 -37 14 29 25 -9 -10 -56 -4 21 -24 -8 -55 
-21 -8 -20 8 26 -56 33 -82 -11 65 7 -21 -40 -13 8 -42 
-34 -32 27 -19 25 9 -32 1 -3 -33 23 -21 -27 5 7 -25 
-42 -14 -22 -23 -4 -20 -30 6 32 25 80 13 -5 35 -1 4 
-10 -5 -20 31 29 -8 -13 12 -1 37 48 3 1 -2 -15 -30 
13 -23 -5 -53 38 -27 -51 -32 -34 -9 6 26 -27 5 1 43 
0 -15 -15 9 -2 38 -5 11 8 29 21 -25 -10 -63 -32 5 
15 -20 -19 17 -31 -32 17 -4 -3 29 -33 -10 -40 -15 38 3 
1 12 -7 -27 -3 3 20 32 12 26 22 -1 3 13 15 18 
35 17 24 -27 10 9 -13 3 -33 1 33 13 21 -13 -39 -46 
-12 1 -14 19 -5 -5 -7 -7 9 -8 14 -11 6 8 3 6 
-1 -1 -6 4 -10 -1 -9 -14 -12 -10 4 14 2 -5 -5 23 
0 -9 2 2 -2 -12 5 -16 -2 18 7 -4 -6 -8 -17 5 
9 -10 -6 -8 6 -11 -7 2 -16 4 -1 13 3 3 -2 -3 
2 -2 0 -1 -5 1 12 -8 18 3 0 -6 6 2 4 6 
-14 11 11 -4 10 -6 11 -8 1 5 -12 4 14 -5 6 6 
-7 24 34 27 2 -9 20 20 1 -34 45 -2 1 44 11 -11 
7 -34 -7 -23 1 30 -5 35 -1 14 -11 -6 38 -11 -16 8 
-7 -26 21 5 22 10 3 6 -2 -10 -4 -12 -27 -2 -12 1 
-38 -19 -24 -8 -2 -11 -34 27 -17 -10 4 12 -19 28 -3 -3 
7 16 13 26 -8 -14 10 -52 23 4 -8 14 -37 2 -17 24 
-36 -22 -7 -17 -5 -32 24 -11 0 25 -9 1 -52 -7 12 19 
-17 -15 -9 7 10 -9 -12 47 26 -14 10 25 10 23 -22 -23 
0 -22 -4 -32 18 -34 29 6 -27 -13 33 -28 -3 39 49 11 
12 23 -30 11 23 36 -15 16 12 -15 10 33 37 -16 6 -21 
-14 -24 7 4 -38 33 -9 -21 7 1 5 6 -2 14 31 -35 
-8 25 -33 -2 4 -14 1 -13 -20 7 -11 -30 -19 39 10 -22 
18 -11 14 -3 19 18 -32 -29 4 12 -17 18 -37 -3 -26 3 
-29 36 20 6 -15 49 -15 1 -7 -6 30 -9 19 20 -3 -53 
31 9 20 -17 -16 22 -58 6 5 -7 14 -23 -15 -22 -15 7 
-17 -21 6 24 2 22 -3 -3 -7 23 12 -57 -12 -11 10 37 
-6 -30 24 6 -56 -7 -37 -14 -20 9 -11 30 70 13 33 -36 
9 -13 30 25 -25 -25 -14 0 -3 -11 -24 -21 -30 -19 -7 30 
-55 -17 8 -25 -1 22 13 -17 -68 46 -28 -21 -10 10 18 28 
-27 41 -5 23 39 -40 -18 62 -13 -19 -33 -10 26 35 -37 7 
16 -13 -19 -13 9 29 23 24 -7 6 26 -15 -8 2 46 2 
-36 11 1 14 18 54 -29 -1 12 -21 -29 12 24 -46 -12 -42 
7 13 4 9 -12 15 -11 -7 -23 7 29 -13 -17 -13 21 -20 
-19 -10 -2 -29 21 4 -38 -24 9 -3 27 20 -19 20 10 -42 
14 -21 -8 -4 -14 4 -24 -8 -2 4 -8 17 -20 4 16 -5 
0 18 5 22 -49 83 66 -34 30 -29 45 9 16 -1 1 -48 
31 38 37 4 -6 -10 -65 6 55 16 -15 -6 8 7 -3 -35 
10 7 -11 12 -28 -7 -4 20 8 -21 5 2 -43 27 -3 8 
8 -31 5 -34 49 -32 44 -28 17 1 -35 16 -17 9 -13 -57 
-60 30 0 -7 9 -14 -2 -20 -12 40 1 -28 -42 62 -3 37 
-36 -44 10 -12 -8 -9 31 5 38 -17 29 0 43 -12 -40 46 
0 -28 -5 -24 17 23 -11 -8 -7 -11 -25 -6 -5 19 -2 4 
-17 2 37 24 -8 0 25 51 -18 8 5 2 -1 22 14 8 
-1 15 -6 18 -20 -7 19 42 23 6 -18 0 9 29 40 -5 
-17 -16 49 -27 -16 0 42 -26 -17 -1 22 14 -21 -12 -27 6 
-2 -25 -23 -6 -5 -1 -15 -37 -16 -20 6 14 19 12 -9 -9 
10 -27 -34 16 -4 -37 9 24 -11 -9 -14 -12 -38 1 24 3 
-16 -3 -28 23 66 25 -31 2 9 -11 5 6 -28 -26 23 45 
-13 15 13 11 -8 9 6 -30 -18 18 45 0 -25 24 -22 18 
-36 4 -19 32 40 -5 -3 -23 1 52 5 36 31 -6 -45 -3 
-16 8 -2 -66 -44 -4 -18 3 14 -18 12 -21 -8 -10 30 17 
28 -22 -20 -5 17 6 52 42 41 32 21 16 -12 -21 -6 -9 
-26 -3 22 8 43 3 -15 -27 10 31 17 24 53 -9 4 16 
12 16 4 7 -15 -2 -18 2 12 -17 4 -12 2 52 32 -1 
30 20 -2 10 7 -16 -26 2 -12 -13 15 14 -10 -14 -3 65 
-10 -29 6 42 0 -35 9 26 -16 10 17 -31 2 -4 -26 2 
-23 7 16 10 -15 -5 -31 31 -26 2 -13 16 -9 -15 -2 -11 
9 5 8 -4 -11 -38 40 -24 -2 11 22 -3 -1 -13 15 2 
6 32 33 -12 21 -15 21 13 -17 -2 -16 -4 -15 21 33 22 
25 -1 -9 21 -25 26 -7 -19 -13 -2 6 15 -15 18 -5 16 
33 47 -21 23 24 -9 -20 20 28 -30 -35 2 -22 -21 -5 -48 
2 -13 15 2 -26 -7 -4 -27 -6 -1 4 -13 -28 -25 -14 27 
10 -19 10 26 7 8 18 30 1 7 -11 30 30 -1 -37 23 
6 23 -31 -4 -9 8 -39 -6 -10 7 34 16 -5 -8 -32 11 
24 15 13 -17 2 12 42 -1 6 23 40 -11 -2 34 -4 -1 
-20 24 25 19 1 -4 -48 -9 15 12 -24 -8 -3 48 22 10 
2 49 -10 -1 -9 -24 18 -9 -25 13 3 44 23 8 -61 15 
10 -15 21 2 4 -9 -22 14 -8 20 17 -11 -38 -16 -14 -6 
0 21 -30 -25 -11 -32 -22 25 4 -5 17 33 -20 -16 5 4 
2 -23 -23 -18 -31 22 44 -14 19 15 14 14 27 -16 5 -2 
-5 21 14 -11 29 -18 6 37 -3 -2 33 -11 18 -7 30 1 
30 17 -15 9 35 -57 29 27 -1 -11 -13 -6 9 26 -1 51 
44 -10 5 3 -19 37 17 -9 -24 21 3 -60 26 17 16 -4 
20 -17 11 63 19 2 -12 -8 21 -20 -36 -35 -43 18 7 -44 
52 -7 20 -22 15 43 -46 36 -61 6 17 43 -24 10 -25 27 
6 -10 5 7 -7 -11 26 11 -12 -40 -5 72 49 15 30 15 
-47 -25 11 9 11 -10 11 20 17 -36 -3 10 -43 -2 27 6 
-57 5 0 12 4 41 -9 39 20 -2 3 21 -11 14 20 -20 
-30 -3 0 -6 38 46 36 -27 -18 -2 15 -9 7 6 -31 0 
-47 -36 17 30 20 -13 -13 -11 26 -34 29 -5 11 -35 2 20 
7 -54 6 -22 27 13 -23 10 2 3 -16 2 -30 -2 12 -19 
0 32 15 -6 -4 -57 -30 4 -17 -29 -1 20 -32 1 -17 -17 
-9 27 -16 -24 3 6 -28 -21 -9 6 16 -35 -9 4 -15 -22 
43 7 2 34 -82 49 -13 28 -48 7 -3 52 -47 -9 -21 -59 
-25 49 17 7 4 27 -3 -30 27 -13 -24 -44 -11 -5 5 -50 
2 15 -21 53 -14 36 -6 7 39 -20 1 33 3 -10 36 -41 
37 2 -10 -20 0 -34 37 -68 63 3 -3 0 0 19 19 -30 
-46 9 -28 32 3 -16 1 17 26 3 20 -22 16 46 31 -18 
5 2 -10 -7 4 -7 22 -10 -5 36 38 -51 12 -24 -2 12 
-1 0 1 14 -24 30 -24 -10 15 12 14 -17 29 49 17 13 
-8 3 1 1 -4 4 12 8 -21 7 17 -2 -7 19 14 21 
-8 0 9 -29 9 -25 -5 23 4 -17 -24 -10 -6 -11 1 -3 
-17 -18 3 -21 16 -41 3 -27 -38 20 7 -28 19 13 11 -9 
-4 -22 -15 -33 17 -25 5 -21 12 -11 -11 -17 17 -21 -24 15 
12 -16 -3 -12 5 4 -13 -21 -21 3 -24 -28 -9 8 35 7 
2 29 -2 45 6 21 -13 -34 -47 6 36 -2 33 -35 -35 -17 
4 -60 3 23 17 -30 35 11 32 -9 -8 23 -11 13 30 -35 
-30 26 -33 3 16 -22 -19 -70 -41 4 -5 -23 16 -20 -17 -9 
57 60 -77 56 -19 -21 -1 -42 17 12 -41 11 24 -26 9 12 
-21 -24 4 4 35 63 -10 -10 23 19 27 26 -7 -19 31 30 
34 -10 -28 72 -56 15 19 6 39 49 23 22 62 21 -1 -28 
39 -29 -43 16 -31 -8 25 47 42 9 -17 -6 10 -30 32 -9 
48 46 -49 57 57 7 7 -49 23 -20 6 6 15 -13 7 -4 
60 12 -11 68 -5 -25 -9 -8 5 0 -1 -4 -63 -33 -29 -15 
62 16 -77 -5 14 -76 17 -27 -15 23 -27 25 -82 -41 13 -8 
-61 26 -25 64 5 18 5 1 -29 -5 39 -18 3 13 38 -36 
7 53 2 -14 7 64 38 51 92 -6 19 8 -49 20 -24 -7 
11 -14 -11 19 -1 2 -18 8 16 12 2 -3 1 11 -8 -7 
-5 -12 -8 5 5 14 8 -3 -8 8 3 7 -6 8 -15 14 
4 3 -8 8 13 -10 13 -10 2 11 12 10 9 -8 -3 -14 
1 14 -18 -10 -4 0 -21 -3 -6 8 9 -7 -18 7 3 -17 
26 18 -11 1 10 -27 14 15 18 2 -3 3 3 -7 13 -1 
2 4 7 -7 10 -1 0 -10 -7 18 0 3 3 1 5 0 
12 38 6 19 18 29 49 -10 -36 12 -12 -9 -5 -29 -19 23 
-41 -46 -5 -4 -18 24 41 10 -21 17 -28 -20 56 -6 43 -18 
-32 3 -41 31 -12 13 13 9 42 -30 18 -27 48 17 -15 8 
19 -25 -10 -31 61 37 41 -12 4 24 33 60 6 2 -16 42 
-10 34 -12 17 7 13 12 -29 3 -4 -18 37 23 4 30 -7 
-5 -4 -2 34 -51 -7 -29 12 -15 -43 -36 -12 -20 46 -14 -16 
-33 -50 -21 -30 -21 -17 16 -39 40 -5 44 -24 -19 50 -46 59 
12 -36 -15 60 53 -19 -21 -10 -55 -6 17 17 24 9 -4 36 
-12 21 -3 -36 -31 -88 62 -34 11 -33 -10 -8 -19 21 46 66 
30 -5 26 57 64 -16 -36 22 -27 22 -52 8 54 -39 -20 14 
11 30 22 -33 -60 -71 -6 28 -30 -29 18 -9 8 -7 15 40 
39 -4 5 0 -33 -17 -12 -14 -33 -55 8 3 29 12 26 43 
31 -17 4 -44 5 28 45 -33 -46 -4 -43 51 0 -39 -15 -31 
10 -2 -12 -10 3 18 1 3 22 -11 3 19 -10 19 21 -5 
22 4 -44 -17 -27 7 -55 -5 22 -19 29 -18 8 8 -13 -16 
-15 11 -6 -4 -36 -4 19 13 26 -12 -4 -19 36 1 7 1 
-49 -25 -6 -34 31 25 9 9 -7 39 6 23 -7 -19 -20 -17 
22 -21 26 -28 0 29 -22 -32 34 -26 -21 -4 -9 -46 6 -14 
12 3 33 13 -20 22 21 -1 3 -20 10 11 10 41 -3 4 
9 -18 -2 -21 -19 19 32 4 14 -23 15 -29 -7 1 60 -26 
-10 2 -10 -41 19 40 28 16 21 12 3 -17 18 9 -13 1 
22 -7 21 -6 15 -9 7 -24 -25 18 16 -12 40 15 -2 -8 
-8 12 -23 -2 10 20 -39 -8 10 -12 -50 6 1 -15 -9 -5 
-1 -18 -3 -1 -18 -10 -25 -19 -27 21 -42 -32 -2 -7 -12 -1 
-12 62 9 -8 14 14 -6 3 -56 -13 -16 3 -23 -57 -12 -7 
-32 -23 13 7 15 -4 12 -26 26 -2 -21 -22 -23 19 34 -8 
-25 -32 13 -7 11 -6 -36 -20 7 -24 20 -18 10 -31 -7 5 
47 13 -9 19 -39 2 -3 2 11 16 -5 -16 27 8 17 -26 
6 -15 7 12 -7 44 -12 -10 -10 11 16 -22 5 -24 -11 -49 
46 3 21 3 -29 1 25 -4 -30 29 18 -21 19 7 -12 -18 
14 -20 34 -6 -28 -48 15 -21 27 -37 -6 -5 -16 -12 -44 21 
9 -8 -1 -3 55 24 -47 0 54 18 -66 26 25 9 -45 -82 
67 23 31 -4 -20 -9 -8 -1 5 -11 11 12 -14 10 13 -6 
-32 21 -18 26 13 -2 7 -12 -10 8 -29 -15 28 23 -4 -27 
10 -21 16 0 -7 3 -3 13 -18 -10 23 -21 -13 -22 -13 20 
26 -39 -15 9 16 41 31 9 20 45 24 6 -21 -1 19 -26 
28 18 -14 -23 -34 15 85 9 -69 -38 -37 -6 -13 -42 -2 -4 
27 -37 9 17 -5 21 24 -35 10 -23 -16 -56 2 -25 54 9 
-3 -7 18 -3 41 62 -24 -59 15 -6 13 -10 5 -20 -17 18 
44 41 -39 -4 -8 3 7 2 -22 13 12 -11 26 8 29 29 
-29 -11 -19 -7 40 32 -15 0 26 -55 33 11 10 -9 -9 -65 
-22 -12 5 30 -30 -12 10 0 -5 8 10 -16 4 -26 -43 -51 
23 16 10 1 26 30 -4 -38 -6 -24 -5 29 -37 4 21 -1 
16 -22 2 12 11 3 15 -23 3 -30 5 18 -31 7 37 8 
-22 -35 6 21 27 16 26 12 -5 -9 38 -4 7 10 -8 2 
6 -2 35 13 -4 11 6 36 12 -27 5 -7 -5 3 -20 33 
0 19 4 -14 -28 9 -13 -10 -29 -13 9 -31 11 -18 11 12 
30 27 15 16 7 -24 -7 -8 -33 14 -21 -17 -11 -12 -12 -29 
5 14 -24 1 -27 26 18 4 40 13 3 -27 32 24 -6 -6 
-15 -39 -30 -10 35 8 52 -27 -25 -17 20 21 -1 -2 -4 -31 
-33 -25 12 -7 40 -4 19 -6 6 27 37 -5 -6 6 -12 17 
9 1 4 -6 -11 10 -33 25 23 16 26 -4 21 13 21 25 
37 34 17 -20 3 8 19 18 22 -4 -21 2 18 -45 32 13 
-18 -19 -7 -6 -8 8 -80 -21 -5 15 -15 -3 5 -3 -46 -32 
-27 -9 -32 -7 -50 10 7 -7 37 1 -20 25 7 18 -31 -9 
-9 -32 -66 13 -12 -59 21 23 7 -50 -40 56 -46 -23 4 -10 
37 26 31 3 7 -3 2 -37 -7 -22 13 -12 -20 -1 -11 8 
0 19 -23 14 -26 15 57 -22 -4 -34 -35 8 -18 -21 0 20 
11 -29 -34 28 -3 44 24 -45 -18 11 -3 -3 -19 -13 29 -18 
25 24 -4 73 15 -17 1 26 8 -12 14 -17 -7 -23 7 -33 
5 -12 -6 1 -3 2 9 11 12 10 4 -8 1 6 4 5 
8 -5 -10 5 3 6 -3 -8 7 -4 -5 10 -9 -8 -3 -14 
-7 -9 -19 -4 -4 17 5 -12 11 1 -4 2 -7 3 4 -7 
-3 -3 -6 -9 8 -13 6 -3 1 2 -9 -2 -8 3 -11 -8 
3 12 4 -5 3 -2 -8 4 4 0 -5 8 -3 17 11 19 
3 4 5 -9 3 2 -4 -4 10 -7 1 6 -2 -7 2 5 
0 0 0 0 0 0 0 0 0 0 0 0 0 0 0 0 
0 0 0 0 0 0 0 0 0 0 0 0 0 0 0 0 
0 0 0 0 0 0 0 0 0 0 0 0 0 0 0 0 
0 0 0 0 0 0 0 0 0 0 0 0 0 0 0 0 
0 0 0 0 0 0 0 0 0 0 0 0 0 0 0 0 
0 0 0 0 0 0 0 0 0 0 0 0 0 0 0 0 
0 0 0 0 0 0 0 0 0 0 0 0 0 0 0 0 
0 0 0 0 0 0 0 0 0 0 0 0 0 0 0 0 
0 0 0 0 0 0 0 0 0 0 0 0 0 0 0 0 
0 0 0 0 0 0 0 0 0 0 0 0 0 0 0 0 
0 0 0 0 0 0 0 0 0 0 0 0 0 0 0 0 
0 0 0 0 0 0 0 0 0 0 0 0 0 0 0 0 
0 -1 3 -1 4 -5 -4 0 -2 -1 -4 1 0 -6 0 0 
-4 -3 0 0 -1 1 1 2 1 0 0 0 1 0 -1 -1 
0 -1 1 -5 -1 0 -1 1 -2 0 1 5 2 2 1 -1 
-2 1 -3 1 -3 0 -2 0 4 -3 2 -3 1 -1 2 3 
3 -1 2 1 1 5 -2 -1 0 2 -3 1 -2 -2 -1 0 
-1 -1 -1 1 1 0 0 0 -3 2 -1 -1 1 -2 1 -3 
-6 5 -1 1 0 -3 -2 3 3 0 0 0 -3 1 -8 -5 
-5 -2 1 -11 1 -7 -11 -7 -4 0 -5 4 1 -3 -2 5 
0 8 -2 -4 4 -5 -8 -11 -7 6 11 4 3 -9 -8 -2 
1 0 -5 1 -4 -3 -3 -3 2 -4 -1 -5 8 -1 9 1 
0 -11 0 -1 0 7 7 9 2 -2 7 -3 -7 0 1 1 
-8 1 0 -1 1 -3 -2 2 -9 8 5 2 7 -8 1 1 
0 0 0 0 0 0 0 0 0 0 0 0 0 0 0 0 
0 0 0 0 0 0 0 0 0 0 0 0 0 0 0 0 
0 0 0 0 0 0 0 0 0 0 0 0 0 0 0 0 
0 0 0 0 0 0 0 0 0 0 0 0 0 0 0 0 
0 0 0 0 0 0 0 0 0 0 0 0 0 0 0 0 
0 0 0 0 0 0 0 0 0 0 0 0 0 0 0 0 
0 0 0 0 0 0 0 0 0 0 0 0 0 0 0 0 
0 0 0 0 0 0 0 0 0 0 0 0 0 0 0 0 
0 0 0 0 0 0 0 0 0 0 0 0 0 0 0 0 
0 0 0 0 0 0 0 0 0 0 0 0 0 0 0 0 
0 0 0 0 0 0 0 0 0 0 0 0 0 0 0 0 
0 0 0 0 0 0 0 0 0 0 0 0 0 0 0 0 
-1 21 -6 11 -3 6 -3 -19 11 -7 10 3 -15 10 4 -10 
7 6 11 -8 14 6 -11 -11 7 2 -8 4 -2 -3 5 10 
4 -6 -1 18 -10 -2 14 0 10 25 12 -5 -1 -10 13 -13 
24 0 2 6 -6 -15 7 -6 2 7 -20 -15 -13 9 0 -26 
-19 -20 -5 2 -15 -24 11 21 14 -2 -1 -18 -16 -1 5 1 
4 -7 -12 -16 21 9 -8 4 -19 0 2 5 4 -1 -8 9 
6 -15 9 -3 8 -2 8 12 0 -17 -3 -13 12 7 3 10 
-15 1 3 10 0 5 -1 21 2 3 -15 4 -5 -5 5 3 
1 2 9 5 -2 15 4 9 11 8 1 -17 -1 18 -4 7 
-8 3 18 2 1 6 0 -1 -2 10 3 11 1 -4 -2 -5 
5 2 -8 15 -3 -4 0 -6 -3 -13 -16 4 -14 -5 -10 -3 
7 -13 -3 -13 13 3 3 7 -4 5 -8 1 3 -1 4 7 
-31 -10 -10 0 -34 -1 -12 1 6 30 15 -2 6 37 -25 -12 
-32 -15 -4 8 6 16 -37 4 -21 -15 -16 25 2 -4 -17 21 
-22 -15 6 6 -12 -7 3 23 25 -18 -10 17 3 -4 23 -22 
15 -26 24 6 24 -35 26 -19 -30 16 -5 -11 -3 -4 12 -9 
5 -16 22 -6 -13 1 18 -10 22 -17 16 -3 28 14 -16 -9 
20 20 20 13 20 -2 -10 -12 -3 -27 7 17 -19 28 19 29 
-21 -4 13 -18 37 -21 -13 74 4 28 29 -25 10 20 -13 -10 
21 -24 22 -11 10 4 3 14 58 -20 -14 3 -21 39 -34 -32 
-18 -5 38 17 13 2 -6 -14 22 -43 -9 32 -16 27 33 -10 
29 8 -12 16 27 17 -15 1 2 27 -48 -34 -9 -1 10 -9 
-16 11 13 29 -5 23 22 4 -37 -21 -19 62 -49 -9 6 1 
47 -38 5 -13 10 14 -25 -21 -32 -17 1 -22 -13 -7 56 9 
-12 15 20 43 4 31 -5 -33 -2 -9 16 3 5 9 6 -10 
-9 5 18 -19 -15 -20 -25 -33 -15 -3 3 -17 14 -3 -8 15 
-6 -2 1 40 -2 -10 5 -2 8 30 17 -11 2 7 1 11 
23 1 -11 8 13 -14 -22 10 5 22 6 4 -9 1 23 -16 
-12 -16 -21 -6 -5 -16 -2 8 11 -14 22 -38 -25 1 -17 7 
-13 20 18 -14 19 19 19 3 -18 22 19 -6 46 -1 -30 22 
0 0 0 0 0 0 0 0 0 0 0 0 0 0 0 0 
0 0 0 0 0 0 0 0 0 0 0 0 0 0 0 0 
0 0 0 0 0 0 0 0 0 0 0 0 0 0 0 0 
0 0 0 0 0 0 0 0 0 0 0 0 0 0 0 0 
0 0 0 0 0 0 0 0 0 0 0 0 0 0 0 0 
0 0 0 0 0 0 0 0 0 0 0 0 0 0 0 0 
49 -15 0 -20 44 1 11 7 -27 -13 -5 12 8 -12 -12 -10 
-9 -8 35 1 10 5 0 4 -5 -7 5 -35 9 10 15 -9 
-7 -7 -4 -6 18 16 7 -1 1 4 -5 44 19 -3 7 -8 
-10 32 -8 17 -28 5 -5 -1 7 4 18 -16 10 6 -9 0 
-1 -9 0 3 19 14 -8 27 -12 7 -3 -9 6 4 -14 -21 
24 -10 -14 -9 10 -10 13 -16 0 6 3 19 2 -17 -24 3 
-8 24 9 -27 16 11 -6 -15 -15 4 -4 2 -8 4 -29 -9 
-3 -18 18 -2 2 -10 22 -4 -31 8 13 -4 -19 -15 -7 -20 
-2 -27 -17 -5 35 4 1 -2 -1 -21 20 16 -12 -16 1 -12 
28 -12 -22 -7 4 -24 19 22 -14 -14 -13 -10 13 18 -16 25 
-20 -4 -12 1 -38 5 16 4 22 -15 -1 -37 6 -17 -11 12 
6 -5 -24 0 6 -2 -14 6 -14 -9 -17 -8 -23 32 14 -35 
-2 1 -3 0 6 6 -11 1 -1 0 -3 4 5 8 3 3 
-1 16 10 -3 -6 1 7 6 -4 -1 5 1 -9 -1 -7 1 
-4 1 8 -3 2 -4 -11 -6 -2 -8 -1 -6 1 -7 -8 1 
0 -4 0 -9 -1 4 -2 -6 -5 4 7 9 1 6 -2 -1 
6 -5 -12 0 -4 -13 -1 -5 8 2 0 -5 8 -7 -11 -11 
3 4 -1 5 1 -5 -3 -6 -1 7 -3 0 -2 2 16 -1 
-11 -39 -12 -8 -9 18 -11 -20 30 -8 19 10 10 14 -19 -22 
-9 26 -8 39 -3 -13 -10 16 8 -11 -18 13 -1 -20 -12 -17 
3 20 -32 -7 6 -31 32 24 21 36 23 21 -6 -3 -12 3 
-3 -11 1 3 5 -12 27 16 4 -1 -8 -13 -8 -11 -6 0 
26 -18 5 31 2 3 0 16 -6 -14 30 -9 -15 -13 -8 37 
10 12 0 -6 7 12 19 26 27 18 45 10 15 10 -23 17 
20 -52 -7 -19 33 -20 -12 -1 -48 5 28 -1 2 21 12 -22 
3 -6 1 -21 -17 3 -29 10 -9 -26 -1 -1 -14 -1 8 16 
19 14 29 2 -38 19 -23 3 22 -2 3 -3 7 19 14 15 
0 6 -26 25 -6 17 8 -1 25 1 22 -1 30 5 -12 -7 
17 18 -1 11 -4 -4 -11 -6 0 14 -5 17 3 -11 -33 -12 
37 -17 -4 -29 25 13 21 -4 -10 -9 -2 25 -15 1 3 -20 
0 0 0 0 0 0 0 0 0 0 0 0 0 0 0 0 
0 0 0 0 0 0 0 0 0 0 0 0 0 0 0 0 
0 0 0 0 0 0 0 0 0 0 0 0 0 0 0 0 
0 0 0 0 0 0 0 0 0 0 0 0 0 0 0 0 
0 0 0 0 0 0 0 0 0 0 0 0 0 0 0 0 
0 0 0 0 0 0 0 0 0 0 0 0 0 0 0 0 
0 0 0 0 0 0 0 0 0 0 0 0 0 0 0 0 
0 0 0 0 0 0 0 0 0 0 0 0 0 0 0 0 
0 0 0 0 0 0 0 0 0 0 0 0 0 0 0 0 
0 0 0 -1 0 0 0 0 0 0 0 0 0 0 0 0 
0 0 0 0 0 0 0 0 1 0 0 0 0 0 0 0 
0 0 0 0 0 0 0 0 0 0 0 0 0 0 0 0 
10 3 3 -18 12 16 11 -39 -6 -7 34 23 -39 -23 16 -19 
30 -1 -44 33 12 11 26 -30 49 -15 6 17 -2 -23 8 -41 
8 14 14 17 -37 30 18 -6 -9 6 28 -17 -6 -9 0 27 
39 -6 -19 26 4 -19 12 29 5 -25 3 7 5 -5 -15 8 
0 35 9 -6 -36 16 -14 -2 -19 21 -1 -2 -22 21 21 15 
-4 23 37 -24 -7 0 11 3 10 -4 9 -13 17 -9 -13 -12 
23 -3 20 -11 12 0 6 -11 -4 -19 -26 18 -1 2 14 -22 
-30 -1 -26 -10 -18 21 -13 -3 7 -13 -19 8 -5 0 -17 5 
-36 -5 7 -28 28 -4 -24 -50 17 -2 45 28 -3 -7 -9 -7 
4 9 -7 -37 -2 -11 32 5 15 -25 -13 -25 12 3 7 -8 
43 -3 0 2 21 30 25 -14 40 12 -41 -31 -13 -5 -15 25 
-16 -1 17 -25 42 4 -1 -16 -20 -7 9 3 28 4 8 8 
-6 17 9 14 5 -24 -19 34 51 5 40 -37 -7 6 -53 -24 
11 -36 12 -11 5 5 59 -29 -27 -29 27 17 -32 -41 25 14 
9 -5 -23 5 40 49 -3 -8 -14 -25 11 20 -28 -17 3 -44 
21 -5 -7 -5 -40 -53 -15 3 12 3 -7 -34 -43 4 58 -5 
-26 42 14 -16 -3 -27 -54 21 3 -28 27 -11 -54 -22 -20 37 
32 -18 -2 -21 12 -15 -55 -44 -6 -7 -2 41 1 32 -18 -1 
3 3 1 -7 -4 -9 -20 -7 5 17 -6 21 5 -4 -1 -13 
6 5 7 -21 -8 -5 10 10 9 -4 8 3 -9 -18 4 7 
7 8 18 -3 8 3 4 2 -20 -20 -4 9 1 -8 4 18 
-8 -6 10 -5 -3 1 -9 -6 13 -7 1 7 1 -9 -18 1 
15 -1 -15 -11 -12 0 -12 -10 -1 20 -5 -14 9 4 -4 17 
11 9 -24 8 -13 -27 1 -7 -10 6 7 -6 -17 -4 10 -11 
-1 6 2 2 2 1 -3 1 1 8 3 5 9 2 1 2 
3 4 2 -9 -5 -3 1 -2 0 1 4 8 -6 0 5 2 
1 2 3 -2 -2 -7 -11 -7 -5 -2 3 -8 1 -1 -9 2 
1 -3 -6 -1 5 3 -7 -5 -8 6 7 5 5 5 3 -1 
1 -4 -5 -1 -1 -3 5 -2 6 1 3 1 4 -5 -3 -5 
-3 3 3 5 -2 -4 2 -3 1 0 -1 -9 2 1 8 -2 
-15 -8 -4 -8 -25 -5 -6 -2 24 23 5 -28 11 25 -24 28 
10 -27 -26 36 23 13 10 22 -34 -18 -2 40 -28 -14 -30 25 
10 -20 5 -17 -8 -33 -1 -27 -16 -8 6 -2 -46 -37 14 29 
-7 -23 5 -18 8 -19 22 9 -24 7 -8 10 0 -21 -8 -9 
6 -10 35 3 8 14 -15 -54 -3 24 27 -6 35 16 -10 20 
2 4 15 -9 -4 -21 30 7 8 -3 3 -20 -51 22 0 -23 
-7 -1 10 -17 2 -14 6 -4 6 -2 -11 -6 5 -17 4 -2 
-2 -10 -1 -17 -9 3 4 14 -6 10 0 -3 5 2 -1 -1 
1 -3 2 -29 -7 30 4 7 -2 13 0 -2 8 16 -7 12 
-27 -8 15 6 -12 7 -9 10 -11 0 21 -13 7 5 -9 11 
13 0 14 -10 12 9 -19 -11 -7 4 -8 17 2 2 2 15 
0 -9 -10 9 1 1 9 7 -7 -12 -8 6 -7 -2 -10 -2 
0 0 0 0 0 0 0 0 0 0 0 0 0 0 0 0 
0 0 0 0 0 0 0 0 0 0 0 0 0 0 0 0 
0 0 0 0 0 0 0 0 0 0 0 0 0 0 0 0 
0 0 0 0 0 0 0 0 0 0 0 0 0 0 0 0 
0 0 0 0 0 0 0 0 0 0 0 0 0 0 0 0 
0 0 0 0 0 0 0 0 0 0 0 0 0 0 0 0 
5 4 6 5 -1 -1 -6 -5 1 1 0 4 0 4 -1 0 
1 6 2 -4 -6 -5 -4 -2 0 0 -3 0 -3 -7 6 4 
1 -1 4 -1 4 1 -2 -2 -2 -3 5 1 1 -1 -4 2 
-4 -5 0 -1 0 -1 -8 1 -3 2 5 2 1 2 2 2 
-2 -1 -3 -3 -1 -5 -1 -4 3 2 0 -6 -4 -4 -1 1 
-6 7 -4 5 -2 -4 -2 -2 -3 9 -5 0 6 1 6 2 
3 -11 -19 -21 -20 -15 16 -8 -16 -27 -22 10 -1 -24 25 5 
-41 5 2 9 -5 12 9 -4 26 6 13 -17 10 -8 13 -11 
-23 -18 -11 7 -6 44 7 25 6 -9 18 19 -12 -3 9 3 
0 -27 28 -5 -19 -18 11 10 14 2 -1 1 -37 -11 -9 20 
11 42 7 29 26 22 -24 -11 -6 -7 3 -33 11 26 16 -29 
5 14 -12 -1 -12 -17 0 1 37 -23 13 0 11 -38 1 -10 
8 -17 21 5 47 -49 14 19 15 11 11 4 -9 5 33 -7 
-15 -23 -23 -3 -7 25 1 -3 -10 -32 -5 7 -8 16 11 3 
-22 -21 3 -3 -10 15 -10 9 18 4 22 25 -4 24 -6 -27 
10 -28 11 -14 -47 -16 -17 15 29 -1 42 -14 1 33 -19 18 
7 8 -17 4 -27 8 -4 -24 -19 14 -50 -13 -8 -3 -7 3 
31 -13 36 -17 36 6 4 -59 -30 8 -41 -8 27 -27 17 -1 
-2 -1 -5 -1 -2 1 3 1 6 0 3 -2 -4 5 0 7 
1 -1 -4 1 1 3 -1 -6 0 -2 -2 6 -4 -3 1 -4 
0 2 -5 3 0 7 5 -3 3 0 -3 -1 -6 1 1 -4 
-3 2 0 -1 -1 -5 5 0 -4 1 -3 -4 0 0 -3 -1 
0 2 -1 -1 2 2 -2 2 -2 -1 -3 5 -3 5 6 7 
4 2 4 -4 3 4 2 -2 7 -2 2 1 -2 0 -3 2 
15 11 22 26 13 14 -3 -19 -21 -5 18 11 -13 -13 20 2 
-1 10 9 -3 -8 -8 -14 -13 -17 -17 4 -9 -14 13 21 -6 
-13 -14 -17 -12 -5 11 -20 -1 -15 -4 4 17 4 -2 -3 14 
-10 -3 2 -16 -2 -9 4 2 12 -7 25 -13 5 -6 -23 -15 
-18 3 2 22 3 15 37 6 0 26 16 12 5 -10 -12 5 
-10 1 20 -22 6 6 24 -25 8 -2 8 20 19 8 17 12 
8 5 3 4 26 -30 34 2 -16 -11 -6 14 -29 -36 25 10 
-32 -10 -16 8 -6 -16 -10 -20 8 -7 -37 -32 7 8 44 12 
-16 -12 -6 -19 -3 13 -19 -12 -4 25 16 -20 16 36 -28 15 
23 8 -14 12 -6 12 1 9 22 -13 30 16 34 10 -1 14 
2 2 28 4 1 41 7 -7 13 13 -50 -15 -5 -9 26 -23 
6 -28 4 -24 -27 -4 9 -7 4 -11 -39 -48 23 -33 -10 -13 
12 11 27 13 -16 52 24 -2 -14 3 -15 -6 -14 -1 18 -11 
-12 16 9 -5 -16 -22 0 -29 1 -22 -10 5 -18 -16 3 -33 
-43 -8 2 -1 15 3 -8 -13 20 36 17 6 -15 2 -12 6 
10 -4 6 9 1 -16 4 10 17 -23 -28 -22 12 12 -15 -20 
12 43 -3 -14 10 21 10 -26 8 -1 9 -15 -21 2 3 8 
-1 10 41 -5 6 -2 14 -1 14 30 10 -27 24 12 -13 6 
6 20 16 33 -11 -16 -11 -5 22 -37 9 22 5 11 2 -3 
4 11 7 -12 14 26 4 -17 1 8 -23 -13 15 10 4 0 
-7 14 25 -21 6 -5 -3 -5 -1 5 11 1 -15 -17 5 3 
3 17 3 7 -14 6 -2 15 3 4 -2 8 -28 13 5 0 
8 -4 -1 -3 11 6 -14 -25 0 5 0 -34 -29 0 -7 -3 
-59 -1 -3 7 -8 -3 25 7 -8 16 20 -2 1 -6 -3 -20 
