51 196 -135 65 -84 114 81 -258 -106 -107 24 77 -54 114 41 -262 
-29 48 -22 22 6 -87 -71 8 -25 -62 -1 -43 30 -64 101 -49 
137 -76 55 -16 -59 34 16 14 158 17 -52 31 30 62 -2 -26 
-44 -10 27 41 -38 49 68 -107 18 -47 -24 -98 33 113 -71 42 
88 80 76 -30 -23 -36 37 54 116 -25 40 -103 1 24 55 -45 
-24 111 196 80 74 -35 70 -123 -53 10 -120 5 -120 62 -8 71 
-32 29 -128 32 -76 31 99 -78 -48 36 -64 78 53 -1 110 24 
4 35 120 -10 -86 25 -161 2 0 0 0 0 0 0 0 0 
1 -16 55 -36 -56 42 -36 25 -35 -92 -4 44 64 35 -69 53 
2 49 1 77 -63 70 -23 -44 0 0 0 0 0 0 0 0 
-1 -91 51 44 -22 -22 -1 14 -62 -79 -12 26 -20 10 -5 35 
-29 19 2 30 22 -6 -53 -112 0 0 0 0 0 0 0 0 
-46 -12 72 -45 36 2 24 54 0 -86 25 -8 27 1 47 24 
-65 87 19 -12 15 -104 29 19 0 0 0 0 0 0 0 0 
30 -33 -17 10 -73 30 2 -7 -42 39 40 65 6 33 -1 17 
3 12 46 -32 -72 -11 15 9 0 0 0 0 0 0 0 0 
24 66 15 12 -62 45 -15 -17 -17 30 -41 -49 1 -11 -70 87 
63 -14 -19 80 -23 105 5 -30 0 0 0 0 0 0 0 0 
5 45 8 -65 18 109 117 -150 -29 85 -96 -20 -55 74 -55 47 
27 32 -9 -33 27 67 35 35 0 0 0 0 0 0 0 0 
9 -26 -37 86 27 -6 78 -78 -6 106 -52 1 -62 5 -78 24 
-35 -2 -16 77 13 -24 -13 -4 0 0 0 0 0 0 0 0 
-40 162 80 6 -5 121 163 46 102 32 11 199 -37 31 -61 47 
113 -22 -43 -16 56 67 -46 1 0 0 0 0 0 0 0 0 
97 -64 -26 -53 -75 -126 50 10 17 43 -39 -32 -51 47 -97 -34 
-79 3 76 25 90 67 2 -34 0 0 0 0 0 0 0 0 
-27 -43 23 -38 -34 -29 -11 -90 -28 121 -84 36 -64 103 54 40 
29 -96 -38 36 -95 -54 -12 98 0 0 0 0 0 0 0 0 
-33 14 -5 90 92 -99 -98 5 66 50 -68 84 18 28 41 -34 
-30 -42 -85 -61 120 -219 73 9 0 0 0 0 0 0 0 0 
-26 -97 -44 92 1 -16 34 10 0 7 0 -9 -10 -1 -1 -32 
-61 -50 64 -58 14 0 68 -74 -101 76 95 5 4 139 37 54 
32 -24 37 -6 0 -11 50 90 0 0 0 0 0 0 0 0 
17 50 -88 4 -54 -20 -32 -1 -80 101 33 -39 115 -19 26 66 
78 -54 18 35 55 -10 30 -12 -6 122 47 -29 -66 -119 26 -63 
-9 -24 57 23 -29 -55 -6 -8 0 0 0 0 0 0 0 0 
111 54 -93 -53 37 10 -40 -46 94 -9 -88 -53 -20 46 0 -135 
-11 23 64 34 0 -83 -1 46 -69 -67 -1 21 -4 -51 -23 35 
-25 67 -40 63 -4 5 42 125 0 0 0 0 0 0 0 0 
32 30 -125 -3 56 -51 -39 -34 -22 -78 -31 89 78 -34 -92 -16 
20 0 90 -105 135 -11 -12 75 77 54 55 -35 32 31 3 47 
-111 -23 -65 27 -14 -19 63 -44 0 0 0 0 0 0 0 0 
54 0 -29 -24 -57 -25 -5 23 19 -71 13 20 66 54 26 -48 
7 -22 -29 50 -109 85 55 11 -53 -81 56 16 -12 37 18 119 
48 -26 -71 -52 9 -15 47 32 0 0 0 0 0 0 0 0 
42 76 -50 -114 16 -24 19 -56 -74 -41 0 -13 -15 70 127 9 
-17 18 -20 -34 61 72 24 36 63 15 88 -54 52 -31 48 -104 
10 10 -44 -17 -103 -10 26 18 0 0 0 0 0 0 0 0 
-30 -138 -71 81 0 125 -6 89 -24 -29 12 -72 -39 -88 36 12 
84 59 -15 -7 37 20 70 7 16 57 70 -16 -54 46 -70 26 
53 3 94 82 56 25 20 72 0 0 0 0 0 0 0 0 
-18 -30 42 -11 9 118 -37 71 -51 75 -67 -99 63 -21 47 2 
-14 -48 -23 -26 64 -10 3 63 -17 59 59 24 -55 20 -32 26 
27 16 1 -39 -101 63 -33 -36 0 0 0 0 0 0 0 0 
-16 -83 71 70 36 1 -122 -40 41 -23 7 -58 102 32 -21 -97 
-46 85 -40 -44 -69 -39 180 -75 39 -49 7 97 -12 -53 -77 -52 
14 -109 63 132 -25 7 65 -15 0 0 0 0 0 0 0 0 
-42 41 -8 0 -46 -99 -9 41 -28 16 44 53 -52 118 -40 62 
4 -23 23 -163 21 -48 -185 122 -3 77 -51 21 -15 15 27 -74 
-1 59 -9 -160 26 -28 128 134 0 0 0 0 0 0 0 0 
-64 4 62 17 -17 -59 -11 -107 101 -54 -61 94 95 4 -18 -3 
-12 108 0 69 -36 41 25 24 87 24 -120 0 -51 -30 85 158 
-72 72 -52 -8 131 62 -42 55 0 0 0 0 0 0 0 0 
134 -79 21 -3 -74 -57 19 -75 91 -7 -100 43 42 -40 1 33 
-64 -50 -15 41 -97 51 -10 5 18 22 56 2 70 -43 101 -33 
51 -10 -103 -26 -36 -9 8 51 0 0 0 0 0 0 0 0 
51 -32 74 6 72 -147 20 -85 104 -36 50 -36 77 -144 -73 -4 
3 -15 -43 18 -98 -58 95 32 14 24 13 -1 29 -66 -19 -7 
3 19 -4 -64 -57 -72 -41 -83 0 0 0 0 0 0 0 0 
-50 -54 -35 -76 -125 19 53 28 -82 11 -38 24 -26 32 66 30 
61 -121 -4 -14 -25 -85 -124 -48 -96 3 -27 -28 -163 -57 16 68 
62 14 77 6 -18 78 73 37 0 0 0 0 0 0 0 0 
-48 -5 -4 67 3 43 -42 -25 -68 -11 -51 62 45 25 24 -38 
-116 -34 -90 62 39 41 56 27 84 25 48 7 74 37 17 78 
-96 50 -39 -25 61 -66 44 -68 0 0 0 0 0 0 0 0 
71 20 22 -62 -53 -72 -49 12 -60 -33 56 -25 88 48 -90 -68 
-8 -23 -21 -19 -31 18 -3 -24 -24 -39 43 -9 -34 -75 27 21 
-22 -12 9 -18 -51 -30 8 34 0 0 0 0 0 0 0 0 
53 -16 53 11 29 -52 -3 -9 41 -1 97 24 -83 18 -36 18 
90 26 -39 7 39 13 -84 13 -22 -42 18 18 -29 15 40 -51 
2 72 17 -43 -15 -8 101 10 0 0 0 0 0 0 0 0 
52 -38 -62 4 66 30 -6 10 -43 -42 35 -35 0 28 -34 -44 
54 29 19 -5 64 -11 30 6 16 28 35 -19 71 -98 -3 17 
-34 -1 -28 102 18 -27 2 -43 0 0 0 0 0 0 0 0 
-61 9 -6 -43 26 -7 45 25 -59 55 -58 -10 60 -48 5 29 
-31 -37 14 -34 71 -22 29 57 -32 -55 -43 -44 43 -6 -8 13 
15 66 29 53 -84 28 14 -30 0 0 0 0 0 0 0 0 
72 31 -25 -29 -52 -48 89 -84 25 -89 -39 11 -66 25 42 -32 
-18 34 60 31 27 -34 -28 -29 2 18 5 11 13 15 -24 57 
-113 4 -17 -9 72 3 -50 -17 0 0 0 0 0 0 0 0 
18 13 -24 47 -26 15 37 25 33 -24 21 -11 16 46 -40 -32 
-45 -72 -92 2 -24 -56 25 -53 6 -32 -31 -48 -37 17 -32 -59 
38 27 29 -70 34 9 103 36 0 0 0 0 0 0 0 0 
-30 -35 41 5 23 -27 0 -54 34 106 -14 -46 23 -5 34 11 
-23 47 4 -26 -43 14 62 -38 -33 -77 -26 -36 -35 -34 42 -29 
55 7 -15 -15 -30 -97 34 165 0 0 0 0 0 0 0 0 
-33 -28 53 23 7 35 -20 14 11 15 8 1 84 47 -51 22 
9 49 21 11 -13 -30 -9 -25 -60 -18 -78 48 -27 -36 -60 26 
49 31 -15 93 49 8 2 113 0 0 0 0 0 0 0 0 
3 9 30 0 39 15 -2 22 -42 -95 -53 -5 23 -4 24 0 
6 -9 29 9 -12 -39 -50 27 -26 -18 55 -36 29 10 -20 36 
-37 -33 12 50 -57 42 -93 -68 0 0 0 0 0 0 0 0 
27 -18 -10 -33 33 47 -30 17 -8 -78 -88 -47 -17 25 49 -4 
-57 -2 39 -52 -23 33 6 -6 3 -38 -38 -30 69 -42 40 -1 
48 54 -53 27 -26 46 -64 55 0 0 0 0 0 0 0 0 
-23 -43 -28 -1 -20 -9 -19 11 -34 -7 -18 -17 16 -1 63 36 
-22 -6 26 -23 22 35 25 66 6 6 1 -12 63 27 32 -19 
-37 17 -18 -4 -10 -4 -5 1 0 0 0 0 0 0 0 0 
14 -21 17 54 -31 17 19 45 63 -41 -51 48 42 47 51 -21 
28 -4 -93 57 -31 25 3 3 -28 -15 -13 11 -13 -43 -73 33 
76 11 81 35 -26 -32 10 75 0 0 0 0 0 0 0 0 
-4 57 -37 70 -1 -57 -33 34 -14 46 -79 60 -1 -91 6 32 
-49 54 40 27 -76 94 -4 15 3 -27 -28 28 -25 44 35 -12 
45 -10 -33 61 -21 -18 -18 -40 0 0 0 0 0 0 0 0 
14 41 10 -29 44 37 39 15 56 -17 19 -6 -34 38 -28 -76 
37 -12 68 -21 5 -43 -17 -15 -67 23 41 10 -45 31 5 11 
-27 12 21 24 2 -20 72 55 0 0 0 0 0 0 0 0 
16 1 -53 -60 -75 28 -36 -33 -13 -7 -43 -49 -3 71 61 -19 
-25 35 64 -46 -42 -18 27 -14 86 -19 53 -78 53 5 13 48 
17 54 -25 -26 -9 -44 -8 -43 0 0 0 0 0 0 0 0 
-18 -73 52 -89 -26 45 -1 14 -30 -6 -40 51 19 66 84 51 
5 -41 -34 57 30 7 6 -13 -39 -50 -3 -45 -63 -73 -38 29 
40 43 19 55 2 -42 -53 12 0 0 0 0 0 0 0 0 
21 14 74 -82 -47 -2 -41 9 -9 -49 -41 -56 -52 -39 -50 8 
14 -26 42 71 18 -67 -10 48 -43 -11 -22 -25 -14 -18 -7 -3 
-34 -44 36 20 -45 -24 -10 -6 0 0 0 0 0 0 0 0 
-61 34 -31 -10 34 35 12 -7 -24 -61 -28 -64 21 -8 -23 -22 
15 42 -35 -54 38 -21 39 5 32 28 25 22 -19 74 -26 -45 
-72 -14 -48 37 -19 19 -24 18 0 0 0 0 0 0 0 0 
41 31 47 -22 -45 -28 4 50 50 -46 -20 -36 -6 20 21 29 
-20 -44 -71 -54 7 -11 14 -25 -18 8 38 49 -13 43 -5 -59 
-9 50 -69 -41 2 57 18 20 0 0 0 0 0 0 0 0 
-7 -20 4 32 -36 16 -7 -39 -12 -32 15 -44 -16 -13 2 54 
-2 25 -17 23 20 -16 -7 46 10 -32 48 -8 -48 -22 35 64 
32 80 5 60 -76 9 40 4 0 0 0 0 0 0 0 0 
-15 -53 11 -47 -45 -46 16 -1 25 -58 12 -13 52 -6 10 -40 
10 -46 -7 -47 16 31 58 -45 -38 17 1 27 -30 34 -47 21 
-57 3 73 -69 -52 35 -61 3 0 0 0 0 0 0 0 0 
-20 -19 13 -18 0 6 -73 12 8 -25 -25 32 -47 -20 48 18 
-40 20 35 52 -17 49 -14 9 37 -39 -89 2 0 -4 -18 7 
70 41 13 30 33 -45 43 29 0 0 0 0 0 0 0 0 
-22 47 -19 -48 -22 20 -13 -62 -46 6 -32 -34 -31 27 -8 -52 
44 -25 1 -7 39 -1 0 -129 -21 52 15 -61 17 28 17 -11 
-37 1 -59 -10 -3 -41 -63 23 0 0 0 0 0 0 0 0 
-77 59 -47 15 34 94 -43 56 63 -86 -7 -3 -52 73 -23 37 
-53 1 13 57 -56 -13 -63 -16 35 -22 45 -47 -20 -57 -2 9 
12 -7 -65 -21 27 -28 10 -24 0 -43 10 -34 83 1 2 -26 
-50 57 -38 -41 -4 -94 2 -1 4 5 81 -28 -65 103 62 69 
14 23 -84 26 -33 -38 68 45 63 -66 13 -52 -28 -50 -36 80 
3 -41 -30 -11 90 -71 1 -133 120 -16 -6 -80 121 75 -81 -9 
52 75 3 57 -15 40 -49 17 12 54 -52 -50 10 69 -74 44 
139 108 42 -1 -15 -15 -22 17 14 34 -15 79 -3 85 -2 75 
-155 56 65 132 -79 -46 -23 -70 28 -143 30 -25 43 -13 24 40 
-12 -92 52 30 15 36 -71 55 -19 -8 30 -82 15 98 24 -14 
-1 31 23 -89 22 -126 -91 7 64 15 -9 11 -34 79 -10 -6 
-17 27 2 24 -46 -38 102 -59 47 44 38 73 39 70 -1 -8 
8 10 -8 103 1 45 -61 -73 -50 -72 1 40 21 7 33 40 
-6 -61 -53 -35 26 -12 -1 -42 24 -104 -24 27 78 17 -32 -6 
-40 -22 -32 -14 5 40 43 20 -59 74 -44 49 1 -35 8 -42 
-45 -33 -32 63 -23 -32 -22 43 21 3 -23 -76 -42 -50 -2 -39 
44 -18 -21 14 -61 22 5 6 7 21 -9 10 60 -48 37 -42 
17 -55 51 -24 94 -38 -25 -44 107 -70 37 72 -12 -53 25 -24 
44 5 26 -14 12 75 62 0 18 91 -66 31 31 -4 -35 -32 
-37 14 -17 -15 17 42 -33 11 -71 -6 -15 -14 -11 -19 59 -48 
10 40 45 -28 -8 -47 -79 40 16 -27 -31 -33 -18 3 -2 -34 
65 6 9 26 1 62 -31 -9 40 -109 -40 47 -12 -52 -108 48 
-32 86 -134 52 65 -56 -81 42 53 85 10 -85 9 25 -93 -47 
39 84 37 14 -56 -56 -1 -49 10 -63 24 42 7 -62 59 97 
62 138 26 23 -5 -15 0 59 -72 -116 9 52 158 -44 19 -68 
18 29 41 100 67 34 44 4 82 18 -159 -28 54 -63 -26 44 
-47 -6 -88 -40 -18 145 121 -34 -70 -57 -84 78 83 -23 44 -67 
-30 -35 53 -29 61 -2 24 -28 -60 -4 -2 -15 -8 2 -5 19 
12 62 9 -20 55 16 22 45 3 31 -9 -26 -10 11 -10 -67 
35 -4 -5 92 -70 71 -23 -17 40 3 14 -43 -17 77 -32 -3 
8 62 63 106 76 12 -25 59 9 -37 75 -33 -42 29 68 -23 
31 -15 59 -29 -38 21 29 -40 -38 -8 -13 3 -4 -36 -29 -41 
27 29 -24 4 -25 16 -14 -60 -53 8 58 1 43 31 -1 63 
5 5 61 -70 4 -37 17 39 -52 -15 22 52 7 57 -6 -20 
37 3 -21 -34 56 13 11 -24 4 61 -50 35 -18 13 17 7 
-29 51 -47 6 -18 49 -5 38 -57 -44 -10 13 -1 42 41 -58 
77 1 47 -3 -6 40 18 -58 14 4 -52 38 1 -33 20 9 
-29 18 -6 0 40 10 -34 -10 27 -11 -40 0 -64 3 -5 37 
-13 -9 -10 -32 -2 -13 -44 11 -41 14 -2 20 7 -22 2 2 
-39 -11 -42 -50 25 6 -35 14 -57 -78 12 12 20 19 -32 -38 
6 -16 33 5 10 9 6 8 -9 -48 48 -38 -6 35 38 36 
-41 39 -13 0 -89 8 63 11 69 -26 -12 42 12 28 1 -13 
-34 54 -2 14 48 -22 -18 -41 3 7 -63 -59 41 12 -27 30 
23 9 50 13 55 -10 31 -41 -35 -3 1 31 77 43 10 -107 
58 -51 24 82 17 -33 -44 -44 -8 -32 -50 -18 -38 -88 11 -34 
17 -108 -17 22 -7 -75 34 51 -66 -22 11 -50 1 -38 -18 36 
-8 7 -25 -60 64 45 60 10 -46 -16 18 -3 19 -43 -39 58 
22 -38 29 15 -10 -50 72 55 77 -34 48 8 -35 -19 51 -16 
24 28 0 -1 -65 -47 18 -53 -73 6 21 -44 -33 -16 -21 -5 
2 -4 85 -7 -8 -7 -10 -32 -53 -33 -1 -55 -25 -49 -24 45 
22 -14 -33 13 -33 12 -6 -19 -22 -21 0 17 -7 -14 59 99 
24 -26 11 21 -75 -43 3 19 -35 60 33 45 -36 6 5 -6 
11 -58 13 38 54 33 -7 0 -21 -14 -41 -80 47 -39 2 -8 
22 45 -24 26 26 36 -1 -13 -7 30 -5 37 45 -24 37 39 
54 5 -10 10 45 3 -33 -5 -27 54 -51 -24 -30 54 28 29 
14 -61 35 33 28 10 -17 -34 -28 -58 51 18 -28 -24 42 54 
-33 -39 91 15 8 64 54 -38 22 31 -50 68 12 28 19 -46 
26 35 0 -66 11 -9 30 -44 17 -33 -58 62 38 -42 26 15 
-5 -10 51 -39 58 38 4 -46 -10 12 16 96 -14 33 10 -12 
23 68 2 44 -50 16 15 36 4 11 -36 11 10 57 -4 51 
13 20 51 60 55 25 -65 22 28 -55 30 52 9 6 63 -60 
-8 4 -5 103 -26 33 35 -94 31 59 -55 65 4 -62 -3 -99 
60 37 22 4 -43 -15 21 7 4 21 56 -24 67 -21 -3 -7 
-43 -64 -55 42 3 -26 -48 -4 -27 -28 54 -65 23 -3 28 10 
-4 87 36 -59 5 -15 -7 -66 57 -67 19 18 42 -9 -65 -31 
-24 17 0 0 -12 32 1 -11 -45 6 -63 -40 -69 60 6 14 
-23 15 64 13 16 27 -55 61 -17 -41 14 -59 -38 -36 -4 10 
7 -35 -19 13 44 55 -16 -48 -58 -45 42 37 -23 -39 -39 40 
-28 56 -29 37 -28 0 29 -109 46 -29 -17 0 25 32 68 -5 
29 28 -40 -21 8 12 23 -86 -65 -4 -74 13 32 -42 85 -10 
-31 19 10 -72 -2 -89 -23 -1 -7 -14 9 18 -34 -65 25 73 
-56 2 13 -17 -74 -35 -31 46 30 -20 -59 48 46 35 -93 32 
14 -24 14 2 33 -27 26 -17 11 7 -32 -13 -12 14 -14 -6 
48 -3 51 -72 -6 -24 32 -62 -37 5 24 72 -46 -86 -43 76 
-6 18 -37 -1 16 -4 12 14 -92 0 19 -30 42 -38 -41 63 
17 -3 38 -10 1 -2 0 68 -25 -10 -9 33 -22 24 -64 44 
-9 -33 -54 6 31 20 19 -39 24 -28 13 -90 41 14 -8 -6 
-4 -63 69 5 48 -26 40 24 -28 5 17 -3 17 2 33 -24 
-1 -11 39 -24 -47 34 0 77 57 3 36 112 50 -14 74 16 
-17 -26 -37 -26 28 35 -27 89 -53 -34 -44 4 30 1 61 48 
-42 0 -34 -5 -5 29 -64 -4 -45 0 -33 4 4 15 -5 17 
-11 -2 -33 5 -8 -53 6 -29 19 4 -2 -26 13 -9 -24 11 
-7 -24 9 -28 -26 12 -14 -23 -25 -5 -14 14 7 7 4 12 
26 36 -17 -17 0 23 11 6 1 -11 -24 23 -8 9 -8 -11 
-19 1 -10 -23 -3 14 36 -25 -32 5 2 -3 1 -1 -10 1 
14 -36 -6 -20 3 3 30 8 14 18 11 -9 25 22 26 5 
-12 6 -4 22 11 -19 7 2 12 -43 -11 19 -8 -21 9 14 
-33 -23 -16 -15 3 28 -32 -11 -22 18 11 30 -46 -38 -7 -9 
17 -43 -9 53 33 4 6 3 37 -42 27 3 -39 -10 16 -1 
-27 -15 7 -21 21 -36 -2 23 -1 -3 10 18 24 -4 21 19 
-13 -24 15 43 -4 30 10 12 6 -30 19 -5 -13 -27 -34 -12 
-5 6 10 -16 -26 -21 6 -17 -33 11 2 -16 2 15 -15 24 
47 2 -38 -7 5 -35 5 -12 -22 -31 6 -9 1 -6 -50 4 
-4 1 -58 10 -71 13 30 22 -1 38 -20 8 -9 -45 -28 -16 
-49 10 -66 39 -21 48 -88 59 6 3 -54 -57 9 1 -67 -11 
62 -15 17 23 6 -20 -18 18 54 -35 -48 -2 1 44 6 55 
-18 -17 -52 -21 -5 -13 21 -11 -31 38 64 41 24 -22 -21 -36 
-57 11 53 12 -28 25 23 -10 53 -40 -23 -8 30 5 22 -45 
-16 56 -42 36 46 40 60 68 22 -37 -8 -18 -14 41 -1 -83 
48 3 -14 -20 6 21 2 -33 -3 29 -41 31 10 -4 7 -22 
15 -7 -13 2 4 2 -30 -47 3 3 2 37 22 9 14 66 
0 9 12 -12 2 -27 14 -14 -48 19 46 5 34 -4 -20 -16 
15 14 -35 20 -18 8 -51 34 3 9 21 -3 27 -23 23 19 
35 5 -12 -18 -7 -15 11 22 10 -1 20 -32 -11 -37 -1 30 
11 14 27 -13 11 -6 54 -1 14 -3 -8 23 36 1 -32 25 
14 32 -2 -6 -48 6 36 -10 -3 25 19 38 -21 -31 -3 -17 
24 -10 -47 -16 30 35 -7 -44 24 -5 -26 -20 3 -6 -6 -25 
28 -4 31 -10 -29 34 20 -20 7 -21 1 3 13 -10 -24 5 
16 -15 3 20 0 0 -6 32 16 -14 8 -13 20 21 10 11 
-20 31 8 -6 -1 10 -31 -2 -21 7 0 3 -43 26 24 16 
-6 31 34 9 10 15 5 -25 -3 -11 -4 -9 8 -8 -47 -55 
-26 28 3 4 4 -14 3 15 -10 -26 -16 7 -6 40 30 -12 
4 14 8 8 1 -9 -3 -10 -2 -28 28 25 -40 10 19 43 
-5 -38 -7 29 -1 -26 11 -10 19 14 -5 -45 34 -3 -15 -20 
-9 20 37 -10 -1 -14 -29 18 -53 -13 0 -1 -1 40 8 14 
6 -6 -23 7 -23 -13 34 -1 2 -21 -6 -16 18 -31 1 -2 
9 8 10 0 11 6 16 11 -12 15 -36 -11 -26 5 51 15 
11 6 21 6 17 -2 9 -11 -3 -28 33 26 4 29 -10 -18 
47 9 16 -15 -15 20 -17 -6 3 -10 11 -6 10 -22 29 12 
3 5 23 26 -12 -2 16 -11 -4 -24 12 -2 13 -21 17 -3 
22 -19 10 13 -6 1 -10 14 1 -10 -24 -2 -10 -16 -24 11 
-14 -18 -11 0 1 -17 -7 3 -1 -2 4 -14 -39 30 -49 2 
-6 10 -9 5 22 -25 13 8 11 -17 -1 25 3 -13 -25 14 
-32 -4 -69 -14 -11 -35 -17 25 -9 -1 25 -28 2 28 -47 18 
12 -31 14 -24 5 34 25 -70 -39 -8 23 24 -24 8 8 -2 
-32 5 0 -4 6 3 -2 12 -3 -37 11 53 11 -3 24 -4 
65 -1 -7 58 25 -30 -17 -30 -50 -18 -6 -8 29 -2 3 -20 
-12 -24 5 -20 7 -41 7 29 12 -23 -1 15 -7 16 -31 7 
46 4 -12 -12 8 -16 -15 1 3 -21 -7 26 37 -29 30 6 
-17 -1 17 -20 28 -31 40 -17 -10 -43 -30 28 18 -43 -6 35 
39 -31 -15 -18 1 35 -91 -5 -12 -17 -39 4 -6 -9 16 27 
-41 2 -17 28 59 -5 -29 -53 -26 -11 45 10 23 4 -49 -21 
-1 8 17 -47 -39 -11 -5 8 13 -41 -7 -10 26 -51 19 14 
-15 -61 16 50 -6 53 23 -40 3 -9 -14 7 14 20 -11 -23 
-22 -25 18 28 27 26 4 -6 16 18 -35 23 6 -54 42 -20 
-11 -8 -16 -6 -25 -46 6 -26 -4 -5 -56 22 3 12 29 -3 
-14 12 -33 -18 -27 17 14 -4 -24 6 32 13 -19 -4 -11 38 
-4 1 8 -23 -3 -37 3 12 -6 11 25 8 8 35 -17 -9 
-26 -6 32 -21 -22 25 -18 17 -2 -2 3 -28 -4 5 -8 19 
13 -10 -14 -39 -10 -15 36 -30 18 21 -13 3 -2 6 12 -15 
-20 41 14 -10 15 -23 7 -9 5 -5 -36 -22 4 6 1 4 
-30 29 -7 55 -76 30 10 26 9 -5 0 5 14 4 -44 -59 
-55 27 8 -5 -29 -22 -4 -8 14 -1 -18 -6 29 3 -15 -16 
-8 6 -24 5 7 -4 -23 41 53 41 -44 -5 -17 1 43 -25 
22 -3 -7 -7 31 -31 43 -48 -23 31 5 -6 -29 34 -5 -72 
-52 20 -20 20 14 -36 -12 14 31 10 -12 -12 -30 6 0 -26 
16 -23 -17 5 18 38 20 -13 5 41 1 -22 -8 2 -14 29 
-9 42 18 -10 -7 5 -26 24 -64 48 3 43 -44 -21 37 1 
-24 22 -15 38 18 -30 -6 23 -1 -31 -19 20 35 10 11 -8 
-11 -19 42 9 -17 5 -29 21 19 -1 6 -3 -33 -33 8 -17 
24 -45 -22 30 17 34 -16 27 -18 0 60 18 -11 41 -45 19 
2 5 32 1 -47 59 -20 -30 -44 11 -2 24 27 -3 9 -2 
7 20 10 3 -18 -23 85 1 -78 7 -20 -31 -28 47 20 -11 
-16 -4 9 26 17 -11 9 0 5 -17 20 -12 6 26 16 7 
15 9 -9 -1 5 -6 -2 5 -15 -6 8 15 -9 -15 -11 18 
-14 -28 18 16 27 -15 7 -19 -1 9 5 -18 0 -10 -14 -1 
0 2 9 -6 10 -5 -35 25 -28 -8 1 14 -1 11 -3 -4 
11 -3 2 13 -15 -2 34 -19 3 4 8 10 -4 -33 -8 7 
4 1 -3 -6 10 -26 -13 -8 -12 16 -31 -6 -4 1 28 25 
2 -1 -2 10 14 -31 3 11 16 -42 17 -11 0 46 23 -14 
10 6 -7 4 -9 -5 -13 4 6 -11 26 12 -23 -2 15 59 
-4 -51 1 29 22 -36 14 -12 -1 13 13 -47 25 -24 -6 -5 
-28 1 26 -13 -4 -14 -32 15 -27 -11 -16 5 4 24 17 4 
12 -8 -11 -8 -21 -24 52 -28 9 -16 11 7 2 -28 12 -4 
8 13 13 11 4 -1 -2 -9 -18 26 -60 -27 -22 27 20 11 
-8 -3 -2 14 -7 -31 -1 -25 6 -15 -14 -5 2 15 1 1 
-32 -4 -22 -16 -2 17 8 2 -18 10 -22 10 -15 10 -9 11 
-5 -10 18 -30 26 -23 1 2 -9 30 37 19 22 1 -27 -1 
-18 19 19 2 -24 9 -9 5 -3 -5 28 -22 19 13 -11 -9 
35 -14 8 -8 1 -15 2 4 3 -24 -3 -17 -3 -40 4 -28 
0 3 6 10 22 -7 -15 0 -14 29 -30 -11 2 -3 7 -17 
24 -24 1 28 -13 29 -22 -8 13 -4 21 18 11 4 -37 12 
-10 13 -5 5 -4 6 2 -29 11 23 -9 -22 -1 -18 20 12 
-2 10 1 -27 0 24 51 12 -34 45 -17 37 15 -26 14 10 
6 14 26 -18 -4 -5 8 -22 -29 20 29 -8 7 26 1 -27 
29 3 -9 33 54 -10 -35 11 12 9 39 -35 2 24 -4 17 
-51 0 -22 4 -14 6 24 2 7 51 25 24 8 16 -1 21 
17 -11 7 29 -26 -1 -3 10 43 -5 -20 -18 -23 -21 -12 34 
-44 41 -32 -16 -14 41 28 -14 31 0 -2 -3 -5 -14 -27 -1 
8 -13 -4 11 21 -18 -24 -2 -16 22 19 31 -17 19 -23 -22 
-16 15 6 -22 -35 -7 7 2 10 -16 35 -12 12 -17 -3 19 
25 16 28 -8 7 31 21 -12 11 37 -26 19 2 -21 40 7 
-16 16 10 15 18 2 -31 -24 -14 23 -28 10 19 -14 30 -1 
9 8 17 10 -53 -13 31 -38 -12 20 19 18 -26 -14 -8 -62 
-1 14 -11 -7 -15 -14 -25 14 -20 -11 -19 13 48 -4 -10 4 
16 10 10 15 -32 -18 24 43 21 5 -20 22 7 49 65 26 
-4 -23 31 9 38 39 23 -15 -15 -16 16 41 -43 -24 -49 25 
0 -3 -10 -15 -4 4 30 -64 -2 -35 -7 1 8 41 -9 12 
18 25 -19 60 41 -32 -31 22 -32 -11 -35 7 -33 43 -3 -13 
-27 22 13 12 21 -8 24 17 -4 -38 -2 -29 23 46 69 -14 
20 2 -11 12 -35 0 -44 -11 -5 5 33 6 -3 -28 3 49 
-42 -45 27 1 12 -26 0 13 13 59 34 -40 21 -9 -28 4 
5 18 22 -14 15 1 -46 30 -23 -21 -12 32 1 -34 14 38 
-5 -5 -23 -22 -12 3 17 11 -17 -39 9 7 -23 -7 -2 -35 
-37 55 5 -9 54 6 -23 10 -11 -14 -13 30 20 -38 7 37 
2 4 12 37 -8 2 -17 12 2 -34 29 -4 -8 11 26 22 
-12 2 -6 4 16 -7 3 14 -11 -21 -25 -6 -2 -2 -11 -30 
-15 -16 26 3 22 7 -21 -17 9 -1 15 9 -15 -19 5 4 
37 -10 11 -11 -10 -18 -5 1 -5 2 12 2 -30 19 -31 2 
15 2 0 32 6 2 -10 -1 27 -9 11 -28 -18 -2 -30 -14 
-19 7 2 -18 -5 -18 18 -4 -6 -2 23 16 -19 -18 12 -1 
-16 23 -31 -7 -17 16 -17 12 -24 31 -11 21 -2 -12 5 -41 
-4 12 -4 7 14 9 -18 23 -33 -18 14 -8 -18 28 7 1 
-20 -6 6 13 -32 -11 5 0 28 -39 -45 -14 -12 -36 38 -9 
-14 -21 52 -30 -14 -33 8 -50 -46 26 25 4 11 38 -25 29 
-33 -35 -13 -4 11 13 -29 -18 3 -6 -10 34 27 9 -7 -8 
9 3 -8 27 -11 13 0 -23 -10 -1 -35 -1 -35 3 38 -11 
26 25 33 9 -21 -11 16 19 -6 -16 56 -42 7 33 -32 2 
-2 66 18 -12 -12 -4 -12 -27 -11 7 -49 0 -8 -11 -13 -23 
-17 34 15 6 9 20 21 -41 28 3 17 -32 -34 -33 -27 55 
27 12 18 25 25 10 1 -12 -22 35 -29 -5 44 59 -22 -36 
0 6 -11 4 -5 -15 -14 33 -4 -53 20 18 -29 -28 -32 -44 
-21 -28 3 -18 -33 13 -12 -17 -11 39 12 -22 23 -3 15 38 
36 51 -49 56 -39 -48 -6 -28 -51 -22 20 39 48 38 -9 -34 
15 -41 -34 -98 0 8 43 7 -4 -22 -32 13 30 -21 12 -32 
-4 36 6 -23 -13 9 30 -11 18 -24 -17 61 43 -30 -20 29 
26 39 -29 64 -18 -18 -47 -9 -19 15 7 -66 31 35 32 15 
-12 -11 3 -52 1 29 1 26 5 1 4 -23 -111 20 -31 -86 
-14 -1 -18 17 20 -7 -10 -26 -5 -22 40 4 26 0 -26 -29 
-36 31 33 35 -2 -33 -19 2 -6 9 -5 -7 5 -17 -36 -9 
-17 49 29 -4 -5 32 31 14 5 21 -6 -1 -41 15 21 -36 
-9 11 18 -24 22 34 -17 7 10 34 -10 -4 -15 -10 -16 -15 
-11 -11 -27 19 -35 -14 -23 -6 19 3 -7 -3 13 44 13 -7 
-23 -64 -18 21 -8 55 -28 -22 11 18 -1 11 -11 -29 -18 -43 
-8 -27 -12 23 6 33 -31 -21 7 56 -26 -16 -13 6 40 -37 
14 13 14 7 -10 10 9 9 -18 -11 13 -5 3 12 18 -23 
20 6 10 4 6 -2 -14 17 8 -15 -21 -10 10 5 7 -14 
5 6 15 12 -21 13 -7 3 10 -26 -9 -28 -2 6 23 10 
-2 3 6 10 4 4 2 -12 -3 15 -15 13 -4 9 -19 -2 
-17 11 5 9 11 5 -14 -13 4 -4 -14 -4 -11 7 -1 -3 
-8 -16 -10 5 -6 10 8 2 2 -5 9 4 -16 -5 -1 14 
-29 16 -13 -22 -19 -5 54 9 -29 31 -8 8 15 -35 -30 -11 
-33 21 7 23 -42 -20 -72 -14 15 -16 12 -28 -9 9 -16 25 
-1 29 -61 30 -26 2 -6 -28 6 7 -41 -1 13 14 17 -1 
5 25 28 -2 50 -19 10 -22 -19 -9 -26 -11 60 -6 22 -32 
-15 -15 -13 -20 31 5 5 5 -20 6 -7 -1 23 17 45 -11 
-4 -5 9 36 -35 28 -13 -6 3 2 -26 -17 11 -31 1 21 
0 10 50 -9 -48 22 -53 -27 12 33 38 10 -8 -40 -32 -21 
4 -38 18 -33 24 -30 -40 9 2 -49 -54 26 -44 5 -40 -45 
35 28 26 -50 -43 42 -11 32 25 -6 -31 -3 -25 39 24 32 
-15 -26 -12 4 18 -1 60 -11 3 23 11 14 -6 -24 -35 -17 
-15 -13 -3 -11 -11 -12 22 -28 -41 13 -44 -84 -55 -10 7 26 
-19 63 30 34 31 11 5 -4 -30 18 54 -44 9 -19 -6 -26 
37 -45 -19 -8 -3 -29 49 -12 16 9 3 -9 53 -3 23 26 
38 -38 12 45 7 17 20 28 -4 -4 41 13 21 15 15 36 
33 -11 18 2 -16 -40 -4 29 -29 -11 -19 -13 -22 33 12 6 
7 -21 4 0 60 0 -22 -20 -39 40 -10 1 -19 -37 11 20 
-15 4 20 -27 -24 -9 -1 -23 -40 -46 -16 27 2 7 13 11 
5 -15 -14 -17 26 -24 -14 11 22 -75 -34 17 -12 23 29 -7 
7 30 69 19 60 2 15 -1 39 -3 -10 5 -1 1 22 21 
46 8 -8 -2 -8 46 6 13 -15 31 8 -14 42 -6 -87 -4 
-17 -50 4 8 16 17 11 21 -28 -23 10 -15 -29 -21 25 -48 
25 9 -20 -38 -17 0 -13 53 12 25 -13 25 -31 12 5 -15 
3 42 13 13 -5 -33 32 37 33 17 16 47 7 -16 -14 53 
-21 -5 -21 -61 7 -6 -15 -36 9 -3 36 31 14 -20 38 28 
-27 26 -32 29 5 3 -13 2 -23 -8 40 21 -24 -22 4 18 
21 46 -18 15 49 -46 -36 38 16 -72 -26 14 -19 5 52 -15 
-5 -29 -6 20 21 -16 -20 -18 5 0 15 6 -21 -58 -8 6 
48 -3 -14 -33 -26 -23 19 10 27 10 -11 -8 -37 4 -39 -6 
3 -7 0 32 -12 33 57 -19 11 67 57 -41 14 -8 -22 7 
27 13 -12 -20 10 -12 -4 2 -37 29 57 1 -9 -3 -35 -19 
5 11 11 20 37 -6 6 -26 10 -14 13 -3 -3 1 14 29 
-2 -7 11 -15 -14 -5 -11 -4 -37 -1 -12 2 0 -10 2 28 
-9 -26 3 24 17 -24 1 -9 -26 2 15 -8 9 -7 -9 8 
2 7 -4 8 -6 25 -21 23 11 -15 2 13 10 -1 30 14 
-16 -4 -4 -7 -13 7 44 -34 -3 10 -1 12 7 0 -5 29 
7 -8 17 4 19 -17 5 -5 -11 17 -28 16 14 0 20 23 
-12 -28 21 -18 -56 -28 19 -14 7 -16 42 -6 8 -46 -56 -18 
9 -38 16 8 -30 -15 -36 -13 7 6 -14 -24 2 -2 1 -16 
39 11 -14 13 5 27 -36 -19 -15 -37 -5 46 -18 23 6 -35 
15 -27 -25 -9 20 -7 18 -35 -37 -48 -19 -7 39 -31 -29 22 
-11 -59 28 35 -48 47 8 -39 17 33 12 -12 -37 3 9 0 
0 26 -19 -19 -14 23 -13 15 40 -41 -31 13 53 -32 46 -50 
-46 47 -6 24 5 -13 -39 16 -12 21 19 -22 -4 1 15 10 
19 -5 -10 -19 10 -15 5 29 -13 -19 22 -3 -1 18 -2 -1 
22 -15 17 24 3 5 -13 31 37 -14 -26 -25 -6 2 -16 3 
2 -30 -10 4 -10 11 -26 16 -11 30 30 17 8 11 30 18 
-7 16 -27 2 -8 15 17 3 -8 3 -37 26 17 2 -12 -4 
18 31 -3 -17 35 14 -29 -29 -50 1 2 -29 -4 4 33 1 
-2 51 15 -24 79 37 -45 -39 32 0 -3 17 30 -63 18 1 
35 -34 28 56 41 -10 2 -14 -40 16 32 -37 10 -34 18 27 
-10 -25 9 -27 -36 -15 23 42 -61 33 7 -15 -3 -29 -29 15 
36 1 14 38 21 7 11 56 -15 -12 21 21 -34 -21 4 19 
-35 29 -47 -14 -45 -36 -21 1 7 19 82 -18 -1 -31 -1 46 
25 33 -45 15 -36 -43 2 14 7 -23 6 38 28 13 -49 -25 
25 3 28 42 9 23 13 -12 -47 5 16 29 -4 14 44 -29 
0 12 -9 -3 11 6 0 0 31 2 -24 -23 39 11 11 -16 
-7 -45 -7 14 -44 1 -14 1 35 34 35 -28 41 -23 -3 23 
58 -3 -21 -1 -9 -15 -5 8 49 8 41 13 -21 -2 3 -1 
-10 22 1 2 6 11 11 17 -22 13 18 30 -19 -1 -8 -27 
-1 -17 22 -26 8 -22 9 6 28 25 23 -10 51 6 -12 -11 
4 29 -20 59 -16 -9 -18 10 -2 0 40 -13 -59 -17 4 32 
15 28 -25 -29 -12 30 -13 0 -8 1 -42 -11 1 -29 -30 29 
9 -22 30 24 -22 29 -27 9 16 -8 21 -16 -11 -25 -10 15 
-30 -17 -12 18 -14 22 -37 27 -19 2 48 49 1 -15 -42 14 
2 32 52 30 -46 19 24 -65 -9 8 10 44 4 -25 15 3 
-16 -14 23 13 -10 -24 71 -42 -12 1 5 -14 11 -8 36 -4 
1 0 -1 -1 0 0 0 -3 -1 0 -2 2 -3 -2 0 -4 
0 0 -1 0 -1 1 1 0 3 -1 -2 1 0 -2 0 -2 
-1 1 1 0 0 1 2 0 -1 2 0 3 1 2 1 1 
1 0 0 -1 3 0 3 0 3 -3 -1 -1 0 1 -2 0 
0 1 1 -1 -1 2 -1 1 1 1 -2 -1 0 0 1 2 
1 0 -2 0 1 -2 0 -1 -1 0 -1 -1 0 0 0 -1 
2 -1 -2 -4 1 -2 1 -2 -1 1 -2 2 -3 -3 -1 -1 
-1 1 -1 -2 0 2 1 1 4 1 -1 0 0 0 1 -1 
0 2 0 0 1 4 2 0 -1 1 -1 4 1 1 0 -1 
-2 0 2 -1 0 1 1 0 2 -4 -1 -2 2 0 -1 1 
0 2 0 0 0 2 -2 3 0 2 -2 2 1 2 2 3 
2 -3 -1 1 -1 -1 -2 -1 0 -1 -2 0 -1 0 1 -2 
37 -19 -32 -26 15 11 -14 -45 28 -16 38 17 -21 18 -34 -17 
38 7 -1 -31 -3 -10 -3 -19 26 -5 -44 -9 6 -6 -34 -28 
29 3 10 37 31 -28 37 -36 2 -7 -5 11 0 0 -3 22 
34 20 5 30 9 -5 14 2 -11 -35 -32 -2 1 9 -11 -21 
3 -8 5 21 -15 -12 47 20 -3 3 5 -9 -34 -6 -28 -5 
23 19 -14 -2 28 -21 16 4 46 -24 1 25 10 2 -9 -35 
-4 -14 -19 6 -14 -27 -2 -10 18 11 -12 -11 -7 1 6 1 
-19 5 -22 6 -14 -3 2 11 12 1 1 22 13 -4 -19 1 
5 2 4 12 -3 4 4 5 8 13 -4 -1 -6 0 -9 -6 
7 10 -9 -2 -3 -3 -2 10 -9 10 10 13 -13 -4 -6 9 
0 5 1 -14 9 -10 -15 3 4 -9 -11 -9 2 2 13 11 
5 11 11 -1 11 -1 -13 19 -9 0 -4 1 11 -11 -5 -4 
45 -43 0 -11 -1 41 34 -16 25 24 11 -25 21 41 -5 20 
29 -2 -25 -8 15 -21 20 -17 2 -10 -3 27 -47 -13 1 15 
23 40 -44 -1 7 -1 -13 -42 -21 13 13 -2 -14 -2 1 32 
4 25 -21 0 -23 -5 19 -31 -22 4 3 6 47 -10 -14 -32 
12 -3 14 -28 30 18 -15 28 48 14 0 -9 0 -12 9 10 
5 -47 25 -35 5 11 23 -7 35 14 -12 19 -25 20 -7 22 
4 2 11 7 -4 -2 7 1 -4 -7 3 0 4 8 0 2 
0 7 -1 7 -2 5 -11 6 -1 5 -5 -12 3 -3 0 0 
6 -1 -1 2 -8 -4 0 5 6 0 -2 -10 6 12 7 1 
7 -7 -2 -7 -2 2 2 0 -3 0 4 8 -3 -3 -6 2 
-7 -1 -3 10 -12 -4 4 -10 -6 -6 -1 2 -2 4 -3 -1 
-7 -8 -8 4 11 -1 -2 5 -1 4 -6 1 4 1 0 5 
0 0 0 0 0 0 0 0 0 0 0 0 0 0 0 0 
0 0 0 0 0 0 0 0 0 0 0 0 0 0 0 0 
0 0 0 0 0 0 0 0 0 0 0 0 0 0 0 0 
0 0 0 -1 0 0 0 0 0 0 0 0 0 0 0 0 
0 0 0 0 0 0 0 0 1 0 0 0 0 0 0 0 
-1 0 0 0 0 0 0 0 0 0 0 0 0 0 0 0 
25 13 2 -15 52 -15 16 -25 -48 20 -5 27 -21 -29 20 -51 
6 -4 39 -19 -15 -17 -11 -10 2 16 -22 1 21 18 0 0 
16 4 -30 -13 -16 8 -1 25 0 7 -13 33 -2 5 -14 3 
-22 8 -50 -12 -13 -4 -13 14 15 5 33 23 30 9 -24 13 
-11 -21 1 1 -11 38 23 25 2 23 14 40 9 -1 -10 -7 
10 7 -2 -14 38 17 -9 -9 -13 -6 -28 6 -4 -4 16 -7 
0 0 0 0 0 0 0 0 0 0 0 0 0 0 0 0 
0 0 0 0 0 0 0 0 0 0 0 0 0 0 0 0 
0 0 0 0 0 0 0 0 0 0 0 0 0 0 0 0 
0 0 0 0 0 0 0 0 0 0 0 0 0 0 0 0 
0 0 0 0 0 0 0 0 0 0 0 0 0 0 0 0 
0 0 0 0 0 0 0 0 0 0 0 0 0 0 0 0 
-2 3 -3 -1 0 5 -7 0 -2 9 3 10 6 2 7 -4 
-1 11 4 -4 -8 -6 -2 -1 -2 1 10 3 -1 1 0 7 
-3 -2 1 1 -6 -3 -10 2 -5 2 -1 -13 6 -1 -8 7 
-3 -2 5 -2 4 1 -8 3 -7 3 7 9 -2 3 -1 -5 
5 4 -4 4 -1 -2 1 -1 -4 4 0 4 6 -7 -5 3 
6 8 3 7 -3 -2 1 -6 -4 9 -3 -6 -2 3 8 -2 
12 4 12 11 8 3 8 2 -2 -9 -6 3 2 7 12 -2 
-3 2 4 4 2 -4 -9 -5 -2 6 -6 -9 7 -1 3 16 
1 -13 8 -1 -10 -15 -5 0 2 3 16 -11 -4 9 1 -2 
12 -3 -14 3 5 -6 -2 7 -2 3 2 5 -10 -3 -1 -3 
2 -4 -9 4 -2 -9 11 -12 4 -4 4 -18 -2 -12 -15 -2 
-18 3 -12 -15 12 0 5 0 0 -3 19 -5 8 3 3 11 
21 -1 -16 23 -11 13 -15 11 28 -5 -12 38 -29 13 0 -9 
-7 10 -21 -3 -11 7 23 -35 -26 -30 3 22 -9 -18 -25 -18 
-12 1 18 5 16 9 -5 -15 -1 7 17 0 4 2 -9 7 
0 -16 -9 0 -25 -7 -23 33 17 -4 21 3 -36 -28 -4 -6 
22 20 -18 -16 11 -10 -4 -2 18 -9 12 10 0 10 3 -6 
-18 36 7 -20 23 -20 9 -6 15 5 20 -8 13 8 -3 -8 
-19 11 -28 7 -58 4 7 -2 25 8 -41 -5 17 -4 -6 -10 
-18 -13 -59 4 -27 48 5 22 -8 -1 -21 -2 13 -22 -19 1 
29 28 -7 -15 -15 13 0 2 30 14 -27 -1 16 1 -23 25 
-38 5 -22 13 -2 22 -17 37 6 21 45 16 28 0 38 25 
8 15 12 -41 19 -6 -39 -14 -1 -41 -1 39 -9 -7 41 0 
16 2 -11 30 -2 -6 -3 20 -27 -7 -25 -22 7 17 -30 -14 
0 -1 2 0 1 -2 -3 1 1 0 -2 1 0 -1 -1 -1 
-3 0 0 -1 0 -2 0 0 -1 0 1 0 0 0 -1 1 
-1 0 1 -1 2 -2 -1 0 -1 0 1 1 0 1 -1 0 
-2 0 0 0 -1 1 -2 0 0 0 1 -1 0 1 2 0 
2 -1 0 0 0 -1 0 -1 0 0 -1 -2 -1 -3 -1 0 
0 -1 -1 1 0 0 -2 -1 -3 1 0 -2 1 -1 1 -1 
-9 5 -4 -12 8 -6 2 1 -5 3 -6 -4 -3 -12 0 9 
-1 -8 4 2 -2 0 -1 7 0 7 1 -5 -5 -1 5 -3 
1 0 -5 6 0 9 2 8 2 1 -10 2 7 9 -1 -3 
-9 1 4 3 -2 -1 1 -2 -1 -2 1 -1 7 5 2 4 
0 -4 -2 5 -4 8 -8 9 0 -2 -3 5 9 5 5 -5 
6 2 -4 8 -2 6 -9 0 -2 -10 -10 7 -8 3 1 -3 
-2 -4 -4 -4 -4 3 4 5 -1 3 -5 1 0 2 -1 6 
-4 2 -6 3 -1 1 3 1 2 -4 3 6 -9 0 3 -2 
0 5 0 -3 -2 2 -3 -1 1 4 -1 0 -6 -1 -7 -4 
1 -3 -2 0 -3 1 2 -4 -1 0 1 1 1 -1 0 2 
-3 -1 -2 1 -7 11 1 -2 -3 6 -4 2 1 0 5 -7 
1 2 4 -2 -4 5 -1 -1 3 -1 -1 -2 -2 -1 5 -4 
-3 6 0 -3 8 -7 -7 2 0 6 -3 10 -1 -10 5 -1 
-7 4 6 -7 -1 -5 5 -3 1 8 4 -5 -4 -4 2 2 
-5 -6 10 -10 6 0 -7 -3 -3 -9 -1 4 3 -12 -3 5 
13 -3 -1 -8 7 7 -2 2 -1 0 4 -2 -4 5 -3 1 
3 1 -4 5 -3 -5 -7 9 7 -1 5 -8 4 -1 -2 -7 
-3 6 -12 -5 -9 -8 -2 -8 -6 -4 4 -5 4 -9 0 -5 
9 -13 -1 -24 13 -4 -6 1 4 10 -10 -9 -5 -21 -13 3 
12 -21 -8 2 11 -33 19 -30 -2 9 29 -3 -35 7 24 -26 
-30 -15 -18 -4 23 10 15 -12 -19 -31 17 19 22 0 -8 5 
-8 17 0 19 12 -12 -13 -12 -3 -30 -8 1 10 -8 3 12 
4 24 -1 21 -19 -1 -4 12 -35 -5 9 3 16 12 21 32 
64 -11 -7 9 -31 4 -20 5 -16 -28 -22 7 -1 -18 0 -20 
13 -5 -45 13 -5 -3 24 -3 -2 -3 -35 -40 -7 13 33 16 
-32 -3 -12 29 -23 16 24 32 4 -8 19 -9 -2 -2 48 11 
-27 11 -56 -2 9 34 21 -28 14 20 2 -9 6 16 -37 10 
7 -8 18 -18 17 35 38 -21 -20 1 -16 14 -3 -30 -28 37 
1 25 -2 -6 30 11 -18 -20 21 -20 -53 -9 15 4 -5 18 
-12 -20 -17 22 -24 2 21 29 32 -29 -16 12 3 1 -33 21 
-18 3 0 15 2 36 0 -12 21 6 12 -9 19 37 5 6 
-13 -19 -2 5 12 -2 9 -2 -16 -8 23 26 -15 3 13 6 
-23 -6 -31 3 15 -1 -4 -3 14 -4 -4 10 -7 4 3 0 
19 -9 28 -19 13 -19 28 -52 -26 29 -3 -12 23 19 -14 1 
5 -22 -1 -3 3 -4 0 -6 15 -20 -42 1 -6 7 -10 21 
5 -17 -10 -2 -6 15 -58 -10 -11 6 -38 8 -8 14 19 25 
-2 6 2 3 0 2 -3 0 2 3 4 3 1 6 -5 -6 
5 -2 0 0 1 -1 2 -5 -1 -4 1 7 0 -2 -8 -1 
4 5 -5 -4 6 -2 2 -6 1 1 -4 1 -1 -8 0 -5 
8 -1 -6 0 -1 -5 1 -3 -3 4 -6 -1 5 1 2 -2 
-7 -9 -3 1 -5 5 6 9 2 -1 6 4 -2 -3 0 -6 
-3 5 -1 3 8 5 -1 -5 -1 4 5 -3 2 2 5 6 
-3 2 -3 -1 -1 9 2 -3 -4 2 5 -1 -3 1 4 8 
0 5 0 8 -5 1 4 5 3 4 2 4 -6 -5 6 -3 
0 -3 -2 3 0 0 1 5 4 0 1 -6 2 4 -2 5 
2 -5 6 1 6 7 8 -2 2 -4 4 11 -5 4 -7 -1 
3 2 -8 -2 -3 0 1 -1 -3 3 0 0 9 3 -4 0 
2 5 -5 2 -2 -6 1 2 0 2 -2 -6 -3 2 0 5 
-3 6 -16 16 -4 -1 9 15 -18 -7 -6 11 7 36 12 10 
-27 15 -10 6 15 -3 -11 -6 -11 -12 -22 11 2 25 -6 10 
-24 18 3 4 8 -19 -11 -28 0 17 26 -5 -6 -15 -12 13 
19 2 -3 2 -19 -7 -19 -6 -7 8 15 -8 13 15 8 23 
4 18 -4 3 7 15 -17 -8 18 -6 2 -24 0 -3 10 -4 
-27 -6 19 -6 -26 1 19 7 -22 39 -8 7 31 -2 -5 11 
1 -3 0 -3 4 -2 0 2 -2 0 4 -1 1 1 -2 5 
4 1 0 -1 2 0 -4 2 1 -3 -1 1 -1 3 3 2 
1 1 0 6 -5 0 -2 1 1 -3 2 -3 -1 -3 3 -1 
2 1 1 -1 2 1 2 0 2 -1 -2 0 -1 -3 -4 2 
-1 0 0 0 -1 -1 1 -1 0 2 -1 3 -1 4 -3 3 
3 -5 1 -1 -1 0 -1 2 0 -5 0 3 -2 0 1 3 
-20 -14 -27 5 -7 -14 -10 -11 12 3 33 -13 -22 22 42 13 
-10 7 -17 24 -22 37 18 -15 4 -29 -26 43 -12 0 7 -9 
8 -7 -21 41 -6 48 19 -15 49 13 -3 -42 20 73 -12 -18 
13 -12 0 -24 9 20 -1 16 30 7 51 17 -8 5 -20 -32 
3 3 12 13 -19 0 21 -4 -19 -2 -36 29 -6 38 5 -5 
25 12 15 -28 19 26 -19 -18 16 19 -2 -15 28 -23 16 29 
-6 -26 42 -20 7 22 -8 14 4 -11 6 11 26 34 -19 31 
-23 16 22 13 -3 -25 -48 8 27 22 -10 -19 -5 16 11 -35 
10 -4 -31 -8 -25 -6 -35 46 15 2 -10 38 -17 18 -16 -15 
18 17 37 8 4 -31 10 12 -13 12 -11 7 41 17 20 -17 
-38 5 8 32 -26 13 17 68 -34 10 -2 -24 -8 -26 11 -3 
28 -5 25 6 -43 52 12 7 11 19 -22 -43 7 4 -17 17 
-2 -2 -5 -3 -2 2 -4 -4 0 -1 -4 5 -4 -1 -1 -1 
-3 3 0 1 -2 3 6 -1 3 -6 4 4 -2 -2 0 -4 
0 -1 0 -5 5 -1 4 -4 -3 2 5 5 -1 1 1 1 
3 0 3 -1 2 -2 6 -1 3 -3 -4 -5 -3 0 0 1 
5 -2 -2 -5 0 1 -2 1 2 2 0 0 1 2 1 6 
1 1 -4 -1 -1 -6 -2 -4 -2 -4 2 -3 0 1 -2 -3 
-1 -2 -5 -7 8 -7 2 2 5 -2 1 0 -4 -1 0 -6 
3 -2 -1 -4 0 13 0 2 -1 -1 -4 -1 1 4 4 0 
3 5 -2 -7 2 4 3 -7 7 0 -3 -3 2 4 1 -7 
2 -2 5 -3 1 -7 5 -9 1 -2 -4 -1 -3 -3 -3 2 
-1 -10 2 4 -4 -1 7 7 8 0 -4 5 -4 10 4 -4 
3 -4 -7 4 7 0 -11 -4 -3 -10 -7 3 2 -3 0 1 
-2 1 -1 -1 0 -1 -1 0 -1 0 -1 -1 0 -1 -1 0 
0 -1 -1 0 0 1 1 0 -2 1 0 0 0 -1 -1 0 
0 0 0 0 1 1 1 0 -1 0 0 1 0 0 0 -1 
-1 0 1 0 0 1 0 0 -1 -1 1 0 1 0 1 0 
0 -1 0 -1 -1 1 -1 1 -1 0 0 1 1 0 2 0 
2 0 -1 1 0 0 -1 1 0 -1 -1 2 -1 0 0 -1 
2 2 -2 -7 2 -5 -9 7 -1 1 2 4 1 5 1 5 
6 9 8 1 -1 -8 3 1 3 3 5 4 -4 -3 0 -2 
2 0 10 -5 0 -8 -7 -4 0 -3 4 -9 2 -7 -6 5 
-1 -5 -2 -3 2 6 -7 -4 -2 3 1 2 3 7 -4 -5 
5 2 -3 6 -4 -7 -2 3 2 3 4 -1 7 -6 -6 -3 
4 -6 -4 -5 -10 -5 -5 -5 0 4 3 -7 1 -5 14 -4 
-5 47 -23 -28 21 39 13 -7 -28 22 4 3 -48 -24 -2 27 
-39 -32 6 -16 26 21 45 7 10 43 -19 19 26 14 7 -39 
-16 -28 32 -22 2 18 10 -9 33 -42 12 26 16 2 18 -22 
14 39 -1 -25 9 -9 34 22 30 -9 45 -8 14 1 -2 -16 
12 -6 -1 -3 12 29 35 6 54 -5 -3 18 -14 5 -10 22 
38 9 12 21 41 5 -29 5 -25 -31 4 1 -44 23 -29 1 
31 16 21 14 -6 -29 23 -6 -3 6 -35 22 -30 -42 2 -2 
-25 17 -17 36 -23 28 -23 -11 23 2 -32 -9 16 2 9 -37 
-11 -5 -17 -13 -6 30 15 -12 5 16 31 16 -3 43 -14 -15 
8 -16 -22 -13 -7 -5 13 14 33 9 -11 2 21 5 1 6 
-20 -4 37 7 -7 32 15 1 23 21 -37 -35 17 -11 31 -36 
-26 -3 23 -17 17 3 -22 1 -4 20 -32 -56 34 -41 20 -21 
-8 6 7 5 -9 11 3 -12 16 -8 14 -17 -4 -7 -9 4 
4 1 -19 -3 2 1 -9 -4 -6 4 -10 4 13 2 -17 -10 
-5 -1 5 7 0 9 4 9 5 11 4 1 -14 5 0 5 
-2 6 1 8 1 -8 2 23 0 0 2 2 3 1 11 -2 
2 13 13 0 0 9 -6 -5 -4 -7 3 3 -13 3 1 6 
3 5 11 -5 7 3 8 12 1 1 3 -5 2 10 -6 13 
-1 2 1 1 1 0 -1 2 1 0 4 -2 2 2 -1 2 
1 -1 1 -1 0 1 0 0 -2 0 0 -1 1 0 0 0 
0 0 -2 3 -1 1 0 2 1 0 -2 -1 0 -1 0 -3 
2 0 -1 3 1 0 -2 1 -2 3 1 1 -1 0 0 -1 
-2 -2 -1 1 -2 -1 1 1 -3 -2 3 3 -1 0 -1 -3 
1 -2 1 -1 1 3 -1 1 1 0 0 1 0 1 1 2 
-7 2 1 -1 7 7 -7 0 2 4 3 6 11 9 0 -1 
-4 7 9 -4 -3 -10 3 3 -2 1 7 1 -13 3 -1 -3 
-1 -2 3 -9 2 -12 -13 -9 2 -6 -2 -15 2 -1 -6 4 
-2 -3 -1 -2 8 2 -1 -1 -6 9 -3 5 6 2 0 -5 
6 0 -14 -5 -2 -7 2 -6 6 5 2 -6 3 -7 -7 8 
1 0 -2 -1 -5 -4 -1 -3 2 7 2 -8 0 2 9 -1 
-1 2 -2 -2 1 -4 -3 0 0 4 0 5 1 0 1 -7 
1 10 5 -2 -5 -4 -4 -3 4 3 4 3 -4 -7 6 2 
2 3 6 -5 -4 3 0 0 -4 0 -1 -7 1 -4 -6 5 
7 -6 -3 -4 8 4 -3 -2 -3 5 2 8 -2 2 -4 0 
2 0 -8 1 -7 -4 1 7 0 3 4 -3 6 1 -3 -4 
6 9 -6 1 -4 -4 -1 -2 -3 -2 1 -4 2 -4 2 0 
