157 96 100 287 -305 121 -253 -305 -7 -41 -57 63 168 -169 91 -75 
28 -2 73 26 13 -90 -123 38 -18 93 105 -82 84 81 -9 48 
-73 -136 -52 47 16 -11 -31 -45 30 -107 -69 -46 -48 -30 79 -31 
46 122 56 49 85 -53 -100 7 4 -34 87 13 0 11 43 -67 
14 9 134 -135 -59 -58 -42 87 -64 13 66 9 193 19 -15 57 
78 18 -29 85 25 -163 -123 -18 76 -65 -84 -107 -7 116 46 87 
39 -26 42 46 26 -107 -35 -53 -104 -138 38 16 37 29 -112 -14 
-50 69 -69 123 30 65 -26 4 0 0 0 0 0 0 0 0 
-21 -14 -22 -74 93 -16 158 85 9 -63 35 -18 -80 -11 -50 19 
15 -24 -18 -63 -43 -3 -25 7 0 0 0 0 0 0 0 0 
79 -26 -110 -28 -73 45 -12 38 -35 12 16 -14 -29 -20 24 -49 
16 -57 43 -88 -40 35 23 51 0 0 0 0 0 0 0 0 
-34 -144 139 16 -21 33 79 -38 -68 83 56 56 -85 85 137 126 
-35 -56 -52 24 -1 -86 -150 -124 0 0 0 0 0 0 0 0 
-18 -24 -88 -19 0 53 91 -30 26 47 48 23 -57 52 83 -10 
14 -40 23 48 21 48 -57 89 0 0 0 0 0 0 0 0 
8 94 21 -34 9 3 18 34 -14 -42 75 14 -79 -41 -23 11 
-12 -39 30 37 -41 34 -74 0 0 0 0 0 0 0 0 0 
54 17 18 99 16 -19 -9 56 53 -12 -18 99 -38 94 2 13 
6 -27 40 12 62 24 73 15 0 0 0 0 0 0 0 0 
135 18 6 14 100 7 23 34 -15 12 -13 71 13 121 30 -41 
-18 1 -47 98 -26 59 11 -9 0 0 0 0 0 0 0 0 
37 -15 94 152 18 59 -111 3 188 29 87 -28 80 -36 -4 92 
36 -147 -45 -27 -24 67 61 97 0 0 0 0 0 0 0 0 
46 -83 -11 40 4 57 101 -58 38 37 5 -32 53 80 -116 -20 
-1 -51 37 -35 -8 -5 -1 -27 0 0 0 0 0 0 0 0 
-30 65 40 114 -67 18 102 2 -7 -60 -13 1 75 30 75 22 
55 27 44 34 -82 40 -98 -7 0 0 0 0 0 0 0 0 
34 48 -87 57 -127 -11 -15 2 -57 116 -86 -119 -59 -66 -20 -48 
151 -75 -103 6 3 -2 -3 1 0 0 0 0 0 0 0 0 
-54 -34 62 32 -16 9 -46 -21 39 -10 -1 6 -52 -101 -16 56 
3 81 -64 -108 -39 31 0 -21 -51 -15 -4 -55 140 2 -89 -70 
58 -40 -47 149 -49 -53 -68 -123 0 0 0 0 0 0 0 0 
-66 31 40 -100 37 85 10 -63 12 11 54 -14 -28 -49 -85 11 
-85 -54 15 74 60 -68 5 63 105 -28 135 114 -93 -17 19 -33 
-71 -99 -53 -38 111 -9 -142 -64 0 0 0 0 0 0 0 0 
-30 -65 -61 9 49 11 -18 195 -74 4 78 -66 -55 51 -11 19 
16 -1 -98 26 6 26 32 1 -70 16 89 -19 -37 3 11 -88 
-24 -27 45 -20 36 35 46 0 0 0 0 0 0 0 0 0 
121 59 -39 -61 -171 45 34 -36 71 -15 8 24 -8 -10 0 -65 
5 -46 -134 -88 11 2 -147 -74 93 20 -2 82 -86 157 53 35 
-109 -82 35 22 117 55 -78 -124 0 0 0 0 0 0 0 0 
32 37 -16 -11 3 75 -21 -14 -49 -27 31 8 21 -43 -83 -3 
92 45 4 66 -17 -55 -74 15 34 63 65 -23 12 -81 65 4 
30 -6 18 9 -17 35 69 30 0 0 0 0 0 0 0 0 
18 -77 -19 48 -55 2 84 -85 -9 -26 -26 54 -7 49 7 -87 
13 -3 -53 -39 20 17 7 -15 45 -64 8 62 15 44 -14 26 
-29 -23 -84 -9 97 7 -62 -94 0 0 0 0 0 0 0 0 
72 71 -26 -138 -13 13 4 -42 -15 24 44 55 -9 17 27 -11 
36 67 -47 -57 -49 -72 -58 -55 -47 -44 10 -32 72 -34 108 -11 
-41 -1 -79 -9 -76 -53 -22 -33 0 0 0 0 0 0 0 0 
27 19 156 -84 -55 -22 51 -60 62 54 -72 6 18 42 130 -47 
42 -68 -16 23 -136 -57 -61 -10 -20 -16 -60 -7 7 -53 -5 -11 
51 16 -98 67 -114 -52 -16 12 0 0 0 0 0 0 0 0 
11 -7 17 59 53 67 41 -74 -25 -15 -80 13 20 -34 25 -12 
-41 34 64 2 36 35 38 16 -4 4 17 -21 62 30 -30 73 
-51 21 -34 -1 -36 -61 9 14 0 0 0 0 0 0 0 0 
-92 -21 53 -32 -11 61 -33 40 -59 -20 138 47 17 80 -52 0 
-16 80 -37 -67 2 11 -44 -24 3 -62 0 84 46 13 -16 -89 
-8 -75 16 18 8 40 12 -39 0 0 0 0 0 0 0 0 
-59 71 36 -39 -41 33 105 -45 135 -92 -110 10 17 -36 79 -31 
28 28 51 -28 -177 -95 -50 -100 -96 -77 18 27 -107 38 42 -36 
-42 63 -115 66 91 -31 -86 66 0 0 0 0 0 0 0 0 
-9 146 0 2 -1 25 8 15 26 19 69 26 -15 -75 17 69 
-73 41 65 -42 142 -147 -74 49 -33 -13 -51 1 35 -59 70 53 
-121 44 28 -67 -65 42 -50 -126 0 0 0 0 0 0 0 0 
-104 -34 83 -19 -93 38 142 19 -46 -57 -35 0 -39 -13 39 81 
35 70 20 -60 -10 15 -128 18 -12 -69 -17 10 83 70 82 -27 
8 11 -110 -79 5 50 41 31 0 0 0 0 0 0 0 0 
-36 -2 -27 56 -43 -66 -63 45 -5 -45 -49 -73 98 60 146 -16 
-59 -23 -67 5 -91 59 -5 86 45 -87 -47 14 -19 48 28 3 
29 55 -97 -97 5 -38 40 82 0 0 0 0 0 0 0 0 
-11 43 47 -33 -61 -48 77 24 54 -38 24 -5 -104 -60 -51 24 
-41 -30 28 68 27 -50 -37 -66 73 -22 -69 -11 -31 45 -51 4 
-70 66 6 19 27 5 -82 -73 0 0 0 0 0 0 0 0 
22 7 6 7 30 -114 8 -43 -47 54 -51 -10 67 -6 -16 -83 
9 23 -10 -23 27 -9 71 -46 -71 -104 -43 -13 -3 -9 30 -26 
61 27 -57 7 -22 -26 13 36 0 0 0 0 0 0 0 0 
-12 -51 41 -81 -48 4 -2 0 -19 106 -41 -20 31 24 17 -5 
14 72 -38 105 -2 91 -6 23 -56 -21 -43 33 -44 72 53 -82 
53 -7 -35 35 40 -35 11 -84 0 0 0 0 0 0 0 0 
32 22 31 -6 -25 -63 59 -1 -1 80 4 -44 92 -10 19 4 
-22 7 10 7 -33 53 29 -10 -28 -3 19 33 -17 -42 -27 39 
38 -19 3 -46 37 -15 -5 -45 0 0 0 0 0 0 0 0 
3 53 46 41 30 8 -43 -22 1 -43 -10 24 -12 -46 -36 -8 
9 12 -43 53 30 -16 87 -44 24 -16 -51 -32 -5 25 1 -36 
25 -9 24 49 13 8 28 3 0 0 0 0 0 0 0 0 
-45 6 4 10 -56 16 42 37 -74 -68 31 62 10 10 -29 25 
-52 -51 -13 -22 -47 -4 -62 -67 24 -25 22 -53 -15 85 -15 73 
-25 -23 6 14 38 -41 -47 -69 0 0 0 0 0 0 0 0 
-77 70 4 72 28 32 -5 -13 -30 23 78 6 -78 -84 -69 4 
50 -37 0 15 -55 16 -42 97 6 -18 -36 5 61 56 -17 51 
-22 -8 12 -24 51 -8 110 42 0 0 0 0 0 0 0 0 
10 47 8 -3 10 -105 12 54 -4 8 66 44 20 -10 -4 -78 
-96 20 -113 63 85 84 44 21 16 -18 -49 32 -10 25 4 -38 
27 -37 38 -33 27 -107 21 8 0 0 0 0 0 0 0 0 
7 -28 -25 -48 61 12 -28 -16 -5 -10 -60 -7 23 37 27 -35 
22 -44 4 -41 -18 33 9 -84 -24 12 -61 -76 -41 -5 -9 21 
-33 35 22 1 -33 -44 -23 -12 0 0 0 0 0 0 0 0 
-54 59 110 30 3 -7 -13 -65 -33 -17 -29 33 -74 -35 66 7 
-36 -90 27 26 -5 42 -64 37 1 -20 -53 -33 14 67 -25 -30 
40 -36 10 5 4 -39 -59 -10 0 0 0 0 0 0 0 0 
-2 34 26 4 85 35 -4 -26 -40 -13 -7 7 0 -3 62 10 
-27 -4 48 7 -4 -3 29 26 54 -13 30 -24 18 -70 35 -5 
-34 52 28 -59 6 -50 -25 -7 0 0 0 0 0 0 0 0 
-19 -2 14 16 11 -41 -57 49 -67 111 19 -64 -41 -48 -38 50 
-79 71 -43 21 21 27 -43 74 12 -37 -38 29 3 0 52 -8 
23 -61 -19 -35 3 -49 -37 -5 0 0 0 0 0 0 0 0 
-26 28 -19 2 49 8 42 30 5 -17 -53 16 -34 -29 -2 5 
-48 -10 -22 26 -14 22 -2 -20 32 -30 -29 -32 42 -4 -20 17 
7 26 42 -9 32 -28 -1 -51 0 0 0 0 0 0 0 0 
75 54 15 28 8 6 -81 -42 -106 -18 3 -29 12 10 53 32 
-129 18 15 4 -46 52 -8 -12 -6 43 54 -16 3 13 -27 86 
-49 119 34 -90 -25 30 -52 -12 0 0 0 0 0 0 0 0 
-12 -47 35 -77 38 44 11 82 116 -85 47 3 -130 -143 -18 45 
-8 -59 27 -72 104 18 31 23 -108 39 -29 -70 57 31 -17 26 
2 -45 28 -61 39 121 -18 -3 0 0 0 0 0 0 0 0 
-10 34 19 -6 49 23 -89 15 17 47 54 70 43 -21 -84 -48 
-45 16 38 2 -6 16 2 50 -11 2 -36 16 62 -64 11 0 
-64 -97 -24 29 32 22 -72 0 0 0 0 0 0 0 0 0 
-45 -8 14 -52 32 -14 -28 24 -51 -12 -40 3 23 36 39 -22 
-38 55 26 -59 22 69 33 11 -33 21 2 -47 3 -12 -6 -64 
29 5 61 20 -19 -100 -28 -32 0 0 0 0 0 0 0 0 
-6 -3 33 -40 -21 68 -22 -26 -7 43 -5 -33 53 -54 81 -13 
14 -17 -43 -28 -16 25 -35 -17 -2 76 18 -2 6 31 22 39 
36 51 26 22 -51 -38 37 -19 0 0 0 0 0 0 0 0 
-68 -13 25 16 -21 -45 40 -32 -17 38 -7 -33 -22 -26 -5 -59 
5 -63 -36 -23 -20 -52 20 -40 -13 -11 16 16 -38 10 55 17 
-31 50 16 21 23 8 -69 -99 0 0 0 0 0 0 0 0 
-55 25 52 -32 23 -12 -5 -34 -12 60 1 1 -41 11 4 -13 
18 -19 73 1 -13 -20 -39 0 -25 54 -18 -40 2 25 -43 24 
-34 -49 32 19 -22 9 -18 -37 0 0 0 0 0 0 0 0 
2 26 -17 56 -75 43 -25 -23 -29 14 0 -43 5 -26 -26 49 
4 19 -7 42 -39 84 -29 76 34 32 -35 32 -36 51 23 -12 
-23 85 32 -18 8 -15 -42 14 0 0 0 0 0 0 0 0 
37 -40 -30 -46 -7 -23 -73 13 10 16 26 -16 -78 -11 -27 -57 
-2 62 60 -2 -38 3 25 -24 -14 -42 38 25 41 66 -54 22 
-2 -50 -13 34 11 -13 70 -28 0 0 0 0 0 0 0 0 
-22 0 -18 9 -31 -7 -1 5 -16 -9 -6 12 -2 -25 4 -70 
-6 -18 -85 45 19 -35 -38 -50 -18 -23 -15 2 -7 -26 10 21 
-12 25 -28 6 72 -43 -27 -20 0 0 0 0 0 0 0 0 
29 -9 44 17 35 5 46 -16 6 -57 -71 14 38 -9 20 -19 
-32 52 32 32 50 -4 15 -21 -2 33 -67 7 85 26 57 -15 
63 53 -5 -49 13 -10 18 -46 0 0 0 0 0 0 0 0 
-43 11 36 -17 -58 -80 53 7 82 -36 49 -5 -4 68 -8 44 
-80 -36 -7 68 4 50 -4 -89 67 16 68 15 70 -8 39 -78 
1 8 -40 70 45 4 40 -41 47 -84 27 -76 58 66 82 7 
-60 99 -41 -97 -2 -63 5 13 -7 -21 27 -4 59 72 53 -128 
-88 -12 56 -70 38 -30 26 -17 23 1 47 1 -21 -96 -53 -31 
-24 -91 80 -7 -110 -8 32 9 -77 -145 2 71 60 39 9 -47 
-22 -81 -73 6 24 59 29 -32 86 -41 71 14 68 22 41 -60 
9 65 82 -42 -22 61 -159 32 19 57 -52 -62 1 -17 -20 -55 
-11 -70 -94 2 67 16 -37 -51 72 88 0 -28 20 78 -1 -51 
64 38 4 24 -45 19 28 -5 -101 -8 -11 82 10 -55 69 55 
-71 -33 39 -12 -25 1 26 -8 -51 -51 -51 17 4 2 46 14 
9 4 -15 -18 -81 71 -52 121 -49 -55 -69 11 9 84 90 2 
-35 51 48 6 16 73 -100 -3 -45 -36 17 -1 -24 -24 29 -51 
-30 24 -79 21 -23 14 22 26 -18 -23 -10 17 -53 -58 -1 23 
-91 78 45 -18 -104 53 48 15 -82 26 -38 -64 104 40 -21 -20 
55 -4 20 -73 -58 29 -12 75 -111 -28 -2 -57 96 17 -59 -77 
-36 11 -70 82 -49 67 -3 59 19 -98 -47 -89 0 43 4 -35 
17 -79 -93 33 34 7 42 5 46 89 14 -1 -83 25 60 75 
-11 66 -53 -52 13 -8 -35 -17 70 -42 46 -15 -21 67 27 -34 
-29 -23 -9 72 -49 -69 36 -63 93 -84 74 3 87 87 -20 14 
-64 -35 38 -2 -17 -74 32 -13 -48 18 -40 -29 100 60 -21 35 
-32 -7 35 -15 134 19 28 0 -45 80 64 -44 -8 16 -56 79 
-37 -48 -12 72 64 -24 -6 53 30 62 -19 58 0 33 -60 -109 
31 39 64 14 -28 61 39 -74 65 -2 29 -65 77 69 -4 38 
76 -94 -38 24 -57 -3 -26 81 21 -91 14 -3 -1 54 40 -6 
-76 12 23 -119 -14 -92 -19 -7 -23 -7 -29 4 117 77 74 17 
-22 63 -50 39 -63 -10 -14 -112 2 24 28 53 37 -32 42 41 
-17 -13 -14 -50 -2 -67 32 -18 -97 -20 40 -36 29 -14 -102 57 
-36 53 35 48 0 -30 77 91 6 16 39 -29 -5 -113 57 -28 
-33 41 9 13 -7 -15 42 12 -38 -44 -3 45 56 20 3 -7 
-55 5 -44 -24 -66 -24 -46 -22 -88 42 15 31 37 7 -21 -60 
-91 38 11 15 -123 -6 -69 19 60 -9 -21 -41 -27 -45 36 8 
10 -31 53 22 -39 59 -34 66 14 -31 -9 48 -15 41 78 41 
-2 -13 -7 20 2 24 23 32 -15 -19 -65 -24 -55 -46 -15 27 
-48 61 14 12 -19 -6 -30 -9 34 -46 -75 -28 -41 33 -67 22 
38 -31 38 3 -21 -13 97 1 59 99 -8 -23 26 28 18 -29 
43 40 64 -32 -44 -10 -54 -29 -20 -48 -48 22 7 82 48 -19 
15 -28 5 -65 -28 -91 -8 2 34 -40 79 -46 -3 1 -19 33 
12 61 -30 -22 -73 15 -1 -5 -43 -38 -106 -28 -81 112 -32 37 
-40 27 -38 -59 29 17 -22 -6 33 10 -19 -23 -31 27 29 18 
4 79 80 81 -94 -3 42 -61 -5 41 14 14 -13 78 5 -6 
90 30 22 45 -73 -13 81 -10 -24 -46 -52 124 -11 9 78 63 
-101 -5 -18 -31 -51 36 -15 11 34 -35 5 16 -2 -10 12 50 
17 73 -12 -80 -87 -11 -66 80 -25 13 -4 25 27 -53 9 -71 
36 -7 -3 13 11 47 -35 -48 -17 -38 -10 -2 -33 -53 21 81 
-46 18 91 -73 64 -19 11 65 25 44 15 33 -153 -40 -2 -7 
38 -16 67 -10 -16 -56 46 -32 1 -24 55 -49 3 1 33 -36 
32 14 50 60 -25 -59 34 13 -11 -42 33 -15 -44 -8 -26 34 
56 -8 20 59 -54 -16 0 5 -50 21 -19 15 -6 32 11 28 
-14 -44 1 29 -27 21 -88 -1 -26 -46 -33 -33 -40 49 4 12 
13 -94 64 42 15 -12 -1 29 2 96 -4 -33 -6 37 10 -11 
-37 -4 -44 11 -56 -21 74 -88 -22 26 37 79 -34 25 25 37 
-33 34 20 -17 28 20 -10 -1 84 -76 -8 -1 -35 42 -29 20 
14 25 -38 -27 79 -89 -47 2 22 -31 -37 -19 39 -8 -41 -28 
11 0 26 23 7 -6 17 -21 8 -62 46 -26 -32 62 -76 25 
14 -46 -26 -14 -1 -50 -2 9 -14 -59 20 -18 -87 25 -44 -4 
6 -12 -2 -25 -52 -25 -11 -40 18 -13 46 -34 32 -1 27 -52 
34 -12 -13 -18 -27 10 -96 60 -38 -21 8 15 -44 32 -47 -31 
15 -10 -42 -6 22 -16 1 32 -12 -40 57 8 -7 -65 42 -13 
5 -43 -17 37 -75 12 18 -25 5 42 72 -8 -19 23 42 27 
-50 -1 -16 -15 -14 43 -18 8 83 -9 52 -26 44 -24 20 19 
7 41 -10 36 50 -16 4 18 41 22 6 24 60 2 -2 -28 
3 63 -23 -45 43 5 -31 -60 18 0 -14 8 19 -16 28 18 
19 -13 -134 -20 -50 -27 7 -47 29 61 -42 25 86 -21 -7 -72 
-20 1 34 21 -86 10 -71 -1 54 23 20 -6 38 -41 45 40 
-9 34 59 -9 1 7 -12 2 -35 25 -29 59 -48 -58 47 -18 
-55 -19 -11 -14 -16 42 53 24 71 77 -35 -1 -22 -23 4 -12 
14 -13 60 -29 36 62 83 -14 13 -38 30 30 -36 13 22 45 
49 61 -64 61 10 -12 6 21 -24 21 -54 -18 54 58 -52 21 
-16 -24 -68 -56 -45 110 -33 29 -45 25 -51 58 50 -67 27 -1 
61 12 9 -59 56 -6 11 -1 27 -10 37 -20 32 61 -1 -36 
-51 36 -89 62 -17 2 -16 -52 -23 -8 -12 -29 -32 -46 -10 5 
-52 -10 -11 -23 -32 46 52 71 37 -42 17 -60 6 33 50 -31 
-3 26 -64 -80 -26 30 20 4 15 28 -14 -3 48 -33 -38 37 
61 -43 13 59 29 -2 -10 -54 74 65 -10 -1 -47 39 1 0 
-43 5 -6 17 12 51 -10 99 9 3 25 13 -21 -27 -12 -11 
35 -7 20 -5 12 2 20 -5 -27 -30 -6 -16 3 2 -29 10 
4 59 -8 19 21 31 51 1 -25 -19 10 -45 -3 0 22 18 
18 -9 16 61 -62 -11 0 41 -47 39 2 42 -46 22 25 -40 
-20 13 -22 -25 -49 -15 15 7 21 -40 -37 5 -11 -5 -11 10 
35 -7 -27 -2 -30 48 19 56 -43 18 25 4 -7 -33 52 25 
-4 2 12 11 -30 1 38 12 7 19 -25 -9 20 24 21 35 
-23 34 -33 58 7 8 -11 30 32 12 -13 40 33 23 -1 -9 
44 19 -11 -30 -22 -43 7 -12 19 31 34 -20 17 24 -46 -58 
47 6 -5 9 25 -67 18 -58 13 33 -1 -24 -17 -12 21 -2 
-22 -49 8 46 54 -13 12 27 42 -26 -3 -28 14 -19 37 7 
-27 -5 -12 0 9 31 -24 -4 17 -2 3 -51 15 -3 22 41 
-26 -17 -25 -21 -34 -18 -5 -3 -17 -1 -36 -8 12 -12 16 -33 
-16 -28 2 -31 27 11 -53 6 1 -46 31 9 -3 25 46 28 
3 7 7 22 10 -26 -23 16 -15 13 -22 -4 20 32 -36 3 
-24 -21 7 -7 -6 1 6 6 -12 -30 41 -15 28 1 -20 5 
14 -17 22 -60 -2 -2 -33 -29 5 23 6 5 5 13 -3 26 
15 7 -4 21 13 -26 6 -21 -22 -42 -41 5 -46 28 4 33 
10 13 13 41 -39 -6 4 23 11 27 19 -35 20 27 -9 -39 
31 -52 -6 -51 -12 -13 18 6 -18 41 -10 -27 21 -17 -19 -15 
-14 -11 1 6 2 22 33 -7 -14 -21 4 -3 1 9 9 21 
-10 14 -10 -22 37 20 -2 11 -10 19 -42 35 -24 2 33 -21 
-6 35 -8 -20 41 -47 15 -7 9 -21 15 -2 11 36 -2 19 
-49 20 -5 12 -3 -7 -11 3 0 18 45 10 37 27 -68 -5 
20 -14 -21 -14 -60 22 -26 2 -52 13 5 3 -6 21 59 24 
-12 7 -18 52 -12 -13 -21 28 49 -32 -21 62 -32 -35 -26 -10 
5 -16 13 36 -20 -20 3 6 28 -1 -22 -18 34 -15 25 44 
-14 -51 14 -35 74 4 37 19 15 24 -22 40 -38 -12 -49 14 
13 19 -44 6 24 -14 15 -4 18 -25 35 -3 24 13 -18 -7 
2 42 32 -6 -43 -25 36 61 -9 12 36 -40 17 40 10 36 
-28 0 -2 41 46 -2 -4 -61 -38 -16 -31 -3 -33 -81 31 -21 
-39 17 17 -29 -13 11 6 -31 2 -16 -8 4 30 -21 -23 -2 
-26 12 20 -31 27 -3 -38 18 -7 67 8 2 63 1 -32 54 
-6 11 -11 -7 -1 11 -3 27 9 0 42 -4 -16 -9 -22 15 
41 -2 -2 -31 51 -30 19 27 43 -8 24 -2 -28 -37 -28 -8 
-42 41 8 20 -16 -24 19 23 2 43 52 -34 61 1 -13 12 
38 -2 3 -10 -33 28 -13 -45 -11 -6 -26 3 -35 -16 7 26 
-10 46 13 8 -3 25 14 16 20 24 -23 -13 20 -17 -25 -32 
10 -3 3 -36 6 -6 -17 -31 20 16 5 -2 -45 -10 0 9 
-10 -13 -14 -34 5 -2 7 16 23 -12 7 15 2 7 -4 1 
-11 7 -5 18 -35 28 12 10 1 13 -18 2 22 -43 15 6 
-16 10 37 -1 24 18 -10 -3 -4 4 14 -35 31 -16 15 2 
4 23 25 -20 2 -6 4 -19 12 -16 -39 28 8 54 -26 4 
-16 19 0 40 -33 12 -78 -4 -24 26 1 14 -11 16 19 44 
-14 -4 -4 6 7 -45 16 -18 -18 31 29 -42 32 -2 -27 -17 
-82 20 45 -22 -10 -22 6 -23 -64 7 -33 1 46 18 13 64 
46 -33 1 12 18 6 38 -19 -1 -28 8 -49 55 -56 4 -7 
-9 -9 7 12 2 -18 1 30 -25 18 -64 -46 -14 -16 38 12 
2 -4 3 -2 -31 22 21 15 27 7 20 -35 -2 5 -20 28 
20 0 -24 29 14 26 25 -37 -27 13 -10 37 -25 -30 8 -21 
14 -7 33 -22 -9 7 27 -32 -28 -23 9 -1 -47 -39 0 33 
15 -32 1 4 40 -13 17 -13 -41 -12 -8 13 10 3 -16 -17 
-3 29 19 -27 2 19 -17 -19 -8 8 32 20 7 13 -13 28 
42 -11 22 -19 -14 -8 30 -12 6 -28 1 -7 -12 23 -5 -7 
-30 10 20 33 -3 -31 -17 -20 31 16 -9 -8 -28 9 19 -26 
2 37 0 -19 -33 2 -10 -44 -12 -22 -7 44 -16 -16 34 16 
6 -3 21 13 8 -9 -3 13 12 36 -10 -26 25 -11 -10 23 
-2 -7 20 -6 5 -4 2 1 -1 -15 26 14 -13 40 -22 28 
18 16 -15 12 7 -7 -14 -36 -17 0 -38 1 4 3 25 3 
14 48 9 19 68 -14 0 -1 -26 44 -15 9 20 -30 21 10 
-38 -9 -21 -32 -4 33 13 35 -8 10 -28 31 9 22 33 -28 
-33 3 21 18 -22 34 -30 33 -13 -20 52 -47 -8 27 0 36 
-45 -20 8 4 -10 -16 -13 36 12 -15 -30 -1 15 15 -11 -5 
-61 -37 44 -37 -4 22 0 -8 -28 -11 32 22 29 33 -14 23 
-3 -4 2 -10 19 6 -10 -47 -12 -24 -28 12 23 3 -9 -23 
-25 -8 -16 28 0 -12 13 14 -12 22 -31 7 -68 42 17 18 
17 51 -5 31 -9 -9 36 36 -11 -16 -4 -6 17 12 23 15 
-2 17 -36 2 18 28 -27 -38 -3 -9 -26 -9 16 7 -15 2 
-3 4 41 21 15 -10 -28 -35 29 16 26 -32 -12 -24 -14 15 
31 10 -25 3 -8 -23 -35 17 -18 18 -1 10 11 50 17 3 
26 20 9 21 0 -4 -4 -34 7 -26 14 -18 -50 -18 3 -51 
-40 -10 4 -13 -12 -11 15 -27 -8 51 -21 9 1 15 11 -2 
22 -9 3 -8 -50 -8 25 -3 23 -1 0 4 -3 13 -6 33 
-18 29 -26 34 -10 -14 -27 25 21 13 -21 14 14 -15 -10 -14 
-8 -6 26 -9 11 -39 -6 10 2 13 10 -3 -31 16 -35 15 
21 6 39 -14 18 -17 3 10 -28 23 -5 13 25 -13 -16 25 
-3 1 -6 13 4 7 0 -6 -2 -1 -28 -20 12 -27 13 39 
-3 4 0 -9 -14 -1 -18 -35 -23 -12 -28 -22 5 10 26 23 
5 11 4 12 11 -3 -7 3 -39 -1 -6 37 -14 -18 19 -19 
-14 -16 -2 -7 11 21 -10 8 9 1 5 -1 16 -6 -10 -30 
-5 -17 -4 22 -4 -8 -34 -23 -6 -4 1 5 4 -11 -12 -19 
11 -6 -15 1 -7 -23 8 9 3 -11 -8 -25 20 -1 11 13 
-5 -13 -22 -8 -3 1 5 -10 30 -1 -1 -2 4 -3 22 -25 
10 26 3 -9 -4 27 11 -5 -6 -3 2 -11 -4 3 6 -37 
20 44 34 32 0 6 -51 -43 -21 -24 17 -5 3 -22 8 -6 
-8 -24 50 -60 21 -20 -12 -15 -8 2 -14 -9 -6 -38 25 7 
21 -4 50 -23 -12 6 -31 22 -44 17 23 2 -7 -14 -7 60 
-49 -6 -14 46 -11 12 -11 29 -14 -29 19 20 15 5 16 3 
30 6 20 -17 -3 25 8 -65 -25 16 -4 -39 -35 -19 -40 50 
-21 11 20 26 -26 -26 69 -25 -21 22 -4 -11 11 0 -2 -2 
-64 30 29 -19 -27 52 -30 1 -17 18 6 -11 -51 -58 -37 -19 
23 -47 30 -14 13 16 -30 20 -56 -4 10 -38 50 -20 15 -37 
39 33 66 -30 6 56 45 81 29 -40 -46 54 1 49 50 38 
-51 -35 38 -15 -18 66 11 3 24 6 4 41 -5 -20 -5 -53 
-85 32 23 4 -67 53 -34 -20 -22 -27 -25 -23 -43 13 -9 22 
-25 29 -12 14 -36 0 -1 -1 -56 -16 44 26 8 12 -27 17 
-18 13 13 -10 79 35 -19 -20 7 -4 -24 -7 -13 -17 -2 -8 
14 7 51 32 25 4 -22 -21 -21 25 53 -18 4 4 -36 20 
-23 -52 27 -2 0 -61 0 58 -5 5 4 6 16 -15 14 -2 
-2 6 40 -13 28 13 -33 58 -24 24 22 -5 -13 -18 -10 17 
33 2 -2 26 -47 -32 -4 3 33 -30 13 36 11 -75 -72 22 
-20 -8 -15 -19 -31 -13 0 -8 -20 -22 -15 3 10 -7 41 -22 
8 12 -18 -14 11 27 21 -2 15 23 17 -47 41 -1 -4 14 
10 4 -6 -16 -12 20 30 2 2 15 14 4 9 -4 17 19 
3 25 -49 39 -8 52 23 0 -9 -3 15 -2 8 32 3 1 
17 7 -11 -13 -20 0 15 19 -8 10 19 34 0 26 30 -6 
-13 58 6 -7 -10 -8 -6 8 -1 19 -25 21 0 21 12 47 
18 1 5 17 -8 17 -3 -17 9 -11 -40 25 25 -38 -33 9 
49 16 18 12 8 1 29 -32 13 -6 40 -27 13 -18 5 -16 
22 -53 32 3 7 3 -13 -3 3 31 6 -15 92 2 27 -21 
-3 28 -30 51 -22 -14 44 55 -11 -45 -16 -9 29 46 2 15 
27 -4 -16 14 2 46 -55 -12 14 24 12 19 28 12 4 51 
-32 9 9 18 -49 16 46 -9 -24 -18 -47 25 -8 -7 25 29 
-32 -27 -1 36 20 4 -51 27 -1 -4 -32 -35 26 12 20 21 
32 8 -6 0 -1 19 25 -22 -20 22 10 -23 -18 21 -22 2 
-33 -1 -17 5 -3 32 -1 21 55 14 -51 -2 -9 -25 25 -17 
-24 19 33 -38 -9 35 14 14 45 36 2 -26 25 10 -4 -1 
-8 -8 21 -57 37 -12 30 -17 34 29 47 2 -36 11 -23 -11 
8 13 -19 30 49 15 -47 31 25 -22 -55 21 -22 22 29 5 
-21 -10 -32 -3 25 -37 -20 -13 -3 39 38 -47 22 -30 -6 10 
36 -2 7 6 16 -9 47 -3 -29 -9 -12 -21 24 46 25 -11 
8 -27 -9 -35 -25 -13 2 -34 -7 -6 11 -14 -24 0 37 -9 
-26 1 11 -28 11 23 19 -13 -3 -25 27 6 13 22 -11 19 
13 -10 -9 15 -13 46 -42 28 34 -28 -1 -21 5 15 7 19 
-7 36 9 -20 -3 -20 4 10 -1 -12 -21 3 11 -23 6 -6 
24 -6 19 -21 -1 20 -22 -24 15 6 -29 -15 -1 25 -4 -7 
35 37 20 25 39 -46 21 32 33 -34 62 9 -1 58 -2 18 
66 18 -21 -76 -27 53 25 -15 -4 -12 -65 -30 34 -29 64 -14 
14 -9 43 6 -37 39 10 7 22 -10 19 -29 0 -31 -1 0 
24 -10 -37 34 -36 10 2 5 16 14 -15 -8 -9 44 -14 29 
-9 8 -30 9 17 -11 -11 -40 -36 -39 8 35 -50 21 -39 -49 
28 17 12 -7 30 9 14 5 18 0 18 -13 -26 4 -10 -24 
9 -35 8 0 -36 24 13 -8 -38 -19 -33 -7 -5 10 -8 28 
-60 7 -4 -9 -28 15 1 33 18 1 -23 -41 18 6 -14 -3 
-17 2 20 8 27 26 19 15 28 -7 12 7 18 28 -18 24 
-33 -2 12 -2 -15 32 28 0 25 20 15 -18 -12 5 -36 8 
13 12 -13 16 17 16 -9 16 12 -28 -17 13 4 -24 -14 -27 
-20 3 -23 1 -29 -21 19 3 -3 -19 4 -13 14 22 -11 -9 
13 -25 -15 -13 -28 -4 6 -19 0 20 -10 0 13 -18 14 6 
-44 7 0 25 -14 -18 70 -15 27 -6 7 -4 -23 -20 55 -23 
60 27 -45 -24 -26 36 -21 10 -4 22 -31 2 -43 -15 13 -26 
-10 -2 -43 13 -22 -27 27 -34 11 -12 15 -13 -12 37 -22 -6 
-14 -4 -5 25 -36 83 -30 -28 -11 31 -7 11 -8 -32 45 0 
15 -12 29 39 -56 16 32 -3 17 10 -5 1 -3 19 -19 -30 
-16 20 16 57 -7 -9 -7 42 2 9 30 6 -5 -8 -11 -19 
-8 35 -5 9 10 4 6 -17 43 0 -18 9 -17 -18 14 -27 
-19 11 8 -39 32 6 -1 -27 -30 6 -21 -4 -6 -15 10 -16 
3 11 -27 26 -10 -21 -19 15 -10 12 7 -11 -32 -15 -16 -32 
8 14 -13 23 -2 -27 -22 -9 -9 14 51 -20 -21 8 19 4 
-5 15 -32 19 -16 36 2 1 7 29 20 5 -8 20 11 -10 
-17 -15 -24 -58 -46 -16 7 -55 -31 -42 -30 34 -17 -19 -21 53 
20 -55 -32 6 7 -72 -77 -15 10 -11 -18 19 -47 -34 27 19 
36 13 -21 -29 -24 -51 -22 -18 -22 9 -14 -18 -5 -2 2 -10 
19 -6 56 -1 -21 18 27 20 -43 5 -24 -16 65 -39 1 26 
24 -45 -8 -26 4 -13 -1 2 6 13 36 -67 20 7 19 9 
1 6 30 16 -42 -8 37 13 -10 -69 -25 8 -8 1 9 4 
-11 7 3 -7 12 -17 -1 2 -2 -11 -11 2 -1 7 11 -3 
-15 -11 4 -2 -1 2 4 -5 -6 1 -2 7 -3 3 -4 6 
-10 -10 16 0 21 -33 -9 -2 -2 3 12 3 17 5 -8 1 
-7 4 2 -4 -3 2 -20 10 -1 -11 11 -1 -6 0 -1 10 
22 -10 4 -2 -5 -1 11 -7 10 -9 3 -4 -2 -17 0 -3 
-2 5 -9 5 12 -21 -9 10 -12 0 -5 4 6 1 7 -4 
20 -10 -21 -26 -22 23 15 -12 -31 -4 -22 8 16 29 11 -2 
-35 7 -41 18 13 -7 40 10 25 -2 -16 1 -35 -15 42 -14 
-8 15 4 4 -14 35 7 -14 7 8 1 -40 4 43 -20 17 
-11 -16 37 -12 -8 24 12 -5 20 6 22 -7 13 -23 -11 33 
22 16 -11 -9 28 9 -39 2 9 -10 -31 8 20 14 -4 -6 
5 -23 25 24 -10 -6 -30 -13 36 3 -23 -33 4 -4 -25 0 
0 -26 2 -2 -4 37 28 -26 -20 -11 2 18 7 -32 1 -73 
-16 5 58 60 -22 25 -27 21 -11 3 22 -5 37 -34 -41 7 
17 -14 -33 31 -9 -31 -16 75 -6 28 -12 32 -20 50 1 -3 
-32 -14 11 -42 -31 -9 3 1 -6 -19 30 4 0 -6 -10 -27 
-26 -16 18 -19 -39 -8 31 6 -22 18 -5 7 5 14 -22 3 
-8 15 -23 7 45 -2 12 22 3 15 2 39 24 -10 24 13 
8 5 -26 -17 -72 -81 26 -49 17 -11 -50 -13 39 -11 -20 69 
-11 4 -5 -40 -44 6 -43 -39 36 -24 -64 30 3 15 7 25 
-1 61 -13 -79 -23 31 3 -42 -9 27 -3 46 -31 16 -8 34 
-2 -9 -43 21 12 23 37 -39 -1 18 -36 -7 27 25 10 1 
20 -33 -10 -34 30 -10 22 -9 3 -42 -8 -27 -17 0 53 18 
-3 -10 -29 -16 6 10 61 -7 -12 -21 -28 6 -4 -8 20 23 
5 -18 18 -7 30 10 -17 -29 -2 -8 -21 17 -8 -7 11 -45 
-11 16 39 -10 -10 2 -35 1 -7 9 25 -16 8 -1 10 27 
0 14 6 -3 -11 -23 17 43 3 0 6 3 27 8 22 -9 
-42 6 8 -5 -19 17 -17 -4 12 -3 11 3 16 -11 7 1 
19 -13 -19 -27 -7 -46 -11 -13 6 -12 2 -9 -6 -4 -4 8 
16 15 -23 3 34 -7 11 21 -10 -8 8 4 0 27 -12 17 
60 -36 -5 8 -32 -5 13 -12 7 -31 20 63 7 -31 5 -17 
-25 19 12 61 -6 13 -20 -23 93 -6 -39 2 17 20 -5 5 
0 -5 -27 31 0 -41 5 6 20 13 -17 36 13 27 32 -37 
4 1 -13 12 37 -50 71 -40 27 0 -13 17 -32 12 -43 -20 
-15 -32 0 39 -44 -41 14 17 34 -31 0 1 -51 32 16 16 
14 -1 -57 -9 5 -13 5 11 42 -29 9 -23 -4 -44 5 9 
8 -9 11 -3 54 2 -49 2 -8 -12 -18 31 -22 -6 31 38 
6 -6 -51 26 65 -44 -1 42 -3 -68 -6 18 -6 60 -32 -9 
12 6 42 -24 -3 -24 -52 3 7 -10 2 -27 -6 -31 -7 16 
-46 -27 11 12 -13 19 -30 51 41 -24 -6 -6 6 -21 2 20 
14 8 -11 -16 1 17 11 9 -5 21 0 -41 -12 -16 -37 -6 
3 -13 32 -8 -2 -2 8 -17 -20 -29 13 1 -10 38 19 -21 
6 -43 -12 -42 28 62 12 -35 1 -8 6 32 -27 -45 5 -12 
30 11 41 32 18 13 1 -11 17 -3 14 -17 -6 -33 28 1 
3 -9 -44 18 -7 7 31 15 -5 -6 44 -1 10 25 -3 10 
22 -1 15 -30 51 7 53 13 4 -27 0 4 -40 -24 -16 20 
-49 39 -12 2 -8 -49 5 18 -22 -6 -6 0 -36 -17 9 6 
12 13 -7 -19 16 -22 -30 6 43 -38 20 -5 47 -10 -38 -12 
19 5 41 15 34 -28 -4 41 -8 -32 -36 -13 29 10 6 47 
40 -1 -51 31 4 32 11 53 29 -14 -4 -33 16 -10 19 34 
-16 2 4 -5 3 37 -13 -3 60 3 -30 -52 38 5 -28 -12 
7 16 23 22 -11 22 -30 23 14 19 14 0 2 -2 -3 36 
15 1 -43 16 45 0 -9 -13 -43 16 -13 63 19 22 -5 -45 
-68 11 -17 -7 14 12 -1 -5 22 27 -7 -8 -20 5 6 11 
-4 11 13 -3 8 -4 -12 -16 1 1 -4 5 -9 2 -7 -21 
0 -13 13 -9 3 -11 13 -2 -4 6 2 10 1 -5 5 5 
-1 -4 5 -7 -2 -33 -3 8 -8 0 4 9 11 11 7 -8 
-6 25 1 18 4 -5 -17 2 -2 1 4 -8 10 5 13 1 
6 -18 14 -12 -6 -4 1 1 -9 -2 2 -2 -4 -16 -8 1 
21 -3 0 4 -1 4 1 5 -12 0 -6 3 2 10 -2 -6 
-13 23 4 3 26 -4 -24 12 -17 -37 8 10 20 39 21 7 
0 -1 13 8 4 -27 -6 -15 -18 4 26 15 -3 -25 14 46 
-7 -46 -13 22 14 -35 -13 5 -21 15 15 -18 25 -40 -24 11 
-17 -1 -1 -5 -16 11 -19 38 -28 -8 -19 16 -29 -15 5 -3 
4 -1 -35 -16 0 -2 48 -9 12 -9 23 -14 3 1 -10 7 
7 20 28 17 7 -16 31 15 -12 10 -7 10 -1 6 -2 14 
0 0 0 0 0 0 0 0 0 0 0 0 0 0 0 0 
0 0 0 0 0 0 0 0 0 0 0 0 0 0 0 0 
0 0 0 0 0 0 0 0 0 0 0 0 0 0 0 0 
0 0 0 0 0 0 0 0 0 0 0 0 0 0 0 0 
0 0 0 0 0 0 0 0 0 0 0 0 0 0 0 0 
0 0 0 0 0 0 0 0 0 0 0 0 0 0 0 0 
0 0 0 0 0 0 0 0 0 0 0 0 0 0 0 0 
0 0 0 0 0 0 0 0 0 0 0 0 0 0 0 0 
0 0 0 0 0 0 0 0 0 0 0 0 0 0 0 0 
0 0 0 0 0 0 0 0 0 0 0 0 0 0 0 0 
0 0 0 0 0 0 0 0 0 0 0 0 0 0 0 0 
0 0 0 0 0 0 0 0 0 0 0 0 0 0 0 0 
8 -3 -1 -4 10 0 2 -8 -9 3 0 1 -13 -6 6 -1 
-18 0 6 12 -3 1 3 4 8 3 0 0 -4 -3 3 -13 
-13 5 -6 -6 5 2 6 3 5 5 2 8 1 7 4 4 
3 7 6 -3 13 4 4 2 9 -4 11 2 8 1 -9 6 
-2 -5 0 10 -7 0 -6 14 -6 -9 -10 -7 7 -6 0 7 
11 -1 -3 3 0 4 -4 4 -14 4 1 1 10 -7 3 4 
15 29 11 13 19 24 8 -32 -22 -5 1 6 -17 -20 23 -34 
8 12 37 -21 -20 -28 -30 -33 -23 4 -5 -22 17 -5 7 4 
-10 -13 -19 21 -5 24 -10 4 -24 -3 -6 -4 -2 14 -4 37 
0 11 -22 -3 30 23 -21 53 22 -15 17 32 -4 -7 -2 -16 
-31 11 -8 -15 -7 -6 16 3 -8 26 7 -2 15 16 -8 -15 
1 14 29 0 30 -3 9 -10 29 -6 20 16 35 17 6 13 
-13 -16 -19 -40 0 7 -28 -7 19 -1 7 13 -1 21 -6 -14 
-4 27 4 16 -33 -41 -18 -12 5 -21 17 -10 -8 9 30 -19 
-11 26 -14 -11 0 -18 19 38 10 -8 25 31 -3 3 16 -3 
-6 -33 22 1 26 12 1 19 2 2 -2 -6 -12 -3 2 -23 
-9 3 -28 11 -18 -17 -4 6 -19 -3 38 -43 1 -1 -52 40 
57 49 -19 0 -17 27 -2 -4 -12 -13 44 0 4 6 -10 25 
14 -2 9 -24 0 -36 -9 -17 -9 -24 -32 -25 -7 -26 11 34 
-8 19 -11 -11 -28 41 -34 10 -15 5 -30 -20 13 7 -8 13 
7 10 -5 -25 11 55 4 -10 -11 14 -12 7 13 14 -3 -2 
-34 12 14 22 -17 32 -4 12 3 -11 13 -21 55 36 23 20 
8 -23 -2 -2 -9 19 -32 66 -16 -4 -17 4 -19 -7 44 9 
40 -16 2 25 5 11 -9 0 -18 -16 -45 8 12 -4 -2 -4 
0 0 0 0 0 0 0 0 0 0 0 0 0 0 0 0 
0 0 0 0 0 0 0 0 0 0 0 0 0 0 0 0 
0 0 0 0 0 0 0 0 0 0 0 0 0 0 0 0 
0 0 0 0 0 0 0 0 0 0 0 0 0 0 0 0 
0 0 0 0 0 0 0 0 0 0 0 0 0 0 0 0 
0 0 0 0 0 0 0 0 0 0 0 0 0 0 0 0 
27 4 -19 6 -16 9 -21 -34 9 27 28 17 -20 -9 19 9 
-20 3 -1 -31 9 -10 -18 2 -7 -21 -20 72 -13 -23 -3 1 
30 -24 3 -22 -13 14 4 0 -13 -17 0 -1 -36 -4 34 25 
27 0 -3 -7 -26 -24 23 18 9 -7 -37 -6 0 -23 -52 -1 
0 -22 12 -12 -35 -7 0 30 10 36 35 -26 -11 -16 -36 1 
6 -16 22 -8 -12 1 15 -9 -4 4 41 47 -12 -3 -38 -17 
0 0 0 0 0 -2 -2 0 1 0 -2 1 1 -1 -1 -2 
-2 0 0 -1 -1 -1 1 1 -1 0 1 0 -1 0 -1 1 
0 0 1 -1 1 -2 -1 0 -1 -1 1 1 1 0 -1 0 
-1 2 1 0 0 1 -1 -1 1 -1 0 0 0 0 2 1 
1 -1 0 0 0 0 0 -1 1 1 1 -2 0 -2 -1 0 
0 1 -1 0 0 -1 -1 0 -2 1 0 -1 0 -1 1 -1 
-6 8 -5 11 -3 -23 -16 3 -14 -22 -15 4 -9 34 10 31 
19 -9 -5 -17 27 10 -2 -4 -7 -20 -14 -4 -3 16 8 -3 
20 -8 -5 14 -5 3 -17 -2 7 -7 13 -16 -1 -24 7 -24 
35 7 3 23 -12 -7 20 -13 6 -10 -11 -18 -15 -11 -23 4 
-3 -20 -16 19 12 8 -11 8 -14 3 17 -6 -7 -7 -6 -45 
5 11 -2 -8 -15 11 9 0 -5 -29 21 12 -29 -33 -1 8 
7 22 -2 28 -37 13 22 -32 -9 -8 -11 22 0 -13 -10 -3 
-10 -16 -16 22 22 -3 -5 -8 5 -5 -29 -8 -11 -12 -13 -35 
-21 -2 5 -2 24 -4 -8 -15 4 -7 3 -17 -14 10 -16 26 
5 -7 46 -1 19 -2 13 15 -19 -36 -24 9 12 7 -30 28 
8 13 15 3 4 18 -20 -8 11 -7 -4 -13 -3 -20 13 22 
-3 -4 18 20 -50 -15 28 21 9 -3 -8 3 36 6 -6 -31 
10 10 -7 34 -20 -18 -9 -29 24 -3 -4 8 -18 -12 -4 -7 
27 6 -32 -5 -1 19 -5 -32 17 -40 -17 -31 25 10 8 -21 
17 3 2 33 -4 27 -13 -14 -9 -7 -7 -1 -22 -13 -7 -17 
11 16 -2 24 -5 5 10 -17 11 -22 -25 -17 -8 -21 16 -3 
-9 28 38 7 -6 31 -6 2 -21 11 -19 -5 13 22 38 -25 
-3 11 15 -7 -10 -3 -12 -24 28 -26 14 -29 26 -28 -14 -24 
-14 1 3 -16 -12 -5 -1 -11 -1 30 -19 10 1 -4 -18 -22 
-11 -3 16 -4 0 -1 18 -7 -2 8 12 5 -14 2 -2 -11 
9 6 2 -17 16 7 6 -13 -11 -16 -6 7 9 -6 -4 -12 
-17 9 -8 -12 1 3 -3 -8 9 -5 11 -2 19 6 -3 -13 
7 -3 5 -19 -6 4 7 -4 19 29 -11 1 11 0 9 13 
9 -2 7 23 -15 -8 -23 -9 -12 -5 -10 -8 -14 1 0 -15 
-22 2 -37 -6 -16 -42 36 31 -8 -7 -45 -22 -11 -13 43 54 
-22 -12 -32 50 8 14 0 10 19 -1 -19 11 1 -32 5 -1 
-22 -29 -34 -6 2 2 -15 -37 -9 13 -8 -16 -11 12 -12 -16 
28 30 17 -10 20 4 6 -8 10 -48 -9 11 -4 -14 -16 13 
18 -2 9 20 2 42 -6 23 9 -8 -34 20 26 1 60 -24 
2 10 -17 29 -28 17 -19 -3 -2 -58 -31 10 22 -8 10 7 
-11 0 13 7 -6 -1 -7 3 6 6 -8 -5 12 8 -11 6 
-17 9 -7 6 -16 -7 0 -11 -14 4 6 7 -8 0 -5 11 
-1 17 -7 -6 8 -10 5 -3 -7 10 17 3 -18 -4 -11 -8 
-24 1 2 -6 -2 -18 -9 6 -3 10 5 -8 -2 -4 8 -7 
1 0 -1 -18 9 -7 -1 3 3 8 5 -7 -5 -14 -3 23 
-13 10 -1 5 11 -5 -7 -1 -5 40 0 -2 7 5 11 9 
13 1 -5 -27 -12 1 -6 6 11 6 14 -19 3 2 -16 6 
18 -28 -4 18 32 17 34 8 -7 20 9 26 3 12 -23 -21 
8 -4 2 9 4 -13 24 8 -4 -18 -12 -7 -13 -16 20 -15 
12 -2 -11 16 1 -31 -15 -7 -37 11 -13 -4 12 -4 -5 17 
0 18 18 -4 -11 12 -30 13 -4 -19 -6 12 -3 1 12 0 
34 -13 -7 2 -8 5 -30 12 5 -17 -15 -14 -15 17 10 -23 
8 2 -2 -2 -13 -4 -16 -23 -5 16 -12 9 -3 -3 -12 -16 
8 -1 2 -14 -5 -7 9 11 8 4 12 6 -4 -7 -3 -3 
17 -1 4 -4 2 21 13 7 -11 -9 -22 -5 -1 -2 -10 7 
3 -6 3 -16 1 5 2 -6 -4 11 -2 -3 2 2 -4 10 
4 7 -4 -22 -6 7 13 5 9 17 -7 -1 14 -12 1 13 
5 -7 -8 -1 -4 -16 -26 -17 0 -8 4 -12 5 0 9 -20 
4 -40 -7 -17 -13 -23 -31 14 13 17 -45 9 -14 -2 -14 1 
-10 9 -11 17 -24 43 20 -29 13 -19 -3 41 -15 15 -15 -33 
2 7 -26 -65 -10 28 7 -32 39 19 -7 21 -20 22 11 -25 
-34 -4 -36 8 6 3 -7 -8 -6 6 28 -38 18 21 42 -14 
21 -2 6 -17 12 -21 -18 6 10 11 -38 21 -1 -3 30 18 
-4 7 25 -14 -1 4 20 -22 19 49 -5 -9 24 24 -8 9 
12 13 27 -25 -8 3 16 -22 -10 -16 5 6 -13 -40 -11 13 
-6 -7 -18 1 11 -16 -23 3 8 12 -51 20 -12 -5 15 -35 
-11 1 12 46 23 10 8 -12 -3 -1 3 26 22 45 -7 -30 
-39 26 3 5 -15 25 4 2 15 -50 24 3 35 17 -10 33 
13 -9 27 4 6 67 4 -17 4 15 -23 -3 -2 -20 15 -10 
16 2 20 35 -9 -1 -20 28 -28 -13 -15 -10 -21 -4 -23 -41 
2 -5 8 -17 23 29 15 -12 -22 16 11 -15 -16 3 5 3 
-4 -27 32 13 15 24 9 17 -13 49 -13 -2 9 3 -40 -4 
-15 -23 19 -5 -12 25 3 31 20 -20 1 23 -23 -3 44 18 
3 -30 17 -8 13 -5 3 33 -3 -37 31 7 6 0 -32 -1 
-17 13 18 33 -42 -7 -2 11 17 -27 2 18 30 -12 -17 24 
4 -22 6 -13 -2 3 0 10 -43 -20 -14 11 -30 -7 -16 -3 
-2 3 1 5 -7 -3 -5 1 0 8 7 4 1 4 0 -2 
9 5 3 -5 -8 -3 0 -4 -1 -3 3 5 -4 -4 1 -4 
6 1 5 0 3 -3 -7 -10 -4 0 -1 1 1 -2 -10 1 
4 -4 -7 -1 6 4 -6 -4 -4 2 6 5 7 7 4 -3 
-2 -7 -1 1 -3 0 3 1 5 4 -1 1 5 -8 -2 -5 
1 2 1 3 -2 1 -2 -6 1 4 -1 -10 -5 -2 14 -6 
-8 -6 10 -16 -26 31 13 -5 -4 -3 -14 14 -11 4 -22 11 
-9 -8 -7 21 16 -1 9 -8 -1 -1 14 11 -19 25 12 -13 
0 3 -11 -18 -4 6 -8 -16 14 0 -2 7 -17 -5 -3 -14 
-14 1 8 -12 -24 -20 -5 -11 -4 5 -3 -20 37 16 29 -1 
-8 4 6 -5 0 26 4 35 5 -1 -2 -9 8 -3 32 -8 
10 -14 18 -7 -30 11 -17 -8 -4 -3 -9 -14 6 22 -6 -7 
-1 0 1 0 -1 -1 -2 1 1 0 -2 1 1 -1 0 -1 
-1 0 0 -1 0 -1 1 0 -1 0 2 0 -1 -1 -2 0 
0 -1 2 -2 1 -2 -2 0 -2 -2 0 0 1 1 -1 2 
-1 1 0 -1 0 2 -2 0 -1 1 1 0 1 1 1 0 
3 0 -1 -1 0 -2 1 -1 2 1 0 -2 1 -3 -1 1 
-1 0 -1 0 -1 -2 -1 -1 -1 1 0 -1 1 -1 1 -1 
0 -1 -1 -1 -1 0 -1 -2 3 1 -4 -2 -1 1 -1 3 
-5 1 0 2 0 1 3 -1 0 1 0 0 1 0 -2 -1 
0 0 -1 -2 1 -2 3 0 -1 4 0 4 -3 1 1 -2 
1 2 2 -1 0 -4 2 -1 1 -1 1 -2 -1 -1 0 0 
0 -1 2 2 0 0 -2 1 2 0 0 -1 0 -1 2 -1 
0 2 -1 0 1 1 -3 1 1 1 -1 1 1 2 0 -1 
0 0 0 0 0 0 0 0 0 0 0 0 0 0 0 0 
1 0 0 0 0 0 0 0 0 0 0 0 0 0 1 0 
0 0 0 0 0 0 0 0 0 0 0 0 0 0 0 0 
0 0 0 0 0 0 0 0 0 0 0 0 0 0 0 0 
0 0 0 0 0 0 0 1 0 0 0 0 0 0 0 0 
1 0 0 0 0 0 0 0 0 0 0 0 0 0 0 0 
-1 0 -1 -2 -2 -1 0 2 1 0 0 -1 1 1 -1 2 
0 0 -1 0 0 0 1 0 -1 0 0 1 -2 -1 0 -1 
1 1 -1 0 0 1 0 0 1 -1 -1 -1 0 -1 -1 0 
-1 0 1 -1 -1 2 -1 -1 -1 1 0 2 1 1 1 0 
0 0 0 -1 0 1 0 2 0 0 0 2 0 -1 1 -1 
2 -1 1 1 0 1 -3 0 1 0 -1 0 -2 0 0 -1 
-25 -20 9 -19 -19 -8 -40 -2 40 -3 22 -9 13 13 -19 -25 
25 2 -23 21 33 -15 -11 13 -14 -16 0 46 9 -23 -21 24 
21 -8 28 19 -42 -33 -6 29 -31 -18 9 -30 -28 -27 -1 21 
-2 -20 -18 21 6 3 27 15 -15 -15 -29 26 10 -2 14 16 
23 -12 20 20 -21 2 -21 -28 -14 36 25 0 -13 -1 -35 22 
45 -1 -5 -22 0 -6 50 -3 -8 -45 21 24 -10 -16 9 -7 
1 0 0 0 0 0 0 0 -1 0 0 0 0 0 0 0 
0 0 1 -1 0 0 0 0 0 0 0 -1 1 0 0 0 
0 -1 0 0 0 -1 0 0 0 0 0 0 0 1 0 0 
1 0 0 0 0 0 0 0 0 0 0 0 0 0 0 0 
0 0 0 0 -1 0 0 0 1 0 0 -1 0 0 -1 0 
-1 0 0 -1 0 0 0 0 0 1 0 -1 1 0 0 0 
7 11 -8 0 6 -3 1 5 -2 11 -18 9 7 -6 9 -7 
-18 -3 2 11 -3 -4 19 3 7 0 19 -9 -1 -4 6 10 
-6 -4 3 1 3 -13 0 -18 -7 -2 2 2 7 -5 -22 2 
8 -3 14 0 -5 3 -3 -7 5 -12 -1 2 -5 -1 -1 6 
7 6 -14 -8 2 4 2 -5 2 8 0 -12 8 -14 -2 -5 
1 5 -7 9 -17 -14 2 0 -18 13 -8 -8 4 -8 11 -12 
-9 4 6 -7 -11 46 34 6 -33 13 32 -34 3 -2 15 19 
-30 -51 4 39 22 2 -18 33 5 37 -28 -11 30 15 30 -15 
-42 -20 22 45 -19 -7 13 31 27 -19 1 -12 -35 -27 1 14 
32 1 9 -25 8 5 5 -7 20 -16 -14 9 27 20 -3 12 
9 -3 31 25 -26 7 9 14 19 -33 8 35 43 -26 8 -11 
-2 -36 19 20 -49 20 -27 23 -28 -29 -10 -8 -34 35 30 -40 
37 -24 -7 -5 20 34 -1 -48 -8 21 0 20 -21 -8 -9 -23 
0 -21 9 -15 -1 -20 22 -1 13 -9 -19 33 -44 -20 -4 -15 
26 9 -9 16 23 31 32 9 -7 1 -13 34 -4 -11 11 13 
19 19 -4 14 19 -18 48 5 12 -12 -25 -3 -23 -44 -24 -18 
14 21 -8 8 22 -23 30 46 41 21 -20 -18 -20 10 -14 43 
-14 -6 1 5 19 -12 5 15 -4 10 45 29 21 1 -38 -14 
0 0 0 0 0 0 0 0 0 0 0 0 0 0 0 0 
0 0 0 0 0 0 0 0 0 0 0 0 0 0 0 0 
0 0 0 0 0 0 0 0 0 0 0 0 0 0 0 0 
0 0 0 0 0 0 0 0 0 0 0 0 0 0 0 0 
0 0 0 0 0 0 0 0 0 0 0 0 0 0 0 0 
0 0 0 0 0 0 0 0 0 0 0 0 0 0 0 0 
34 22 42 12 5 50 15 7 -27 24 6 -16 -18 -21 22 -42 
28 -1 15 13 -2 -9 -18 -13 28 10 -4 16 -11 22 -11 -4 
-23 -5 -31 -39 8 29 -12 -13 2 -8 -4 11 -8 21 10 -7 
-4 -1 3 -24 23 0 -26 30 21 -11 -6 -20 7 11 4 0 
-6 0 11 21 -60 24 63 6 10 12 0 43 12 -12 1 20 
-5 -19 51 -1 -5 4 -10 -17 -30 7 -6 -23 16 -21 27 10 
0 0 0 0 0 0 0 0 0 0 0 0 0 0 0 0 
0 0 0 0 0 0 0 0 0 0 0 0 0 0 0 0 
0 0 0 0 0 0 0 0 0 0 0 0 0 0 0 0 
0 0 0 0 0 0 0 0 0 0 0 0 0 0 0 0 
0 0 0 0 0 0 0 0 0 0 0 0 0 0 0 0 
0 0 0 0 0 0 0 0 0 0 0 0 0 0 0 0 
0 0 0 0 0 0 0 0 0 0 0 0 0 0 0 0 
0 0 0 0 0 0 0 0 0 0 0 0 0 0 0 0 
0 0 0 0 0 0 0 0 0 0 0 0 0 0 0 0 
0 0 0 0 0 0 0 0 0 0 0 0 0 0 0 0 
0 0 0 0 0 0 0 0 0 0 0 0 0 0 0 0 
0 0 0 0 0 0 0 0 0 0 0 0 0 0 0 0 
-1 -1 -1 -3 -1 -1 -7 5 0 5 -4 4 1 6 5 0 
1 8 8 -3 -6 -2 -2 0 1 -1 7 2 -7 0 -1 1 
-3 -3 8 -6 0 -5 -2 -2 2 -3 2 -3 6 -2 -7 3 
-7 -1 2 -5 6 1 -4 -4 -3 5 5 6 4 4 0 0 
9 -1 -2 1 0 -5 -5 2 -1 1 -2 -9 12 -5 -6 -3 
1 4 4 -1 -4 -1 0 -7 -4 9 -2 -9 -1 0 13 -3 
