152 -98 157 94 -28 84 4 -54 -77 31 95 76 53 -67 -1 -43 
-9 -36 77 36 18 2 -28 -112 -50 -84 -108 -94 -64 19 -98 -46 
49 47 62 -30 -32 -9 9 -24 -45 136 -26 18 96 -15 -53 -19 
-122 17 74 73 2 -40 -31 -25 -161 -66 24 32 -104 -61 -26 64 
-29 -134 59 -54 -78 -119 1 -38 12 -68 -36 -13 41 -66 17 121 
0 0 0 0 0 0 0 0 0 0 0 0 0 0 0 0 
-68 -54 31 80 -92 -89 104 -108 113 -40 47 97 90 35 49 61 
77 -70 78 23 -78 27 -55 -24 0 0 0 0 0 0 0 0 
-43 -22 12 3 18 -56 14 36 -29 53 -37 24 91 2 8 18 
-44 7 2 32 1 -47 -19 27 0 0 0 0 0 0 0 0 
23 61 4 91 -2 28 -16 -41 34 -60 3 63 31 4 -97 -25 
30 96 26 60 -61 -129 20 -63 0 0 0 0 0 0 0 0 
-48 48 24 -40 109 -6 23 26 74 -50 52 20 14 72 90 -22 
-75 -101 83 -40 -31 37 75 60 0 0 0 0 0 0 0 0 
2 94 -77 -60 52 -47 -45 -36 -18 97 107 -54 -5 -57 125 55 
3 -82 34 -90 -80 -53 -113 -17 0 0 0 0 0 0 0 0 
0 0 0 0 0 0 0 0 0 0 0 0 0 0 0 0 
0 0 0 0 0 0 0 0 0 0 0 0 0 0 0 0 
-226 -62 -32 218 24 70 -122 -57 73 16 -19 -53 68 -113 -22 65 
-14 -106 44 -60 22 93 -16 -120 0 0 0 0 0 0 0 0 
-103 -41 49 -40 -42 27 -44 1 0 8 56 -6 6 19 61 29 
4 95 22 -76 -24 45 62 68 0 0 0 0 0 0 0 0 
-82 -49 14 44 63 -24 76 -47 50 87 -33 105 30 28 60 -70 
-5 -22 99 -24 -28 77 -18 -19 0 0 0 0 0 0 0 0 
18 -56 29 -14 -37 -45 -86 45 -28 10 98 -21 -31 -16 -91 9 
74 -21 -74 9 -50 2 -36 -87 0 0 0 0 0 0 0 0 
-71 81 -34 6 162 93 -37 78 -10 -10 -19 -29 117 47 -82 -51 
52 -68 -85 12 23 25 -23 84 0 0 0 0 0 0 0 0 
-13 52 5 36 -62 53 1 -100 -14 44 -75 27 -46 -57 -7 -38 
11 14 -16 -2 41 4 -37 -108 0 0 0 0 0 0 0 0 
-18 -123 -19 25 -29 74 89 -72 70 3 -34 -43 14 52 53 -86 
-77 -41 39 -127 -108 12 137 -81 -73 -14 -11 -33 -6 51 96 -56 
-88 28 -53 -30 -65 -62 134 155 0 0 0 0 0 0 0 0 
-85 29 4 59 75 -64 -20 12 11 -21 -57 25 19 -90 -29 42 
19 -22 56 -53 -55 -31 15 -73 -63 51 -36 -52 -39 54 24 -31 
12 57 64 22 0 23 36 2 0 0 0 0 0 0 0 0 
-5 -105 -23 -60 -72 -80 46 -74 -70 -47 -66 85 -69 100 43 -18 
-19 121 132 -6 -42 -78 -19 105 -71 10 5 -51 132 32 60 -25 
-56 -62 -104 -61 -18 -34 -24 17 0 0 0 0 0 0 0 0 
9 -4 -118 -49 -26 68 51 78 -17 -49 -89 -21 63 -135 120 99 
21 -27 12 -5 -57 -108 16 114 69 -26 70 5 45 33 7 58 
-119 155 43 33 -92 -32 -5 -3 0 0 0 0 0 0 0 0 
-33 -51 39 -42 -33 -117 11 56 -77 -20 76 -21 -50 64 32 -15 
-14 -102 -51 47 52 104 -24 45 46 -72 20 -47 -31 -73 2 -27 
36 22 -59 53 -47 -26 -47 -4 0 0 0 0 0 0 0 0 
72 -14 57 -12 -36 -9 -18 -26 10 10 8 32 -3 22 -39 -77 
-18 122 0 -87 -103 -15 117 -11 -14 58 35 54 -13 102 112 -39 
14 -7 -99 -97 56 -47 -40 -50 0 0 0 0 0 0 0 0 
46 -120 174 2 171 4 -119 -13 -162 114 -38 -9 -126 70 10 -39 
-60 13 1 53 109 -44 -47 -35 -69 -36 -144 54 23 -80 -20 -122 
-41 -37 -39 2 6 134 -97 -146 0 0 0 0 0 0 0 0 
-35 -7 -41 -36 -57 -79 -53 42 -93 88 -69 -33 -3 -9 -5 -4 
-136 -85 11 -3 94 -67 56 56 46 6 49 4 26 62 -7 -56 
64 83 23 70 -69 -18 55 -43 0 0 0 0 0 0 0 0 
-17 -21 132 42 -57 11 -61 14 -89 4 -91 23 -10 75 31 16 
96 57 29 88 -153 -57 56 0 21 -34 -22 -5 0 42 26 -91 
127 -78 -33 -35 11 8 67 44 0 0 0 0 0 0 0 0 
34 121 -98 -89 4 -24 -52 95 41 -72 -16 -59 -11 -21 23 72 
-35 -2 -6 -81 -25 -62 -7 151 -7 67 8 -71 74 -63 -33 -3 
-63 50 -47 136 -112 54 18 -35 0 0 0 0 0 0 0 0 
11 21 54 38 12 -66 -83 -7 57 -58 17 21 -64 -38 -51 32 
-47 38 -92 98 -11 61 61 -51 99 -124 -116 -60 -24 -46 -17 15 
40 -29 -12 47 -10 15 -28 27 0 0 0 0 0 0 0 0 
22 16 64 93 -10 -49 69 -45 0 -61 -20 56 49 -44 -29 -38 
43 56 74 53 1 91 -25 -5 7 82 -59 -18 30 -82 -20 114 
49 -49 87 44 -55 38 65 10 0 0 0 0 0 0 0 0 
-75 5 -89 -18 -20 39 -12 -61 -24 31 -14 -15 31 1 18 -4 
107 53 57 108 11 -65 27 68 12 64 72 -51 114 -111 53 14 
-60 17 -44 41 -17 -33 66 107 0 0 0 0 0 0 0 0 
-68 -25 -33 35 -33 43 44 -120 -68 -4 -4 -14 3 -100 37 -48 
49 12 -48 53 -4 50 -54 8 141 -18 -82 -58 -7 16 29 57 
-37 72 -102 128 -4 40 -72 -124 0 0 0 0 0 0 0 0 
18 -40 -24 -54 2 -5 -5 5 -42 126 -51 77 22 82 -32 -108 
49 -44 -42 112 24 56 -90 36 47 49 -17 -50 55 46 70 99 
-63 77 -138 7 6 -53 -50 10 0 0 0 0 0 0 0 0 
41 1 50 -66 60 -8 -15 -31 28 -44 -71 81 -79 18 34 -30 
-15 13 65 -33 -14 97 -33 -3 -10 -15 -4 -19 -46 -26 9 -18 
21 1 -43 -20 86 -51 -20 -24 0 0 0 0 0 0 0 0 
-13 -23 -27 24 30 68 -6 11 -9 -42 35 30 -35 64 50 12 
-12 -44 36 -22 -78 6 35 61 -31 -2 -27 51 -21 -37 -10 -57 
-15 -39 0 60 10 -4 70 15 0 0 0 0 0 0 0 0 
-43 -17 29 44 -23 -15 65 -58 -33 -36 -23 -9 17 -35 -46 -59 
30 -21 -8 2 15 -70 29 -36 -9 -10 48 44 94 41 -20 112 
1 112 16 -12 28 17 -100 -71 0 0 0 0 0 0 0 0 
78 -41 9 1 26 12 -30 -24 -35 4 -53 -52 -2 42 32 -14 
3 -22 67 -65 -16 23 -25 -35 -10 47 40 -14 -38 34 -13 -1 
88 68 44 51 43 18 -18 -24 0 0 0 0 0 0 0 0 
71 -10 70 29 -60 46 -7 10 -31 29 -73 -65 62 -89 16 5 
-80 -6 42 83 -77 81 14 -12 -21 -7 -3 -23 -21 -11 37 -10 
-2 -47 -35 -29 -28 -58 -13 -30 0 0 0 0 0 0 0 0 
24 52 -53 5 23 -13 3 38 0 -75 -19 -4 13 72 26 24 
-16 30 -32 -17 -91 32 -41 54 -44 17 56 0 44 -45 33 54 
-15 48 -108 -66 12 -27 -15 8 0 0 0 0 0 0 0 0 
-102 -33 17 42 -39 25 36 48 -58 2 51 9 -22 -92 30 3 
-56 27 31 14 -42 9 -24 -36 -27 30 24 8 37 -30 89 -33 
-24 -4 3 -30 -109 70 -63 -8 0 0 0 0 0 0 0 0 
-37 22 3 13 41 52 -55 8 -11 -54 -54 -44 59 -19 8 57 
-37 1 -5 -16 23 40 15 27 6 60 -81 34 35 58 -8 18 
11 75 17 46 -67 23 48 -46 0 0 0 0 0 0 0 0 
-54 -6 7 -18 35 -22 -57 41 -29 6 67 33 -17 -44 -4 -15 
-65 21 4 15 47 33 19 73 15 1 -35 6 23 -15 23 75 
-101 -37 53 -39 36 18 -33 -4 0 0 0 0 0 0 0 0 
-26 55 28 46 -2 20 23 20 57 6 29 44 31 -44 17 -89 
0 -24 -26 -6 36 -43 45 -75 -32 18 -8 19 -25 7 -26 28 
-28 -39 -33 -12 -20 2 7 -42 0 0 0 0 0 0 0 0 
33 0 -34 -57 -17 17 -24 56 -6 -88 -81 -48 -63 -64 81 -14 
-29 -9 60 71 39 -31 -26 -25 24 19 28 -45 40 -22 -29 78 
35 18 -35 8 2 20 -65 -62 0 0 0 0 0 0 0 0 
0 -16 39 -3 -27 -28 23 -7 93 74 -31 53 42 -25 41 -53 
-25 67 21 -70 -64 -21 5 -15 7 67 -52 -10 -45 -8 -37 44 
43 -81 64 85 -16 -36 21 45 0 0 0 0 0 0 0 0 
-18 43 -67 4 8 -18 96 -24 13 17 37 7 59 34 -35 -116 
18 -75 -28 -15 36 -38 21 -84 8 -10 -2 5 -58 2 -43 37 
3 11 -21 -8 -21 87 30 -6 0 0 0 0 0 0 0 0 
-5 -2 -4 -48 45 19 3 -5 4 -10 32 85 24 23 -11 62 
-14 -25 -3 -29 -2 24 0 -17 21 -20 25 -83 89 -91 26 -2 
14 43 -33 21 -31 -44 -14 16 0 0 0 0 0 0 0 0 
-85 -12 16 35 -33 -37 33 -12 84 -18 -33 -49 -78 -16 -53 -3 
77 -4 33 11 31 16 6 -40 48 17 80 -13 22 34 27 39 
59 -87 -81 37 81 120 -90 41 0 0 0 0 0 0 0 0 
51 -13 81 3 57 16 -16 -4 14 57 -33 30 -11 8 3 -7 
-27 -22 -9 20 -8 39 41 -34 9 40 0 43 2 93 19 -41 
25 -33 -22 16 -9 25 -69 38 0 0 0 0 0 0 0 0 
-1 -44 -27 -39 41 -26 -12 -45 -43 3 -54 0 11 -43 48 -5 
4 34 7 -28 -18 -30 -17 -21 13 -44 13 -19 -27 -1 21 29 
-25 33 -19 -12 -3 4 -60 54 0 0 0 0 0 0 0 0 
-36 21 2 40 36 -17 -9 19 9 -4 -48 -21 22 4 41 3 
-63 19 61 -7 2 14 29 -11 0 9 -47 -55 30 22 -23 2 
20 8 6 -51 -24 -48 -22 6 0 0 0 0 0 0 0 0 
0 -72 12 -7 12 -74 -25 11 31 1 -22 -35 -26 38 51 -7 
51 -8 2 -41 -28 -11 -53 46 -53 3 -8 30 -65 19 29 46 
45 65 -15 -14 -75 -30 -28 47 0 0 0 0 0 0 0 0 
22 -43 10 17 -33 39 19 -57 29 62 -55 26 -46 -38 -15 -33 
45 40 -17 53 -85 14 -41 -20 35 27 -50 21 -10 9 32 48 
-25 -63 11 60 23 -18 -2 -3 0 0 0 0 0 0 0 0 
-15 23 -54 14 28 -8 -11 -33 -26 62 -7 15 -1 24 -47 -32 
-37 7 -47 22 -16 42 -33 2 -17 7 19 25 -4 -18 -13 15 
37 39 -37 7 30 11 34 22 0 0 0 0 0 0 0 0 
74 -8 -40 64 25 -88 18 12 19 32 -2 17 -40 -11 -36 -66 
25 -2 24 9 40 11 16 30 -28 15 -49 39 26 -42 57 -31 
27 25 47 23 -2 5 2 -35 0 0 0 0 0 0 0 0 
0 0 0 0 0 0 0 0 0 0 0 0 0 0 0 0 
0 0 0 0 0 0 0 0 0 0 0 0 0 0 0 0 
0 0 0 0 0 0 0 0 0 0 0 0 0 0 0 0 
89 -77 5 85 15 -47 -25 -17 29 -49 1 -9 143 9 34 20 
-27 65 32 77 90 21 4 37 -24 -71 18 32 117 25 71 -37 
53 -9 27 -101 13 58 -45 -72 -23 52 22 -157 -6 -5 -20 -123 
-33 14 45 86 -82 59 -40 28 -27 -98 137 -86 118 48 38 -52 
36 80 -72 -29 46 -13 -7 8 60 -11 -2 52 9 -96 -37 61 
-18 25 3 -47 -95 43 -34 -40 -19 -134 90 22 34 106 -55 -25 
-28 10 -58 -28 -52 37 51 -12 -8 -94 48 -36 52 -69 -40 -41 
-37 132 60 -103 36 -84 -44 42 -62 44 -31 -42 91 19 0 97 
-12 -54 -29 73 41 -49 7 33 58 30 25 -30 1 -24 39 10 
46 -51 34 16 -45 -41 -29 64 -70 0 -71 37 -29 38 27 12 
3 26 -1 16 15 -60 -22 23 -2 -41 -43 -30 -7 38 18 -16 
26 -52 38 60 -79 1 35 71 3 42 101 -46 -50 18 6 -57 
-58 17 -42 -117 -7 34 56 -9 59 94 -80 -53 -38 -136 -46 -18 
-53 74 -101 62 33 -118 10 -110 -72 66 -68 10 80 104 -22 21 
-20 46 152 -13 -14 9 140 22 -103 19 91 22 -86 -8 4 -97 
1 112 -55 35 38 10 -55 37 -29 53 -9 -21 56 -6 -133 39 
-5 25 -6 44 61 41 11 4 -47 60 -3 22 -48 48 -12 -4 
5 28 -86 53 -12 36 25 -12 -5 -23 103 -40 0 -42 -10 53 
-20 30 50 82 106 -15 -13 44 31 -2 91 57 -93 21 15 -19 
4 -57 -83 -71 -24 -6 57 -29 102 44 75 -38 -115 -74 21 54 
-18 45 40 -48 63 -10 63 -51 -36 16 44 12 134 -10 26 14 
17 8 105 -8 -74 42 80 63 94 69 -12 -71 27 -55 103 -63 
-39 -5 -26 19 27 -9 8 69 -80 -44 20 -28 -9 16 -31 -8 
16 -22 20 22 -98 -26 43 16 -39 -9 -53 82 -41 -13 66 94 
30 88 30 -8 -48 58 -50 18 33 -94 47 11 16 -37 -8 50 
-85 54 -19 16 29 76 -51 -28 -8 -44 26 -68 -7 -59 -62 -72 
4 34 -63 45 82 -64 -69 -18 41 -59 -85 -8 -9 34 45 55 
-27 -12 53 39 13 -41 -67 -38 20 -126 -4 60 18 -39 21 18 
-18 53 -16 -21 8 41 80 -26 79 60 -73 77 15 -5 63 -97 
-62 18 8 24 45 20 34 27 -71 -38 38 34 19 38 7 6 
54 23 24 42 -39 7 -51 -7 -21 36 4 15 32 6 31 2 
-36 16 3 -15 35 -28 -73 22 -39 -44 -51 -43 71 13 6 36 
-19 -66 26 -56 9 29 12 17 9 -2 40 75 -35 24 13 26 
-68 35 -32 -12 -35 63 9 -46 -63 54 14 -21 -52 44 -17 46 
58 51 -17 -31 -37 17 -44 28 72 7 -29 11 -42 31 29 50 
42 29 15 11 -19 96 4 -1 12 56 -7 -31 34 -77 -27 -29 
-22 8 42 32 38 -19 19 5 -63 3 -24 11 -35 -2 5 -6 
-13 29 -20 45 37 2 -4 14 7 18 16 58 3 -22 28 -87 
4 -15 54 21 -41 2 0 48 -15 11 39 -21 27 21 -34 24 
32 -13 11 23 21 -55 21 -38 46 -8 7 -8 2 71 16 65 
27 -12 -34 41 7 -26 -40 -44 30 -31 39 -17 28 -21 -68 -47 
-25 -23 -20 -92 33 25 -52 9 15 7 -31 -4 22 4 -20 11 
-22 -48 -5 -34 -7 12 11 31 -29 2 13 28 -62 16 3 12 
6 -30 38 -43 -9 -36 8 86 -1 22 -7 6 7 -12 64 -28 
18 56 -19 57 8 34 26 -19 14 20 -13 -37 3 53 8 28 
-1 23 -8 30 15 -58 -2 -30 21 -34 19 -24 3 -47 -60 -18 
36 -22 -49 -18 51 2 60 -34 -23 -20 71 25 -59 5 -10 2 
-2 64 -90 -48 20 -48 -22 -13 -77 3 1 2 -1 -10 -23 15 
-22 -38 26 -16 -17 33 31 42 -73 28 70 59 -3 22 -35 -10 
-1 39 2 -1 -38 28 11 -22 26 -15 22 -71 3 -39 -38 38 
45 2 13 13 -24 -41 16 46 36 12 -9 -51 16 -4 -5 -31 
-13 12 7 -19 56 -55 -49 2 -64 18 3 -44 -9 -8 -90 -69 
3 -58 59 12 49 -36 45 -35 -79 -41 22 -43 43 -40 55 1 
-115 10 -70 109 -69 60 -13 -8 2 45 45 -86 -30 -39 -46 4 
17 31 -14 39 37 7 11 -44 -16 39 -21 31 26 27 37 16 
-1 -23 7 -27 28 -50 -2 -29 6 -10 45 9 -18 7 -33 -9 
17 -59 -15 -77 5 -6 -43 34 -38 -36 -38 22 -27 17 -57 26 
37 -4 -5 2 -21 -17 -22 -44 -5 -1 -3 -16 78 -43 -20 15 
-6 26 33 -18 2 10 -4 -8 -86 28 15 -19 14 -8 36 40 
8 -14 10 -58 -24 -12 -22 -9 5 15 -24 -8 -6 -30 -2 -11 
-23 -30 60 -34 -1 3 2 -7 -4 -91 60 -50 31 -86 -14 -28 
16 35 -18 -26 -13 79 44 -14 35 -11 -16 14 31 -54 -19 24 
63 39 -30 10 21 -40 58 -35 57 14 13 -17 90 -54 14 2 
7 53 13 12 5 -33 16 -64 44 15 -47 7 -46 41 -39 24 
-46 -4 11 -5 -12 -7 16 -50 27 -20 4 79 34 96 -4 23 
31 59 -18 22 26 -64 -24 14 -15 -43 14 -13 27 -46 -8 18 
-53 -13 -85 10 33 110 -26 33 -37 5 -53 -22 3 12 77 -4 
-6 61 43 -44 32 -9 5 -29 18 -42 36 81 -4 76 -33 -19 
-43 11 -51 11 -63 14 31 -36 -24 -23 -71 -64 53 9 -38 -12 
-1 -37 13 -26 -1 -26 -34 21 25 -65 12 33 -12 -27 -29 39 
-40 -4 -5 -51 16 34 -28 36 17 -31 1 6 0 7 1 -57 
2 -28 -9 -5 13 30 -45 -3 19 21 -7 5 -16 41 6 55 
9 13 46 -5 4 0 -22 -3 16 -45 -31 35 60 -15 4 13 
-29 27 -13 15 -1 -34 -45 -41 -46 19 18 11 -5 -1 44 -4 
0 -38 94 17 38 -86 -10 4 23 -23 -18 31 -47 24 -40 -48 
-2 11 9 34 26 5 -43 -51 -37 -67 -27 -37 -2 -53 10 -17 
-29 27 77 7 -55 10 -21 3 -79 22 -57 77 21 -43 80 -37 
3 -31 77 5 34 -21 -15 -61 34 -3 -2 40 -27 -6 -9 -11 
-4 -18 2 -56 -25 -72 14 -44 1 -8 7 36 -70 -15 14 -34 
4 56 -20 -47 34 -6 -18 31 59 26 9 0 16 -45 49 -89 
15 -107 -13 15 22 -36 -60 36 41 19 36 -4 -22 67 36 18 
-23 0 -16 -22 40 5 -2 27 -9 16 -22 12 11 3 14 -2 
-8 -23 -5 20 8 -26 8 11 -6 -24 26 13 -16 49 45 18 
-7 -12 7 -8 -5 15 -30 19 37 -23 -4 -47 -6 -32 -8 -23 
0 -37 30 -3 -12 8 5 -15 -8 9 35 -18 -15 -4 -14 25 
-4 6 -24 -9 -1 15 -25 -22 -4 -23 -19 3 -8 -22 -14 -34 
0 5 -18 -22 5 -16 -7 -32 -16 -7 20 -53 7 -7 10 -33 
-17 -41 -54 -4 53 5 6 2 -15 29 16 -36 24 19 -18 -18 
25 -34 -15 -42 9 -48 0 -48 -43 -41 75 65 -35 24 12 -6 
-32 14 -48 -50 35 12 4 -6 11 -26 46 -4 19 -17 -18 34 
36 10 -18 55 3 24 -53 24 -3 -34 11 -25 -1 -22 30 -42 
5 -1 -4 -58 28 1 20 48 -40 -14 -6 27 -12 -47 -28 -8 
26 3 62 -31 1 -25 -42 -1 -17 -20 -12 15 6 -17 -42 -14 
6 25 17 -14 -9 -4 51 18 18 -5 -11 -33 -10 -43 34 37 
-6 9 -36 7 -3 -3 -5 -21 -20 42 7 6 -14 -4 -10 7 
15 -20 -2 9 -13 6 30 -13 -28 30 3 -37 -20 16 -46 43 
-5 18 -13 11 0 56 -51 26 11 -7 8 41 8 -13 11 40 
29 77 11 2 10 20 -14 17 -62 -20 12 31 15 -25 37 4 
-5 15 0 1 -11 -3 -7 -44 -7 -13 16 4 21 24 -9 -7 
5 18 15 6 -20 -18 -4 10 24 -8 -30 -1 8 30 2 0 
-18 23 -19 -18 -26 20 -13 -21 -15 -6 -9 12 -8 11 -18 15 
-13 -4 33 8 36 -32 6 -10 -9 13 4 24 -1 7 -24 6 
4 12 7 3 -16 -3 -25 11 -20 -2 23 -4 14 -2 19 -5 
25 -3 5 -19 5 -18 10 -18 -15 3 -32 -3 -15 -11 -17 5 
3 0 12 -17 14 -1 0 0 -17 36 -40 -2 9 -16 39 -4 
13 -17 17 1 6 1 -21 -22 19 1 19 9 -14 9 2 21 
6 9 -8 -8 21 -4 1 -13 -6 -23 -2 11 -3 -9 21 -3 
-11 -9 25 21 22 3 14 12 -8 -8 36 12 15 11 -10 21 
-14 -17 34 3 -24 45 -22 8 13 3 14 0 -6 -1 -2 9 
5 15 0 -18 -18 11 9 -10 -36 29 6 7 9 -13 14 21 
14 9 41 1 2 -28 -6 -15 -12 2 4 -15 -29 12 3 -16 
-2 29 26 13 0 18 10 -26 -4 2 -1 -18 6 -17 36 -20 
18 22 20 -35 -7 -16 -51 12 -20 -5 10 -20 40 -27 -20 15 
14 -19 9 -19 -20 -19 11 26 -15 26 -14 -23 -11 -35 1 6 
-3 4 3 -30 -1 6 -11 26 -14 39 -26 32 -22 7 31 5 
-22 19 -34 -11 -4 -12 24 12 27 27 31 -15 -1 -26 -27 33 
-52 18 -2 -25 7 1 0 -13 -31 -1 34 16 36 41 6 6 
13 8 4 2 30 -17 -52 7 -34 1 25 65 -2 -33 51 -33 
18 6 19 20 7 2 -44 -23 -5 -21 -10 -5 13 21 -7 -8 
-27 -38 34 -12 -20 6 -32 21 0 -8 -3 -1 -14 3 8 9 
24 -8 -20 12 -2 -36 -14 -6 -19 -7 30 -4 -6 12 -36 1 
-12 -13 13 44 -43 28 12 -17 3 8 23 14 6 -10 -24 -16 
7 13 6 -18 5 -6 26 -27 -17 -34 1 0 23 -44 31 -5 
-42 -18 -27 -16 -48 14 19 23 33 -9 -24 33 45 2 -33 3 
-28 -6 6 -11 -2 5 -46 -57 5 -17 29 13 -39 19 41 31 
15 56 -25 42 -1 -2 38 14 3 20 -17 28 20 39 -12 6 
-24 21 7 15 22 -7 48 -15 30 6 19 -7 21 -25 6 -36 
27 11 -5 -88 -4 4 -48 1 17 46 18 -32 -57 -1 21 -21 
1 9 -17 34 -15 -12 16 -4 -7 9 -15 -23 11 -19 -59 6 
5 3 0 6 1 -3 -3 0 4 -7 3 2 3 5 -1 -4 
2 12 5 -4 -6 2 -4 -9 -2 4 -3 1 -3 0 -4 3 
-1 1 -1 4 5 0 1 -5 0 3 0 4 -1 -3 -3 -7 
-1 2 -4 -5 -4 -11 0 -2 -3 3 -2 -2 2 4 0 -5 
1 -3 -2 4 1 -6 4 2 9 -1 5 -3 -3 -1 -4 -5 
-5 -6 0 -3 5 2 0 0 3 13 -1 8 1 -6 8 5 
-14 14 18 21 16 10 -5 -28 11 -5 19 -1 -1 17 11 13 
5 12 7 9 -18 -9 8 16 -17 10 3 -7 0 -10 -19 14 
-13 -27 6 -6 18 -15 2 -10 -16 8 9 -1 -4 -12 -12 6 
-8 -6 1 -33 -12 -16 -11 19 0 7 2 5 -13 6 -11 5 
4 5 10 6 -26 18 23 2 31 16 5 7 -1 -19 -23 8 
-23 4 3 -8 22 -22 -8 1 -9 4 -7 0 25 2 11 6 
25 -29 45 -5 24 -10 -23 23 -20 -27 22 26 -21 -12 25 39 
-21 8 -29 -20 14 -2 -28 16 2 -53 -35 -21 -12 13 -11 7 
0 -45 16 -7 5 -5 -9 -7 5 -18 50 23 48 2 -4 36 
-55 25 19 25 -41 24 -27 63 29 -27 18 -2 18 16 -13 -24 
35 -19 1 -10 -41 16 23 -26 -10 83 -10 16 -27 -47 -24 15 
-29 15 23 8 -11 -11 31 0 -24 40 -12 20 -1 15 -15 -48 
4 22 3 16 -7 -16 -30 7 -10 3 -17 29 -33 -2 12 30 
-16 24 -5 -15 38 -9 28 22 -10 0 -11 34 -30 3 14 1 
18 15 23 -3 3 -13 -5 2 -20 24 -8 38 -34 -47 -12 -3 
20 12 -5 -22 2 -16 20 12 -7 17 -44 3 -21 5 -56 -25 
-6 -17 1 -7 5 28 -1 11 7 23 43 -59 16 14 -18 -34 
30 7 7 -4 5 23 14 7 18 -12 33 12 -35 34 -19 -47 
65 -36 -18 -25 -18 18 1 -41 -15 -4 -16 17 -7 -36 48 52 
-22 25 -23 45 26 71 32 0 49 17 30 22 41 47 37 39 
6 -28 2 -20 -57 2 -36 -32 -4 10 -15 -39 -21 51 -12 -1 
-4 -27 -23 -18 2 -27 34 11 47 -54 37 18 -44 -7 -18 25 
13 -1 35 3 -17 57 11 -9 38 -22 -46 -5 29 -3 24 67 
16 -27 -13 17 6 13 -37 -17 0 -51 -41 -1 27 1 3 -19 
23 33 37 33 28 7 0 -42 10 -43 6 27 -31 1 -5 -9 
8 15 13 -33 -3 4 -42 10 -17 45 -15 -30 3 -21 9 4 
-37 -43 13 -11 6 6 20 6 -8 32 -18 -4 10 -37 5 12 
52 3 -9 -21 11 -20 26 29 -2 3 -49 6 -10 25 -29 28 
-16 -20 1 1 15 -31 -18 17 57 -53 10 3 -23 -15 -41 22 
-25 5 -56 -26 22 -18 -12 7 -10 -27 26 -3 20 -19 -35 9 
2 -7 9 20 6 2 4 -33 9 -32 -16 -13 -8 23 5 37 
17 27 -24 4 3 -14 -23 -3 -13 -22 -4 44 -31 -13 10 31 
5 -16 12 20 26 -23 7 19 -35 12 15 -7 25 11 -11 10 
-26 -5 24 8 13 23 -9 25 2 -23 -22 -11 -13 -7 -7 16 
37 18 -10 -10 5 19 37 -51 -27 9 -10 -12 9 -16 -13 21 
-8 -8 -5 25 2 -20 -18 8 8 26 -14 20 4 24 36 1 
25 -5 -6 -4 0 -7 -39 -16 4 2 0 10 0 14 4 2 
3 24 23 -12 29 -32 -17 -22 16 -31 -15 47 0 5 -28 7 
12 0 2 -10 13 0 16 -28 -2 25 15 11 -16 -39 -3 4 
-6 14 -19 33 14 -26 -11 9 -17 20 -16 -23 18 -14 -23 -44 
41 -25 13 -2 21 -20 19 51 20 16 14 -32 -11 -17 -7 -5 
0 -10 10 1 -12 10 47 8 8 41 48 12 0 24 -10 9 
-17 1 -3 16 16 2 -14 -8 5 -21 3 -16 -6 26 -2 -5 
-2 -7 2 17 0 15 21 22 -32 3 3 12 3 -4 -25 18 
-12 -28 1 -21 23 -47 -16 -11 -15 -9 11 23 5 3 -2 15 
20 7 8 -15 8 -2 -14 11 -14 -5 1 6 -12 5 -26 21 
-4 -30 22 17 -28 11 41 -5 22 -4 17 1 -1 -22 -15 6 
5 5 -3 7 22 -24 -7 -7 -1 -11 -17 -5 16 4 26 2 
43 10 61 12 21 -7 3 -11 -20 -33 13 -5 -54 -20 38 20 
-4 36 -1 30 4 52 42 -17 39 -11 -20 17 5 -15 6 -46 
3 -31 6 -3 39 46 -15 -7 1 -52 28 26 -37 17 -17 -16 
24 -48 -2 -22 19 10 21 17 28 -23 11 13 -49 -22 -28 7 
17 29 14 54 -50 15 -31 -36 -36 12 3 31 -48 -6 -7 14 
-9 23 8 -11 -4 -32 17 -24 -10 -17 18 -23 27 -65 6 8 
31 16 -3 7 4 7 41 -1 2 -18 12 -9 6 -6 25 -2 
4 15 -13 -8 -7 25 -6 -4 -22 14 -9 14 4 -12 -6 -12 
-1 4 24 20 -10 55 19 21 1 -21 14 -57 10 -4 13 24 
-41 -24 -3 19 -17 32 -32 29 33 1 26 29 -33 27 11 -8 
11 12 -1 -3 1 -37 -24 -46 -12 -20 -9 29 -28 1 -18 13 
-23 -6 15 -10 5 -14 6 13 15 11 5 10 -38 22 -7 -3 
19 47 16 7 -17 -6 7 7 -34 -24 8 23 -18 -12 10 8 
9 -40 -5 -6 16 29 7 17 -11 -16 -20 -51 -2 -6 -17 -8 
-33 -11 22 20 35 -6 -12 -22 5 -4 28 -1 18 -8 -21 5 
28 13 14 -19 -2 -12 -6 15 3 -32 -1 -27 9 13 -27 28 
3 -8 -2 39 5 19 18 -1 6 -20 13 6 1 0 -8 -30 
-6 1 -8 26 -18 -9 23 19 -15 18 -9 -10 15 -6 -3 -2 
8 0 -10 -8 24 -28 15 2 2 -15 -2 -4 5 3 15 -4 
19 4 -3 -13 -22 25 -11 -11 -19 13 0 -11 2 8 12 9 
7 -16 10 6 -8 23 -16 0 -5 -11 -1 -11 12 19 -15 -18 
13 4 1 -6 -7 5 -10 1 8 -7 12 5 7 -5 0 16 
1 -11 -10 0 -3 3 0 6 -11 -4 -11 9 2 9 2 -13 
-2 -11 -7 2 14 3 -12 -2 -8 -7 -22 24 2 -21 20 4 
12 43 29 -24 18 8 24 -22 -25 -4 1 13 1 -33 -6 9 
7 -22 2 34 12 1 28 -31 6 -8 5 18 -12 -11 57 -42 
-18 -13 23 -37 12 26 -10 -8 -29 -29 6 12 2 17 -3 5 
7 11 13 39 -3 -20 33 -26 33 -54 -22 -11 -12 19 15 41 
-4 9 8 33 -27 53 6 -18 -9 7 -1 -22 3 -11 17 -3 
41 26 16 7 -23 -2 -7 15 -43 -12 -16 -17 11 3 6 -47 
-35 -10 9 23 -26 53 -59 -14 24 -31 90 20 -31 -21 -54 -75 
-1 6 81 -87 36 -1 48 -58 -65 15 61 -26 13 -54 50 -60 
-33 14 6 2 17 -4 48 -24 -31 -7 -28 23 10 -54 -5 50 
-6 36 -45 66 68 -27 40 3 -20 30 -14 -11 13 -14 13 -65 
-57 0 22 5 17 -20 -76 34 -24 -33 -6 -28 -46 35 -25 13 
-13 -14 3 37 -43 -37 15 -2 5 23 20 17 6 50 -22 44 
13 25 5 16 18 -9 21 -2 -19 33 2 43 12 16 16 -18 
29 -29 -37 -63 33 -21 -27 -50 -21 -12 16 12 -20 -4 29 59 
8 10 -37 7 -5 14 -21 -13 -21 1 15 18 29 -53 -64 3 
17 6 -49 48 -11 -18 -19 -15 25 -1 -43 -22 -23 -22 44 28 
-2 6 -15 -10 7 -1 -4 16 35 49 45 -20 -15 -6 11 20 
4 43 23 -13 25 14 0 3 0 -39 9 10 15 -14 -47 -37 
-8 -23 -14 4 3 -16 19 6 22 -30 20 16 -2 3 -17 8 
14 8 -33 -8 30 1 -18 -20 14 20 -45 -14 -9 25 -16 -6 
33 -3 -1 26 -38 31 -7 -80 -15 -21 39 33 -62 -31 -13 33 
36 11 -18 -5 -50 -32 23 -14 14 -12 -58 -8 24 26 17 32 
-13 -23 2 44 -28 22 -8 19 24 58 30 3 7 12 7 -22 
27 38 26 -43 37 58 36 28 -3 -15 14 53 -5 -13 14 -63 
-30 -41 13 -42 39 -16 -39 13 22 -2 14 -3 -19 8 -28 -12 
-13 27 27 15 5 -4 0 16 -2 16 25 20 -16 5 18 16 
4 -11 5 -19 15 -11 6 0 -3 -4 -11 6 7 8 27 -5 
-16 -5 20 -13 16 -10 37 -19 29 -27 2 -3 -40 -46 -29 -26 
-5 -11 -6 8 7 -31 -16 -18 -38 2 -7 18 -29 12 -27 10 
-8 -20 -44 7 -12 -36 -3 2 8 -26 15 17 -36 13 -3 23 
-20 -25 -28 -5 -7 3 2 25 -13 27 -5 -9 -9 -28 -21 -24 
-21 -2 -4 33 -9 9 10 -12 9 -20 14 -3 -11 15 -6 -21 
-4 8 -4 29 -3 -34 -16 14 6 -6 0 -2 12 42 37 -2 
-11 14 -3 20 16 6 -27 -1 8 -7 27 2 -12 -4 3 -28 
-6 3 29 13 -7 8 18 10 -20 -15 -22 12 2 1 13 -15 
34 -6 -9 7 -15 -1 2 22 0 -4 -15 -17 -20 18 -1 -11 
-4 -20 -4 -33 32 -4 -30 -3 -22 -23 -45 39 -28 20 3 -8 
-5 15 22 33 11 3 14 -34 -7 -11 16 8 -24 7 15 22 
-1 -12 18 13 22 -31 11 23 4 9 -7 -5 25 5 -3 -9 
-21 24 19 6 -26 -1 -9 0 21 -11 25 -13 -29 23 -9 -6 
15 -13 -31 -8 -2 -42 -41 16 -27 -22 12 -45 18 -33 -15 -36 
24 15 1 1 2 -10 15 15 -20 18 -1 -2 -35 -15 24 -8 
-18 -16 26 11 -12 82 -12 -11 -22 -64 31 43 -87 -13 -13 -14 
13 7 36 13 28 -23 -5 18 58 -37 -37 -14 -45 -30 2 19 
3 11 17 44 6 -20 -10 23 28 -1 30 -2 28 6 -16 42 
-3 -34 -25 8 39 15 50 26 23 -9 -3 17 19 -25 -48 -49 
-11 -5 -16 3 -40 -3 -23 -45 -21 -26 45 12 -49 -3 -19 19 
7 42 12 13 -8 -27 73 17 -35 -4 51 -45 14 -17 -59 46 
10 2 0 -16 0 -3 -10 -27 -3 -3 -3 15 2 -3 1 2 
-22 1 9 2 -3 -1 2 15 -1 -1 -1 -7 -1 1 -16 -11 
-8 13 4 9 -2 -28 1 9 -6 -2 -6 35 3 14 14 -4 
-11 21 27 1 13 -13 13 -16 -3 12 -10 -11 12 -3 4 18 
15 -25 -8 -18 10 -15 13 0 7 12 -12 -14 0 11 3 11 
18 6 -16 19 18 4 -7 -6 -15 -5 -9 -14 0 8 11 -9 
28 20 24 -9 20 4 -28 -12 -33 -3 30 40 -55 -49 -16 -18 
32 -23 35 5 30 34 -19 -11 11 -3 -10 -57 19 -21 2 -38 
5 -18 32 -32 14 14 10 5 0 -45 19 57 -5 -16 29 5 
7 -24 -5 31 23 22 -5 37 -10 20 12 -15 19 34 -15 -22 
1 5 10 15 -42 -13 -14 -6 -8 -1 15 15 -34 -12 -20 14 
5 -18 -4 -46 -41 -39 19 -18 -29 -23 -8 -26 -3 -4 -7 -30 
8 15 6 17 13 -1 1 -12 -19 7 49 14 -12 -16 14 -28 
31 -19 13 -24 4 9 -5 -30 -14 -21 -13 -15 4 1 22 -2 
-10 -25 10 3 2 30 -4 6 -1 7 32 -12 -11 -14 4 30 
7 6 -32 22 -30 17 -41 34 10 -21 13 15 7 -4 -7 0 
-11 25 29 -18 -1 3 17 -1 4 22 5 23 -6 -4 9 12 
-21 8 34 -7 -15 0 11 -4 -15 10 15 15 20 -18 -19 -13 
17 10 37 10 -2 -58 -19 -22 -2 -22 5 14 -22 45 -70 43 
-18 3 4 9 -15 -29 5 69 -1 16 14 26 -50 -22 28 -4 
5 17 20 10 19 -44 -3 49 -18 2 -4 30 -8 22 30 -37 
-40 51 49 57 -14 -19 -38 -32 -53 -13 -12 -31 9 -46 -42 37 
37 -93 43 -1 -21 0 -13 -35 -78 4 -5 -9 0 -23 -17 -2 
41 -17 -39 66 7 7 -19 -9 3 17 -41 16 -44 35 68 -27 
-34 -20 -16 -19 19 -7 -39 -10 5 11 -3 10 1 -8 -7 -13 
-19 18 55 13 -5 12 26 31 -34 -12 44 -13 32 10 -18 23 
-20 3 8 -29 -3 -35 13 36 18 -7 -16 29 -9 4 31 2 
-23 -9 38 -17 11 -8 18 -10 -20 6 1 25 -5 5 -15 6 
-1 -26 4 -11 -16 -9 1 -3 26 -18 10 -6 24 -6 -35 9 
-1 -5 -33 -1 12 -33 -8 -11 -18 -17 9 2 1 19 17 15 
12 9 17 9 -50 -4 -1 -14 -41 -10 -20 20 11 -38 48 -39 
-24 -39 -18 -28 6 11 5 26 -11 -20 -5 -4 -37 -3 25 -27 
-2 -22 8 -10 3 27 -36 -34 18 0 -15 -26 -1 9 -6 9 
-22 -24 28 -11 3 5 33 -9 -11 -28 24 -30 13 20 -12 25 
-10 -2 -6 1 16 37 -10 -24 2 -18 -32 10 7 10 1 -10 
-2 16 26 25 10 -1 -11 -27 1 -2 -40 -14 26 -6 -20 -53 
-14 -23 -22 9 22 8 -25 28 27 5 20 -37 -8 26 -15 -26 
1 -22 10 -28 2 -1 12 -11 -32 -37 47 19 -31 21 5 -10 
-14 26 -25 17 29 -10 -18 8 12 -30 31 8 24 9 9 9 
-9 10 7 40 -18 26 -47 -3 28 -14 23 -20 -7 4 40 -33 
-10 27 4 3 7 -22 1 23 -22 0 -9 8 -2 11 -26 11 
36 -14 33 7 9 13 -35 -38 -21 22 -16 20 -6 -8 1 3 
-6 -9 -1 -8 11 -18 -12 -21 -14 7 25 -11 -7 4 -6 6 
30 -12 14 12 8 1 -40 8 1 0 -15 36 -17 -11 -31 1 
10 -6 -7 -23 -23 40 -10 -3 -24 -22 -8 -24 -38 -28 12 7 
20 -20 6 16 17 -10 44 3 -16 -5 -22 31 16 -8 -19 7 
21 -20 4 13 -29 18 -2 -3 6 15 -3 23 42 -1 4 48 
13 -4 4 7 -24 12 39 -11 -27 -14 -1 5 -7 -11 10 -4 
0 2 0 3 0 0 0 0 0 0 1 0 -1 1 0 1 
0 1 1 -1 0 0 1 -1 0 0 0 0 1 0 -1 0 
0 -2 0 -1 1 1 0 -1 0 -1 0 0 -1 -1 -1 0 
2 -1 0 -1 0 0 -1 1 -1 1 0 0 -1 0 0 0 
-1 -1 1 0 -1 1 2 -1 2 0 0 0 0 0 0 -1 
-3 2 0 -1 1 -1 -1 -1 0 -1 0 0 1 0 0 0 
0 0 0 0 0 0 0 0 0 0 0 0 0 0 0 0 
0 0 0 0 0 0 0 0 0 0 0 0 0 0 0 0 
0 0 0 0 0 0 0 0 0 0 0 0 0 0 0 0 
0 0 0 0 0 0 0 0 0 0 0 0 0 0 0 0 
0 0 0 0 0 0 0 0 0 0 0 0 0 0 0 0 
0 0 0 0 0 0 0 0 0 0 0 0 0 0 0 0 
6 -4 7 0 11 2 -1 -6 -9 -4 -4 -3 -2 -6 -1 1 
1 3 6 -3 2 -10 -7 2 1 -2 -5 -4 -2 5 4 -3 
-3 -5 3 -2 3 0 -6 -3 -3 4 1 -2 3 6 4 4 
1 9 -4 4 0 3 2 5 9 1 6 0 7 -4 -6 -3 
3 5 2 -4 4 7 3 5 -1 5 -3 3 0 -3 -6 1 
1 -9 3 2 -2 3 3 -1 0 -1 2 4 7 3 -3 -3 
0 0 0 0 0 0 0 0 0 0 0 0 0 0 0 0 
0 0 0 0 0 0 0 0 0 0 0 0 0 0 0 0 
0 0 0 0 0 0 0 0 0 0 0 0 0 0 0 0 
0 0 0 0 0 0 0 0 0 0 0 0 0 0 0 0 
0 0 0 0 0 0 0 0 0 0 0 0 0 0 0 0 
0 0 0 0 0 0 0 0 0 0 0 0 0 0 0 0 
0 0 -1 0 0 -1 2 0 0 1 1 0 0 -1 1 -1 
1 -1 0 1 -1 0 0 2 1 -2 1 0 1 -1 0 1 
0 -1 0 1 0 -1 0 2 0 0 1 0 1 -2 0 0 
1 0 1 0 1 0 2 0 0 -2 1 0 -1 0 -1 1 
0 -1 0 1 -1 1 0 -1 -1 0 0 0 0 0 0 0 
1 1 -2 1 0 0 0 0 -1 -2 1 0 -2 -1 0 0 
-37 -9 12 -9 -5 29 -23 1 9 18 -20 7 2 -23 -33 1 
-5 -4 -7 34 8 -19 22 -11 0 -2 8 23 -34 19 -2 -14 
10 8 -22 -5 0 19 -6 -13 2 8 -30 11 -3 -25 -5 -43 
-11 -11 4 7 -21 -18 4 -21 10 2 -18 -17 6 -6 36 -1 
-3 -21 11 2 -34 46 12 18 -24 12 28 -4 7 -6 28 -20 
2 -8 22 18 -21 21 -35 -12 -26 12 -5 12 5 18 20 -19 
0 0 0 0 0 0 0 0 0 0 0 0 0 0 0 0 
0 0 0 0 0 0 0 0 0 0 0 0 0 0 0 0 
0 0 0 0 0 0 0 0 0 0 0 0 0 0 0 0 
0 0 0 0 0 0 0 0 0 0 0 0 0 0 0 0 
0 0 0 0 0 0 0 0 0 0 0 0 0 0 0 0 
0 0 0 0 0 0 0 0 0 0 0 0 0 0 0 0 
0 8 2 -7 6 -15 -6 -3 -4 1 -11 0 -4 -11 0 -5 
-13 -3 1 -2 1 2 10 7 5 -2 2 1 4 4 -2 -7 
-8 -3 4 -13 -4 -3 -1 1 -4 -1 3 10 3 2 0 3 
3 7 -2 7 2 5 -4 5 10 -8 -1 -9 -1 -2 -3 11 
8 -6 1 -1 -2 5 -8 -6 2 5 -4 -3 1 -5 -2 -1 
2 -3 -5 3 -3 -7 -2 -1 -9 -3 3 -3 2 1 0 -10 
0 0 0 0 0 0 0 0 0 0 0 0 0 0 0 0 
0 0 0 0 0 0 0 0 0 0 0 0 0 0 0 0 
0 0 0 0 0 0 0 0 0 0 0 0 0 0 0 0 
0 0 0 0 0 0 0 0 0 0 0 0 0 0 0 0 
0 0 0 0 0 0 0 0 0 0 0 0 0 0 0 0 
0 0 0 0 0 0 0 0 0 0 0 0 0 0 0 0 
1 0 -3 -2 -3 2 0 2 4 5 -3 2 1 0 -3 -3 
-4 2 2 0 -2 1 3 -3 3 4 1 1 -3 -2 -6 -2 
-1 5 3 -1 1 -1 -2 -1 -1 -2 0 -2 0 1 -2 1 
-1 1 0 -1 2 0 -2 -4 -2 5 1 4 -2 3 2 -2 
1 0 0 0 3 -4 -2 5 0 -2 -3 0 0 -3 -1 -1 
0 0 2 2 -2 -2 -4 -3 0 4 1 -4 -1 -3 3 -3 
-12 42 -4 24 -59 13 -50 -34 20 1 10 11 -43 -16 -5 6 
-17 -6 -14 18 -12 -24 20 10 -7 23 -13 32 -3 -7 -31 -47 
-6 6 20 -3 3 42 27 -4 -5 9 -22 29 -20 2 -5 -37 
13 17 19 0 26 -21 27 -30 0 1 -46 -10 -27 26 -11 -1 
9 23 0 13 -5 2 -4 11 23 12 -14 18 -23 9 22 28 
15 18 -6 26 9 -25 -45 5 13 -5 22 -16 11 12 5 -29 
0 0 0 0 0 0 0 0 0 0 0 0 0 0 0 0 
0 0 0 0 0 0 0 0 0 0 0 0 0 0 0 0 
0 0 0 0 0 0 0 0 0 0 0 0 0 0 0 0 
0 0 0 0 0 0 0 0 0 0 0 0 0 0 0 0 
0 0 0 0 0 0 0 0 0 0 0 0 0 0 0 0 
0 0 0 0 0 0 0 0 0 0 0 0 0 0 0 0 
0 0 0 0 0 0 0 0 0 0 0 0 0 0 0 0 
0 0 0 0 0 0 0 0 0 0 0 0 0 0 0 0 
0 0 0 0 0 0 0 0 0 0 0 0 0 0 0 0 
0 0 0 0 0 0 0 0 0 0 0 0 0 0 0 0 
0 0 0 0 0 0 0 0 0 0 0 0 0 0 0 0 
0 0 0 0 0 0 0 0 0 0 0 0 0 0 0 0 
0 0 0 0 0 0 0 0 0 0 0 0 0 0 0 0 
0 0 0 0 0 0 0 0 0 0 0 0 0 0 0 0 
0 0 0 0 0 0 0 0 0 0 0 0 0 0 0 0 
0 0 0 0 0 0 0 0 0 0 0 0 0 0 0 0 
0 0 0 0 0 0 0 0 0 0 0 0 0 0 0 0 
0 0 0 0 0 0 0 0 0 0 0 0 0 0 0 0 
3 -1 -13 -3 18 -25 -34 1 1 -1 -11 0 2 22 8 14 
-22 9 8 1 -16 4 14 1 0 1 18 6 -13 2 -20 -2 
-12 -12 23 -27 2 -5 7 6 4 -17 -2 -2 4 -8 4 3 
-10 -11 3 -13 25 5 11 -2 -7 -2 0 8 -5 -4 -24 14 
21 10 -8 -8 12 -7 -23 3 1 3 -11 -23 7 -1 -27 5 
4 -6 -17 -6 -4 -22 -3 9 0 14 -1 1 -12 -10 22 -9 
-1 2 5 6 -3 3 -10 -5 12 1 -1 -9 0 4 -1 0 
-3 1 -1 -1 -5 -6 3 -6 -12 -2 10 5 -4 -1 -12 8 
-3 -1 -3 4 4 -7 -1 1 -6 8 3 2 -6 -2 -1 -3 
-8 2 -2 0 -4 -9 -10 3 -5 2 1 -2 -2 3 6 0 
0 -9 5 -7 -2 3 6 7 1 0 4 3 -4 -9 2 14 
-3 5 4 -4 5 4 -5 3 -9 11 -1 6 3 1 3 3 
-1 0 1 0 -1 0 0 0 1 0 0 0 0 1 0 1 
-1 1 0 1 0 1 0 0 1 0 -1 -1 0 0 0 -1 
0 0 0 0 0 -1 0 0 0 0 0 1 -1 0 1 0 
0 0 1 -1 0 -1 1 0 -1 0 1 0 0 0 0 0 
0 -1 1 1 0 1 0 -1 0 0 0 0 0 0 1 0 
-1 0 0 0 0 0 0 0 -1 0 -1 0 0 0 0 0 
18 26 -12 -3 -39 -19 -6 -13 -18 -17 -26 16 -20 22 18 64 
-34 24 -54 -1 32 31 -12 -18 25 6 -7 27 21 -13 -14 -4 
-10 -4 25 -28 -6 -3 -11 -10 -8 -16 2 -32 -48 -1 -34 5 
31 -18 22 -9 10 -7 -12 -9 -4 -15 -23 -41 7 -4 5 6 
10 9 12 -14 14 19 -17 -6 -1 7 -5 18 37 -35 27 14 
-8 -15 27 -45 -48 9 7 -32 8 -22 -9 0 -9 -6 28 2 
0 -4 0 -1 5 -2 -8 -4 1 1 -5 7 -1 1 -5 0 
-11 9 7 -1 -2 2 0 2 -3 5 9 -2 -5 -3 -2 2 
-1 1 3 -4 0 2 -2 0 4 -3 0 -1 3 -2 -8 1 
-1 -1 4 -5 3 3 -1 -4 -2 5 5 0 -1 2 -3 1 
7 -3 -10 -3 1 -14 2 -1 7 2 3 -12 6 -4 -9 -3 
-3 5 -6 3 1 -7 -3 -2 -1 5 -1 -2 -2 -1 9 -3 
8 -9 -1 0 -14 -8 13 -35 3 10 14 -1 1 12 4 -22 
32 -11 -25 -14 -7 -11 -26 2 1 1 -24 15 3 13 -1 -14 
14 22 -8 15 -15 -18 -6 0 9 2 -20 4 2 18 23 9 
12 25 -30 33 9 -3 25 3 15 13 -18 0 -18 -8 -21 2 
20 -19 -9 -21 -2 -2 14 -24 -5 0 6 13 -3 7 -8 23 
8 -15 -10 -13 33 9 15 4 8 -22 0 2 -16 -6 -9 12 
6 -5 11 -10 16 -37 -7 -22 -10 -15 19 -22 2 -7 -22 22 
23 17 -4 -8 -7 -19 -47 -7 1 -15 -25 25 -14 35 -25 7 
42 36 -10 -11 -25 0 -26 -31 -7 36 3 -24 -8 -6 -28 21 
-29 0 -9 20 -24 14 -29 20 -13 15 12 9 57 4 18 25 
21 -22 -13 1 10 5 -4 33 11 -3 -7 33 -24 -11 -10 21 
0 -34 1 -7 -25 37 24 33 -11 7 -6 18 2 -17 5 17 
4 -66 -4 -48 11 -1 32 1 12 9 7 -27 3 -5 27 -22 
-16 -18 6 -5 24 -11 -10 14 9 -26 -5 43 -13 12 42 23 
3 8 12 16 -17 19 26 -29 1 -8 3 1 -16 5 21 26 
6 -7 -3 4 -1 -3 5 -45 2 0 -44 -2 -2 9 -17 31 
37 34 0 12 34 -58 -8 4 -3 -26 0 -3 27 -8 -24 45 
36 -55 -11 -14 -4 -17 11 -2 -26 -5 -12 7 -21 -36 30 3 
41 -20 22 29 20 -49 6 1 -21 -22 31 -14 -9 3 12 23 
-2 17 -11 -11 -12 -32 -36 19 23 -2 -61 -6 -21 17 38 -2 
11 31 3 -9 -30 21 12 -16 21 36 -1 -12 3 22 13 23 
-2 24 -4 15 18 33 1 -9 5 30 -11 15 14 -8 -29 -2 
-7 -13 -3 19 30 -4 -15 -17 -26 3 -1 5 -15 6 -14 -23 
4 4 1 -13 15 41 26 19 -7 16 21 -1 0 -25 25 17 
-3 -2 -2 -4 2 -4 3 1 1 1 3 -2 3 -3 -4 -2 
0 -1 -2 0 0 -2 0 5 0 1 3 4 1 3 3 0 
1 4 -1 1 -1 -3 0 0 -3 -1 -2 1 3 -4 -2 1 
0 2 -1 0 -3 4 -2 -3 2 -3 0 0 6 -2 1 6 
0 -3 2 3 0 4 2 2 -4 5 -4 2 4 -2 1 -2 
2 -6 0 2 -2 5 -3 -1 0 -4 -5 2 -5 -3 -1 -4 
0 0 0 0 0 0 1 0 0 0 0 -1 0 0 1 0 
0 0 -1 1 0 0 0 1 0 0 -1 0 0 0 1 0 
0 0 0 1 -1 0 0 0 0 0 0 0 -1 1 0 0 
0 1 0 0 0 0 0 0 0 0 0 1 0 0 0 0 
-1 1 1 0 0 1 0 0 -1 -1 0 0 0 0 1 0 
1 0 0 0 0 0 0 1 -1 -1 -1 0 0 0 0 0 
-29 0 -59 -13 -16 -38 -6 -9 30 13 -40 -6 -16 10 26 0 
-12 2 -51 32 -4 41 12 -2 -10 -29 -30 17 -8 -7 -28 2 
14 0 -3 -4 11 13 21 -43 8 5 22 16 -20 41 -8 -16 
56 -30 32 4 -16 -22 -2 17 12 -5 3 16 -19 -4 -10 12 
14 21 -7 -17 -9 7 -15 -5 5 30 -28 -11 22 11 25 12 
1 15 -14 16 4 1 5 16 22 -12 -4 24 6 1 4 0 
-1 1 -5 -7 12 17 -12 20 -19 -30 -18 24 -18 -11 -8 6 
25 -35 14 13 32 14 8 2 -13 21 13 -43 -15 -28 2 13 
-21 -13 -5 13 24 -7 15 11 9 -17 8 32 27 -7 13 -9 
-36 10 23 -2 3 14 -5 -1 -13 -9 -25 -3 16 -23 -21 -32 
6 -13 7 26 -3 -7 -10 6 -15 1 14 -27 -23 -5 -8 -18 
43 12 2 9 -2 -20 22 -3 3 -23 11 18 -32 -16 -30 -34 
-32 32 -13 18 -12 20 -39 -9 -2 43 -2 2 -24 -21 -27 -19 
7 9 19 15 -13 -24 43 -31 3 7 7 42 -2 -17 -14 -38 
-15 12 -27 8 16 -2 16 -6 -7 25 -14 41 -16 -17 -19 -40 
1 27 -23 -4 28 -23 17 -15 32 -2 -27 -20 6 19 -10 -26 
-35 -7 -1 -4 -7 11 13 29 7 19 -1 9 -15 -12 19 -4 
10 6 23 37 -11 8 -16 6 -4 19 0 1 4 29 -8 -22 
-10 18 -4 10 -21 -2 -21 -9 12 10 -4 -9 -9 -7 -10 1 
-15 -15 -9 27 13 -18 2 -2 -8 9 8 13 1 -2 -2 -5 
-8 1 -5 -33 -11 1 -18 -5 -11 -8 1 -25 -23 -17 -4 13 
-9 -21 4 9 -14 10 -20 21 2 20 3 3 -6 1 -1 4 
0 7 -10 -23 -10 19 -9 -16 -7 11 -7 -6 24 -17 15 17 
-25 2 14 -11 -29 4 -4 -9 -7 14 14 -12 -7 27 6 0 
0 0 0 0 0 0 0 0 0 0 0 0 0 0 0 0 
0 0 0 0 0 0 0 0 0 0 0 0 0 0 0 0 
0 0 0 0 0 0 0 0 0 0 0 0 0 0 0 0 
0 0 0 0 0 0 0 0 0 0 0 0 0 0 0 0 
0 0 0 0 0 0 0 0 0 0 0 0 0 0 0 0 
0 0 0 0 0 0 0 0 0 0 0 0 0 0 0 0 
0 0 0 0 0 0 0 0 0 0 0 0 0 0 0 0 
0 0 0 0 0 0 0 0 0 0 0 0 0 0 0 0 
0 0 0 0 0 0 0 0 0 0 0 0 0 0 0 0 
0 0 0 0 0 0 0 0 0 0 0 0 0 0 0 0 
0 0 0 0 0 0 0 0 0 0 0 0 0 0 0 0 
0 0 0 0 0 0 0 0 0 0 0 0 0 0 0 0 
-18 24 -6 15 -10 -11 -27 2 1 -17 -5 -6 -14 8 10 14 
-7 -7 -10 -9 -14 -9 -6 2 -21 9 -9 5 17 -2 -14 -10 
-10 -4 10 6 13 5 0 2 -2 7 6 15 -19 -37 3 -12 
4 -19 2 -5 2 -19 18 13 17 3 -18 -8 -11 -2 -3 -4 
-9 -20 -5 25 -4 -3 5 4 17 -1 4 -9 -9 -2 -5 5 
-24 15 11 4 6 -13 1 -11 -12 -7 33 1 0 3 -6 2 
0 0 0 0 0 0 0 0 0 0 0 0 0 0 0 0 
0 0 0 0 0 0 0 0 0 0 0 0 0 0 0 0 
0 0 0 0 0 0 0 0 0 0 0 0 0 0 0 0 
0 0 0 0 0 0 0 0 0 0 0 0 0 0 0 0 
0 0 0 0 0 0 0 0 0 0 0 0 0 0 0 0 
0 0 0 0 0 0 0 0 0 0 0 0 0 0 0 0 
2 -3 1 -3 1 1 2 0 -3 0 0 1 0 -2 -1 -1 
2 0 2 -1 0 3 -1 2 2 1 0 0 0 3 4 -1 
2 1 0 1 -2 4 0 1 1 0 -1 1 1 0 2 -3 
-1 0 0 0 -1 0 1 -2 1 0 2 -1 0 1 0 1 
-1 -1 1 0 0 1 -2 1 0 0 -2 0 1 2 1 -2 
0 -3 0 0 -1 2 0 -1 1 -1 -2 0 -3 -1 -1 0 
6 -12 1 10 -13 16 -22 1 -35 -17 5 1 7 10 44 8 
-38 41 5 12 0 -21 -37 -27 10 -11 -17 -4 8 9 26 -30 
-16 25 15 0 2 -24 -12 -31 26 2 10 -2 13 -19 18 16 
-2 17 9 31 -1 19 -27 12 22 21 2 -5 15 15 -25 -19 
-13 -17 17 -3 10 -1 1 -3 -21 8 19 8 12 -7 -13 -10 
-11 -9 62 -9 -44 35 52 12 -6 59 22 9 35 -6 3 24 
