-157 -169 127 26 -57 29 -104 -47 204 88 267 137 -32 199 154 297 
-56 77 88 -16 178 14 12 -57 -114 -20 -92 121 -174 -14 36 -15 
51 34 19 -27 41 -26 -167 -42 -129 53 -132 9 133 30 22 -41 
-95 -6 82 -188 40 124 -19 -101 43 134 11 106 -61 78 -59 -37 
118 -115 97 76 -98 -58 -5 61 7 12 11 -16 -35 -105 -49 -11 
0 0 0 0 0 0 0 0 0 0 0 0 0 0 0 0 
-67 -8 -34 46 16 -10 -25 28 -61 74 -28 -31 62 -59 52 -20 
-50 42 -29 30 79 -70 -46 51 0 0 0 0 0 0 0 0 
146 -8 144 6 -44 -17 43 43 15 -106 -54 -84 -72 75 -34 -10 
33 -62 -18 67 9 -38 22 25 0 0 0 0 0 0 0 0 
-42 59 40 83 -95 -36 -26 -74 -45 90 -82 -68 6 10 -88 35 
58 85 -14 -5 -116 -18 -83 -47 0 0 0 0 0 0 0 0 
-15 -64 -23 -59 -14 1 -42 -44 6 41 -51 32 53 -18 71 -17 
-31 29 35 -15 4 35 -20 -52 0 0 0 0 0 0 0 0 
47 110 -43 88 39 -94 -28 52 12 -1 106 -125 91 -6 -103 41 
27 -88 -37 102 54 45 -43 -7 0 0 0 0 0 0 0 0 
0 0 0 0 0 0 0 0 0 0 0 0 0 0 0 0 
0 0 0 0 0 0 0 0 0 0 0 0 0 0 0 0 
-2 96 14 26 -52 -69 68 -91 -80 23 -128 -48 0 8 -32 -75 
-10 -32 -26 -23 62 37 -22 32 0 0 0 0 0 0 0 0 
40 31 -22 -131 27 -59 59 27 -48 -71 -4 -87 23 22 -26 -25 
16 -36 -49 34 -56 80 19 57 0 0 0 0 0 0 0 0 
64 32 11 2 150 53 -70 150 -2 -88 8 -49 -66 -12 6 33 
49 53 -113 -31 -31 -12 96 -32 0 0 0 0 0 0 0 0 
-15 35 112 35 62 -63 36 37 43 -63 -8 -16 24 7 -48 7 
62 -65 -25 -92 -32 -17 -5 45 0 0 0 0 0 0 0 0 
36 -44 -86 45 -49 -55 -89 -34 -96 50 -40 13 -33 -9 45 -203 
-73 6 9 14 -46 -13 -16 1 0 0 0 0 0 0 0 0 
36 -63 27 31 60 -92 -24 60 -73 47 -26 69 35 -68 -64 -84 
-28 -12 46 -85 -90 -53 38 -77 0 0 0 0 0 0 0 0 
-101 -127 157 -40 -106 3 43 87 -89 96 20 -54 33 59 42 135 
-38 57 30 8 84 47 -24 3 -46 43 -44 39 4 80 11 46 
-24 4 -11 -28 -61 -38 16 106 0 0 0 0 0 0 0 0 
56 -38 74 92 18 -69 48 -20 96 80 -49 -46 -109 24 5 9 
86 56 59 -10 -31 9 -17 -73 -44 -2 34 -4 71 52 -21 -14 
64 -35 -37 21 18 67 3 93 0 0 0 0 0 0 0 0 
-94 64 30 61 -103 -26 33 7 -30 -42 -53 16 -21 55 49 24 
-19 -17 29 -22 -43 -23 -6 9 -99 -102 -68 65 56 56 -1 -39 
-34 98 -27 -21 23 -105 -14 -58 0 0 0 0 0 0 0 0 
29 -136 -42 8 -48 -116 13 45 24 -47 124 -15 9 42 37 54 
-103 -127 -85 -52 -5 60 40 -45 96 27 65 75 101 -6 -18 -3 
27 7 -54 23 -16 97 -48 -101 0 0 0 0 0 0 0 0 
-49 -37 -87 23 68 23 -47 -6 -20 -61 -36 -12 23 -44 -13 -15 
-7 -13 0 -25 6 -63 138 83 -16 91 -19 72 -26 -40 -53 -95 
48 22 22 -40 -26 67 53 71 0 0 0 0 0 0 0 0 
-79 3 -55 19 -13 -15 -16 14 -8 -43 138 -30 -6 80 -14 23 
52 16 -128 6 -37 -6 -14 -60 -12 -92 33 -21 -38 -2 -23 -3 
-84 -5 7 -3 136 -5 33 85 0 0 0 0 0 0 0 0 
-94 -51 48 31 -17 42 51 92 -11 -43 36 -71 -33 -27 78 0 
-58 -52 -52 38 -54 74 40 -29 27 46 37 132 -57 22 -65 32 
15 -49 28 -8 43 25 -45 4 0 0 0 0 0 0 0 0 
-113 -144 -43 -2 100 -19 -49 -5 0 -9 84 -64 -75 -29 4 0 
6 -102 -113 34 59 82 29 -61 24 -79 -56 -142 58 27 0 111 
20 -81 38 -26 34 -15 -22 -105 0 0 0 0 0 0 0 0 
53 -38 30 -62 -32 26 -100 -17 -65 50 -114 -4 38 -41 38 -15 
12 53 65 29 -28 0 -6 -41 -58 60 -101 -126 25 65 -18 48 
0 -13 16 45 -57 92 43 -19 0 0 0 0 0 0 0 0 
-56 -11 -10 66 -34 74 55 -50 -22 4 -33 48 -1 80 -10 11 
-1 -94 -114 -33 -13 -31 81 47 35 82 48 60 10 58 104 -82 
71 36 46 5 9 -8 74 -1 0 0 0 0 0 0 0 0 
73 -3 -66 102 42 -40 -10 28 8 -25 -27 -33 41 -59 2 57 
16 -104 -46 -39 -22 73 66 -55 35 59 -4 -7 -69 -20 -27 -21 
9 -37 20 -27 -34 84 58 15 0 0 0 0 0 0 0 0 
-69 19 47 7 78 17 14 3 75 116 4 -21 -6 28 -116 -65 
-87 -55 110 111 -3 -60 60 76 122 54 95 16 55 -60 19 74 
-173 9 -24 -149 21 -86 25 -8 0 0 0 0 0 0 0 0 
-38 12 10 29 49 150 77 -11 -14 10 -2 107 18 85 -30 -9 
50 141 52 -76 -49 -12 -151 35 -5 4 -69 32 46 -46 36 -122 
7 -68 36 31 -20 -51 100 -83 0 0 0 0 0 0 0 0 
74 -1 -12 29 -16 -33 -14 -47 -43 -63 -7 37 -47 -36 -84 41 
44 105 -37 -80 11 14 4 35 28 39 9 -53 100 34 81 12 
-59 2 -19 -109 -33 -52 -24 32 0 0 0 0 0 0 0 0 
-39 68 14 68 -34 -9 69 43 -48 -100 40 -28 -7 -31 20 110 
52 -22 -33 -30 -5 70 7 15 24 39 3 128 -47 79 90 78 
-85 -28 103 -78 -32 103 -4 -13 0 0 0 0 0 0 0 0 
28 16 22 -35 33 -44 19 39 2 -55 -37 -33 -18 -14 16 52 
17 -3 33 -33 23 -33 -49 33 -19 -59 -42 -64 35 -36 -23 9 
-2 -13 5 18 -31 7 -17 -84 0 0 0 0 0 0 0 0 
-86 -42 2 -6 -25 16 39 37 25 -35 43 53 -5 99 45 8 
4 14 0 75 19 143 -20 -61 11 -74 -74 -47 -51 -38 63 -3 
-60 -12 -14 35 -18 -31 -38 -13 0 0 0 0 0 0 0 0 
18 -6 -12 -17 -65 33 5 19 7 -42 58 -72 12 -44 -29 -2 
-18 53 -68 42 23 -27 -44 111 -50 5 10 42 -34 -47 -42 -17 
-35 54 26 -50 -76 39 22 -71 0 0 0 0 0 0 0 0 
71 -68 -47 43 61 30 -57 36 49 -54 -26 58 40 -15 -48 20 
-12 -14 49 -77 -53 29 30 26 28 18 -40 31 122 -13 -57 -39 
29 64 0 35 -95 35 9 10 0 0 0 0 0 0 0 0 
37 -82 11 -17 -46 35 28 5 17 -11 54 -36 30 19 -30 36 
1 2 22 -19 -53 15 -17 9 -6 36 38 52 69 -43 52 -22 
-19 1 -34 -32 -30 62 -20 -16 0 0 0 0 0 0 0 0 
38 -48 58 47 -18 23 41 -40 42 10 -36 47 10 4 -13 -43 
-10 11 -8 -24 -60 -15 -40 17 -14 87 -38 72 12 28 -2 21 
48 5 9 5 -45 6 -4 82 0 0 0 0 0 0 0 0 
-65 -10 -18 -95 -4 44 -70 42 6 25 78 14 3 -10 -24 9 
94 34 2 64 32 -42 -10 7 4 3 40 -32 12 -43 -26 -8 
-23 -3 2 -48 10 4 6 -4 0 0 0 0 0 0 0 0 
-64 70 -6 77 7 -30 39 73 45 21 50 -8 11 -10 11 -67 
32 -66 -20 59 35 3 31 -30 -44 -2 -24 -55 17 -19 -48 30 
-52 68 5 57 0 -18 20 -17 0 0 0 0 0 0 0 0 
-23 26 38 44 50 31 15 -63 47 -20 -32 47 -56 -29 -20 -98 
5 -27 22 -25 -55 13 -61 -28 -18 -18 -46 -21 -21 55 49 79 
36 68 -38 26 24 45 40 -34 0 0 0 0 0 0 0 0 
-5 17 -4 -30 25 97 -58 -17 -75 32 28 52 47 33 8 25 
13 22 11 -55 62 18 -24 -25 -19 -25 23 -36 44 -80 48 -24 
83 6 -37 26 -14 43 59 7 0 0 0 0 0 0 0 0 
20 -22 29 36 67 19 -47 -93 -23 13 -51 18 36 19 -14 -33 
-50 26 6 11 -27 16 30 -101 -1 19 -25 -76 60 50 74 -47 
-38 24 -16 9 52 -23 -19 -6 0 0 0 0 0 0 0 0 
-36 -5 -69 -6 68 10 -35 25 -42 -4 5 -1 -21 -30 -39 29 
61 9 -7 -22 19 11 40 -1 27 -18 28 29 43 -8 11 4 
-4 33 -46 18 -50 -32 -26 31 0 0 0 0 0 0 0 0 
-22 12 26 42 8 41 16 39 -19 29 33 45 10 11 -50 -14 
27 -40 -16 28 11 9 -65 17 21 -84 -36 -27 -17 -43 62 -26 
-1 18 50 0 21 22 74 68 0 0 0 0 0 0 0 0 
14 -76 -63 5 -23 3 37 -31 13 32 74 32 45 109 18 -96 
8 29 7 38 64 6 1 -56 -38 6 68 0 -16 -64 -28 -56 
22 -43 -29 32 9 -69 11 35 0 0 0 0 0 0 0 0 
64 65 -20 -20 105 -29 45 -43 -1 78 14 20 -68 -20 -28 -33 
-10 14 25 -8 92 -125 44 -39 -69 17 -11 4 -22 -8 9 16 
15 35 56 -27 -42 -14 61 79 0 0 0 0 0 0 0 0 
40 -18 -10 -24 -20 5 30 -27 -6 8 9 17 6 1 41 19 
36 17 -17 -54 1 10 62 -24 17 79 -40 11 -21 38 0 4 
61 -56 52 -28 14 -46 -38 33 0 0 0 0 0 0 0 0 
-23 -56 -4 51 10 -49 -17 -22 4 23 7 -14 33 -46 -5 16 
-41 27 -11 5 5 29 23 -35 -10 0 -20 45 -7 -6 -18 45 
-28 30 23 36 44 -32 -13 -40 0 0 0 0 0 0 0 0 
15 -13 -2 -77 -48 -24 37 -6 0 -15 43 69 -55 34 -5 -43 
-43 -25 13 -28 39 60 5 -5 -26 -10 -33 -13 -16 3 -8 45 
-79 -18 29 5 44 -29 62 55 0 0 0 0 0 0 0 0 
-29 14 3 -21 -52 -45 36 18 -30 2 -60 35 55 35 -16 -2 
-17 54 -64 44 -46 -7 42 1 15 34 -25 -34 37 -32 -16 -41 
-5 -26 -61 -11 33 38 -30 13 0 0 0 0 0 0 0 0 
-36 -15 -14 -8 -21 -21 -31 -25 29 22 63 -5 19 -21 -19 -4 
-15 -19 -38 -18 -28 -45 -17 46 -44 -18 48 62 -28 38 18 8 
12 28 -23 17 -6 -43 -5 -25 0 0 0 0 0 0 0 0 
25 -36 -26 27 -23 43 36 -10 12 -2 -5 -16 7 63 9 43 
-49 3 26 -39 -53 -12 -13 49 -26 -21 28 -3 63 28 -16 -9 
-33 38 -2 -33 -62 5 36 10 0 0 0 0 0 0 0 0 
-5 -55 -40 -13 49 -6 -38 4 14 -13 7 40 -32 -6 18 -37 
-24 -59 13 71 51 -18 32 34 9 -7 4 5 2 -12 -43 14 
-54 25 -44 69 -10 -45 44 38 0 0 0 0 0 0 0 0 
0 0 0 0 0 0 0 0 0 0 0 0 0 0 0 0 
0 0 0 0 0 0 0 0 0 0 0 0 0 0 0 0 
0 0 0 0 0 0 0 0 0 0 0 0 0 0 0 0 
24 16 -100 7 46 -12 55 26 -44 90 -21 -73 -34 77 52 123 
-38 12 -34 -36 54 -24 -85 117 1 -70 -47 88 -95 92 -9 3 
49 37 1 28 -5 133 9 18 -19 -76 54 -27 24 -45 -98 41 
-37 -31 -1 118 62 -112 -20 115 -77 29 68 -19 -42 78 29 -61 
-1 -68 53 -10 1 -13 16 69 75 -56 -85 72 83 86 53 -52 
-33 -11 40 -5 -41 147 -32 73 4 100 80 9 56 50 89 -45 
-5 -58 -58 69 51 54 -27 10 -21 -9 28 32 28 19 1 -66 
42 -29 -10 -105 5 -61 -57 -39 116 10 -103 48 42 -33 -46 35 
-55 -5 -36 -60 -94 122 82 -22 58 14 54 -17 -26 21 74 -67 
-32 -24 32 13 -62 9 4 63 4 128 -34 -82 -23 -58 -106 10 
-87 -58 -87 81 -88 -33 -40 -68 79 47 40 38 0 -64 34 -2 
-109 -66 -17 110 75 -95 -4 15 22 12 47 -46 37 -53 -30 -44 
-63 81 34 87 64 3 -13 53 -55 -20 73 9 -32 58 19 -26 
91 -61 -9 -13 -65 -36 -36 -95 -3 53 -67 -45 33 -76 -24 52 
-7 26 92 -9 52 42 64 -88 -25 16 -12 11 23 152 24 -144 
-20 18 -28 -55 -74 -32 -69 95 -12 21 0 79 -35 -83 20 -10 
1 -89 -72 18 -78 70 44 -20 57 74 -9 19 4 -21 -28 4 
-91 -3 54 40 -17 75 23 91 11 -39 -50 93 -9 42 -18 -81 
42 61 -61 -19 8 -66 -32 -26 8 -8 0 24 17 0 -14 17 
-31 -6 20 24 42 -2 -12 -35 -15 -42 -33 -34 -3 53 16 -53 
-59 17 18 3 -14 -12 8 71 12 23 3 -29 -30 -20 17 -12 
63 -11 -55 -93 -117 -66 25 -3 10 -49 71 -16 30 -39 32 -22 
-15 -33 -35 106 14 34 -71 68 56 70 21 5 43 64 18 40 
25 5 -80 97 48 81 54 -2 107 -39 21 31 -16 -5 41 -11 
-36 6 98 20 40 -58 47 -22 24 33 -35 -82 26 32 -30 10 
19 24 -14 72 14 -13 -44 28 -81 83 -74 21 -26 -5 36 -46 
67 -40 -11 84 -34 26 -44 19 -57 0 -6 -113 68 103 -59 -42 
-38 46 23 -79 -31 -28 63 -17 -111 -14 15 -25 70 -71 -17 -40 
17 -15 6 -10 7 -4 44 47 34 47 16 42 -21 -53 53 -1 
-17 8 -38 65 -128 62 5 -44 -22 16 35 -30 -6 -51 -41 -54 
9 50 18 -22 12 37 -21 28 -51 -74 12 15 -3 -26 10 -6 
-6 -31 -4 18 14 24 40 -31 -17 -13 3 29 -7 -31 -14 1 
-47 56 -50 122 -26 0 2 -57 10 -6 2 -19 76 -6 -21 -22 
12 0 66 16 26 21 4 23 -60 33 -42 -18 58 41 26 1 
9 -10 22 81 47 29 -52 12 -17 12 -102 35 -20 -22 17 37 
-3 -7 19 55 -71 15 68 -15 48 -38 43 -69 17 64 -44 3 
49 28 -62 8 30 -26 18 -20 -41 45 6 -51 30 -13 -21 0 
4 -13 -24 -28 -21 -37 -30 -112 20 -9 -40 -16 -39 25 25 21 
34 18 -11 -8 -48 -44 21 -22 -35 6 21 -54 -47 74 -39 -101 
-47 34 -9 10 11 24 19 -6 -68 -12 -35 33 -35 -2 60 1 
-13 -15 -26 42 12 -6 48 16 37 -23 32 18 -76 -27 45 3 
-36 -12 -6 -51 24 45 17 92 -15 -10 1 6 6 75 4 40 
13 -33 19 110 -2 -38 -88 -2 68 14 41 -83 15 50 -22 26 
-5 0 94 -80 41 -52 39 -46 -44 -84 57 -8 17 -2 -72 36 
-20 11 -32 24 -21 31 35 -92 -10 0 70 -51 -4 -15 15 -2 
-53 -40 -42 -67 -5 -44 -34 -82 9 5 5 -44 32 43 -7 14 
-28 -40 -33 116 -2 69 -54 -48 23 74 65 -17 97 -58 -37 -3 
-98 3 10 -58 -100 -33 -51 48 36 -26 18 15 -46 24 -8 63 
36 13 75 -20 -36 55 -4 -22 3 16 55 32 18 44 20 24 
-9 -7 -17 -86 17 -26 -12 29 -2 22 -69 11 -56 18 -56 26 
14 38 -34 26 -89 61 -58 -26 30 -7 88 40 -58 -52 62 1 
-89 50 27 -16 57 -12 40 17 -9 42 -9 10 7 -22 -8 -18 
48 30 55 -101 7 -41 41 27 17 17 10 -7 22 -29 6 -27 
4 -19 10 1 -8 4 7 -17 -34 -105 -36 -64 -21 10 -9 32 
14 7 -6 41 -17 2 -37 -59 -62 26 -5 61 11 32 44 -64 
-34 -34 -7 5 36 -22 31 9 73 -52 -13 -36 82 20 17 -64 
-27 -27 -7 -51 12 -33 11 30 -97 21 15 -70 11 8 6 30 
-24 -17 -24 -35 27 -33 -6 -33 -97 7 25 -34 -23 45 15 -50 
-9 -31 -14 -39 13 30 4 12 12 29 -14 -30 -5 2 67 -44 
20 -57 -20 20 -98 88 26 -17 38 37 31 -1 -11 10 0 -37 
10 -2 19 1 -28 -13 -20 17 -15 -53 53 88 -10 55 -62 12 
-3 5 49 53 -15 15 -11 -17 -48 22 28 -56 -14 7 14 -30 
22 -7 10 -39 -29 40 4 14 27 -45 37 8 -9 39 -14 -34 
-10 19 -6 38 -4 74 -10 -46 9 -77 -19 51 54 38 66 -61 
15 -60 -77 -31 72 -17 27 -24 -29 2 14 -44 -55 7 57 -44 
-43 68 40 53 64 -7 36 20 1 37 34 -57 -18 27 -14 -15 
11 -29 -31 -28 -10 15 12 -8 41 1 55 -1 -16 6 -86 67 
-11 -12 24 16 20 59 -17 52 -12 -61 20 -7 -55 -81 23 14 
-1 35 -53 16 65 -4 -46 -3 -81 -58 15 -16 31 -1 -23 9 
-5 -7 17 -46 -65 -29 43 -10 -19 -18 -34 -4 70 -12 -51 -23 
-33 10 -79 -4 20 73 -11 -6 -19 0 31 -30 28 -46 16 14 
-61 -6 16 -17 -32 -2 -27 24 -33 42 -40 -22 -27 -28 31 45 
-6 8 -28 50 -25 -9 -1 8 64 31 35 -6 44 -20 -21 66 
-2 16 -35 0 -2 33 -28 43 11 -13 -19 9 73 23 -40 -45 
62 -4 17 -17 14 2 -28 -37 44 -50 -7 -19 -41 -30 -12 -18 
5 -5 -73 -24 -53 57 7 5 -19 25 -34 -25 59 -15 23 2 
43 45 -26 -13 -48 -25 35 -27 -23 51 18 -4 13 42 -4 8 
35 -33 54 -16 -24 14 -21 -8 -12 0 -3 -29 -22 -41 -38 -18 
46 35 -11 61 -26 9 -51 -2 -29 30 -31 7 23 34 56 9 
49 -33 19 -58 44 -37 -97 -77 25 3 -40 10 14 -14 68 4 
29 68 -15 35 24 48 -1 -10 47 51 -28 21 44 22 13 -37 
11 -9 5 4 -6 -5 10 -24 18 -4 25 2 0 13 -3 -13 
-1 -8 -5 -5 -3 -5 -35 30 3 22 -16 12 17 -16 -5 -10 
24 7 -6 -17 -6 -5 10 47 -10 10 -8 -24 5 -2 12 8 
-47 4 -8 -9 10 19 17 28 -4 13 -36 6 -32 -7 -28 17 
-2 -23 -25 -13 8 -10 0 -29 21 15 31 -3 15 4 -22 16 
3 -28 -20 9 13 -10 -2 38 -1 -2 29 23 -30 46 -18 17 
-6 15 -6 8 -47 7 -9 -40 -17 1 29 -6 -37 -29 -32 -21 
-5 -12 17 2 -27 -15 23 7 6 -11 -20 59 -19 -34 33 -12 
-14 8 9 11 17 -33 27 12 4 -3 14 12 32 26 6 72 
11 -10 5 4 53 42 -16 -3 -7 16 2 46 -51 -2 -45 -3 
6 -9 1 11 3 -30 9 -51 -19 19 -24 -20 -9 29 -13 14 
52 60 -30 44 34 -29 -7 24 -41 24 -39 -14 -12 9 -6 -2 
7 40 -4 21 37 14 -32 45 -13 25 -25 3 -13 45 19 46 
5 20 8 1 44 -12 46 -6 4 -34 4 32 12 48 -46 -2 
-7 0 47 -51 7 -27 -11 -34 11 -36 13 -7 7 -54 21 -23 
22 6 0 12 -15 -18 -28 24 -30 26 3 8 -27 43 -15 -53 
30 -19 10 29 -19 12 21 5 29 17 23 2 1 -36 -41 -17 
-16 32 18 -56 0 -27 13 -40 -20 47 3 -9 -13 28 34 12 
-5 -13 4 -16 -1 0 -3 -9 5 -18 -15 7 1 8 2 -11 
-11 5 2 3 9 -14 -11 -12 -2 -9 -1 16 -25 -5 8 14 
-11 -6 0 1 8 -10 -5 10 8 12 4 0 31 1 -22 -7 
-8 -8 10 -4 -6 2 6 4 2 -6 3 4 4 -1 -2 6 
14 -8 -26 1 1 -17 9 -2 11 -8 4 -23 1 -14 -8 -13 
9 10 -6 -5 12 -10 -4 6 -7 6 -17 -14 9 -10 4 18 
14 -52 4 16 1 9 -33 1 -3 0 9 24 -11 66 -2 -6 
7 48 20 9 -28 -11 -15 -20 32 -12 -8 -11 -1 8 -11 -24 
-26 32 -16 24 5 -10 16 -16 32 4 0 30 24 -18 30 -21 
3 22 19 -8 -11 -21 -12 -30 6 19 12 -36 -28 21 -28 -26 
-11 -16 4 22 14 -33 29 36 18 15 27 -39 -12 24 -45 -22 
-33 -16 -12 -27 -13 16 -8 11 12 46 45 17 22 14 3 34 
32 36 16 -19 -36 -10 26 1 -19 7 -13 16 12 -6 -31 -13 
29 -74 -31 -14 9 9 10 30 23 6 9 -32 33 39 8 -19 
1 11 12 -52 -18 -16 -22 14 -2 -29 -3 -16 17 -4 -12 -12 
5 26 -19 35 5 10 -30 12 -14 -15 16 -49 59 16 17 13 
10 -22 4 -32 14 -3 -22 -6 12 -9 10 38 7 -11 12 4 
20 -32 -8 22 -32 13 18 -12 -18 -13 -40 -33 -35 21 -6 3 
-47 11 19 -15 31 -5 4 -57 -50 19 -43 15 -19 -45 37 -4 
-78 -53 2 -18 -8 17 -19 66 -19 -3 -37 -6 81 36 13 53 
5 -9 -22 -1 -14 -62 16 4 28 -17 -2 12 49 -11 -1 47 
-6 -2 -1 -26 1 29 9 26 -19 3 33 19 4 48 6 -23 
25 -58 21 -51 51 -19 52 4 44 -17 31 5 36 7 32 37 
5 -16 0 -7 -27 -59 52 -10 -52 -23 -12 -25 -34 46 -17 -9 
-4 2 20 -13 39 17 -28 -13 -8 -1 -20 32 11 11 32 -16 
-4 29 9 -10 -4 6 -23 16 8 8 38 -7 13 -10 -2 36 
-11 -11 -13 2 -7 -21 -18 41 8 13 7 -13 29 -1 7 -7 
-38 3 17 -14 -7 -5 3 20 -8 7 15 -10 -20 -10 7 -27 
23 -10 -7 -28 8 -17 12 -22 10 19 0 -24 3 -2 -37 4 
-8 6 -10 -13 37 -44 20 1 -13 2 14 -7 -15 14 2 21 
15 3 31 27 -5 20 19 -15 -10 27 22 6 24 5 -9 -9 
23 18 14 5 4 -46 -59 -7 -18 13 8 28 1 23 -36 8 
2 -3 21 13 -25 -11 7 31 -20 18 -17 -12 -20 -3 10 6 
15 -19 -48 8 -4 -7 -27 19 -17 46 -36 9 -11 -3 8 -10 
18 36 -1 17 5 -21 8 17 16 -18 6 -52 37 -22 -5 10 
-17 5 -12 -33 13 -4 2 -18 -10 29 18 4 28 40 8 15 
43 -42 13 -36 -2 34 22 -47 1 -7 -6 31 -15 11 10 53 
0 28 -26 39 11 41 44 22 14 21 2 23 -10 40 33 11 
29 27 6 -4 -39 15 -12 46 8 12 17 -50 20 30 8 -8 
-10 -34 32 -74 0 -17 4 -32 18 -6 2 -12 -22 -38 -22 18 
-4 -18 -32 -33 -10 34 -26 -20 -10 14 -31 27 -2 30 -9 -3 
24 -31 37 1 14 -40 -6 8 30 -40 4 17 -23 -12 -10 -7 
15 -5 -8 -3 20 -26 -6 16 -17 18 -28 0 14 19 -4 -16 
-6 8 18 -8 -30 15 -23 -11 1 5 24 -44 -6 20 18 6 
-18 3 -23 17 -5 -20 22 26 0 -21 -16 15 22 21 22 -10 
14 11 14 14 25 -3 -33 -20 -4 4 15 -9 13 2 9 -1 
-12 -16 12 -15 -5 -13 -12 18 -15 -3 -1 -2 21 -8 -2 -31 
21 -5 -24 -1 -1 28 -20 11 -17 -7 -25 23 8 0 3 1 
20 -2 -8 13 -23 31 -12 -25 40 7 35 -18 7 37 36 20 
18 12 -31 32 -6 -10 -33 1 -18 13 -49 24 26 -15 -14 -5 
24 -13 -3 13 -30 46 33 -12 22 30 -9 -36 -41 -9 7 8 
30 -28 -22 -40 4 -18 45 -26 -25 44 -3 52 -42 13 5 7 
-17 23 14 49 -27 -5 -17 13 38 -13 -3 -16 1 27 24 18 
-25 5 33 3 4 -3 -2 -13 7 5 1 3 20 -35 -15 27 
-40 -4 -2 -18 18 -49 4 -27 -14 -16 -23 16 -39 -17 0 -31 
-10 -37 7 1 -3 18 30 -20 -10 -14 8 12 -3 -7 31 11 
-25 0 13 -3 26 -49 -1 -10 -4 -1 21 27 44 22 -15 15 
10 25 15 13 7 16 -2 17 15 -45 -3 -8 3 -3 -8 7 
15 -27 16 -10 -1 3 -1 20 -4 3 19 -23 0 -14 -2 -25 
22 3 -21 1 12 -30 -9 14 -26 -28 -7 -3 -7 -25 1 -46 
-45 21 -10 8 8 -13 -2 7 7 -1 -25 19 -7 15 -8 -19 
-3 -21 -28 13 -31 15 6 16 -10 15 17 -24 -24 12 27 -20 
-32 16 -7 6 17 11 -12 7 24 -8 -13 7 31 11 -10 -20 
-33 5 23 -13 -3 33 -35 8 23 -5 12 0 18 25 29 27 
23 -23 14 -25 -9 14 15 -19 -31 -15 -18 15 -8 2 3 -17 
7 -3 -30 15 14 7 -50 6 -38 19 -42 -30 -17 13 16 -20 
-29 27 -5 17 17 -6 -27 14 -8 30 36 -27 -5 28 11 17 
7 -36 -8 0 -11 -21 -11 60 -7 -30 -32 28 -8 9 -16 16 
-10 42 4 31 -15 -16 26 7 20 16 -13 -3 25 -4 -1 -7 
29 10 3 -12 24 24 17 -20 -14 57 -19 4 30 -17 -1 19 
17 -25 -27 23 8 -2 -25 -7 8 -1 -8 4 -3 42 -29 -35 
2 12 -15 24 8 15 -18 8 -35 -20 -1 -18 2 -2 13 33 
-25 35 1 -18 11 22 8 9 -47 18 27 -4 -39 -22 15 29 
-45 -19 -1 18 22 48 41 -54 55 -1 -7 -12 -7 9 -12 -38 
3 -21 7 35 -17 10 -35 -32 35 29 42 -37 -6 -18 -3 14 
37 0 -9 -1 8 -26 -13 -1 11 24 34 -2 -17 55 2 -2 
6 47 -27 38 18 -37 -19 14 34 -6 12 7 -72 -41 -5 -25 
-20 5 48 -36 -32 -29 -8 -1 -12 57 26 -56 6 -2 -6 0 
-17 14 14 -2 9 -8 -30 -18 3 2 -16 -11 -8 1 8 -7 
4 0 23 1 -16 -8 10 -2 -20 8 23 1 14 -9 -28 -3 
-16 -21 12 -14 -4 -22 5 18 -12 -5 -2 7 -7 9 -2 2 
-9 19 2 -15 -8 20 -31 26 13 -1 13 4 -7 -13 10 9 
1 -3 9 0 -16 -1 29 11 -7 7 4 0 -1 -25 -13 -24 
-14 3 9 9 7 -16 -6 11 5 -1 0 -1 14 10 5 2 
101 0 44 3 -45 19 23 -33 -5 -67 -16 14 17 38 29 15 
-5 2 -11 44 -32 29 -50 -18 16 62 -59 9 43 9 -40 12 
-27 24 -9 -11 8 -53 -23 -12 -3 46 3 -17 42 24 3 -39 
-24 15 -32 -18 16 -51 28 -24 3 -13 8 -5 -7 31 21 -6 
47 0 -7 55 24 -27 6 6 28 -64 -40 -12 12 -19 17 21 
-45 -13 -18 -24 19 6 24 35 18 56 -1 -15 32 -43 30 27 
-16 23 6 46 -18 1 -8 5 -10 16 -11 2 -2 12 -20 23 
-38 16 18 -28 -14 0 0 -14 -14 22 -8 -6 24 12 -28 -12 
-1 -25 -4 -26 53 -19 -38 1 -6 5 24 37 -3 -11 -29 -18 
22 12 -9 -34 -4 -37 -25 6 1 12 -5 -39 5 21 56 -11 
14 -50 -7 -2 2 31 22 19 31 15 -10 -18 -5 -7 0 -47 
-59 29 -16 0 20 1 -41 -24 -2 10 37 -10 49 -30 23 43 
30 36 9 -46 -18 10 57 -23 -22 -14 -50 16 23 -14 -42 8 
-37 -6 38 -23 -30 15 27 -33 -5 27 -24 -22 22 -14 34 -29 
6 -11 -11 -60 36 -20 -2 -28 13 7 20 48 22 11 8 32 
23 33 18 -7 25 11 40 18 -30 -21 8 -52 50 10 31 3 
11 -38 5 -10 48 22 -6 -2 21 -36 12 -38 34 -15 -9 -17 
-20 -17 -38 25 -3 2 12 -1 26 4 -6 8 6 1 2 -8 
-73 33 31 -7 -36 37 5 14 -55 -26 -9 4 -10 -34 -7 -41 
-60 -4 20 -33 -17 17 32 -12 -44 33 10 -18 -8 -28 -41 -2 
-52 -26 -3 37 51 26 -10 0 8 -21 -9 -3 25 4 7 30 
-3 5 50 14 42 43 32 -28 -2 -70 -53 -10 60 20 20 -44 
-40 10 42 7 19 5 3 -24 20 -40 -18 -17 -15 4 -9 -43 
-17 -10 7 10 -14 2 -53 13 -5 33 -54 -31 -36 27 -7 -38 
74 6 34 -8 -53 10 53 -36 -20 -28 -37 -30 31 3 -20 11 
-9 7 -22 20 -23 28 -32 19 15 44 -30 11 27 -11 -27 -26 
-1 8 -4 -11 -1 -14 4 -15 -4 -9 9 -21 -11 55 28 19 
-20 35 -11 -13 27 -21 5 -9 -6 31 -23 -10 27 -10 9 -5 
-15 -4 12 6 28 5 25 5 14 -42 -17 4 42 -20 4 28 
-11 -40 -10 0 -3 35 -13 35 24 18 -5 5 -1 0 26 -7 
10 4 10 4 1 4 -8 -24 2 -13 -3 0 -21 34 39 9 
2 10 -2 4 -2 10 -5 1 -14 13 -3 17 -15 -4 -11 18 
-19 -34 17 -8 23 -18 -1 -1 -13 15 24 0 2 -9 -16 1 
-1 15 22 -15 -9 1 -24 8 10 6 11 -3 2 4 -5 14 
26 -2 8 21 -21 -8 35 14 16 3 -3 0 23 -39 -14 -15 
-15 10 -3 -9 11 -21 -24 12 -23 19 -15 -8 0 12 24 -9 
21 -48 -56 -17 -15 -31 -23 33 20 26 34 -7 -2 -6 -23 -52 
-1 34 0 -14 16 -16 44 -27 -11 -48 -7 48 -38 33 -30 -32 
25 74 -5 -29 40 13 26 -8 -12 35 9 37 0 -9 4 19 
-13 10 -51 13 -28 -29 1 -44 43 10 -2 -9 -33 24 21 -65 
24 34 -25 12 42 -44 -33 26 -27 20 -22 -21 -32 -8 8 -17 
-7 -6 -5 0 1 20 -5 3 3 48 9 -26 14 -3 4 -17 
-24 0 -26 10 36 -25 -11 13 17 -9 45 -33 -9 29 -22 32 
10 -1 -21 -2 -2 3 10 9 -4 -15 16 5 19 16 -9 -7 
-10 0 47 17 17 -10 4 5 14 1 13 8 -12 34 14 -4 
28 25 4 20 -10 17 -38 18 -11 9 35 -3 -3 -27 1 -9 
1 33 27 -21 -5 14 -31 -16 -25 -16 -44 49 -7 14 -16 22 
25 -15 -18 -5 37 -3 -41 -23 0 -8 -38 25 -27 3 46 11 
18 -4 35 32 -13 18 -12 19 29 4 15 20 -20 18 -33 -37 
35 61 3 -58 -13 6 38 -8 -6 -43 37 18 -56 -31 2 -53 
-4 13 26 -32 49 42 29 -14 8 22 -27 -2 -36 -20 -27 14 
-46 -37 -2 -10 -8 -1 2 32 25 -31 31 -10 13 0 -10 15 
-5 2 -27 -23 28 -5 4 -39 -25 20 -64 24 -5 5 -19 27 
2 36 5 33 55 16 -54 -24 -16 54 3 -38 8 -5 7 -13 
-56 1 -4 -31 9 -25 -6 7 -28 -28 -39 16 -20 -25 -9 -19 
-17 -30 5 -74 30 29 40 -20 -10 -1 9 -24 12 -1 12 16 
-19 19 3 -39 32 -22 -37 -36 -5 10 14 45 42 33 -2 3 
-2 -8 2 11 -49 29 18 24 4 -36 29 -30 -6 -12 -15 20 
26 -13 5 -18 43 7 -20 3 35 8 -5 6 -34 3 4 -6 
-8 11 -4 8 -11 -40 19 -22 -6 -27 -30 -4 -10 2 0 -20 
22 -11 -30 7 -27 11 0 28 12 32 5 17 12 21 47 -41 
31 -81 -65 35 38 -44 -14 32 24 12 -15 38 38 30 -18 11 
52 8 -17 -41 -78 -26 5 17 42 22 -31 -39 8 -15 -17 -25 
27 -20 -47 -17 -21 -39 31 -45 -38 39 -2 -3 -28 6 25 -35 
-25 2 -18 16 24 9 -39 17 0 -33 8 -8 30 -11 58 -2 
6 14 51 -10 -6 55 -3 32 -3 -23 32 -38 8 -8 -18 0 
6 31 31 -32 41 4 4 -7 -23 -1 -30 3 -6 -41 -15 11 
-10 0 35 0 6 9 6 16 19 0 8 -18 62 22 3 -9 
13 27 6 5 -27 13 1 3 -14 -13 -14 -14 8 44 30 -24 
-19 28 -4 -5 -16 -17 -2 -3 52 -3 4 4 13 14 18 -16 
21 -1 21 -36 1 6 -12 9 4 41 -16 -5 13 7 18 15 
33 -44 7 7 1 20 3 -24 -22 -8 -31 8 -3 16 -13 21 
-21 -32 -19 -12 57 -3 -8 7 4 8 -8 28 0 -8 -18 9 
37 -7 -34 -7 58 34 17 -18 15 -23 4 21 2 55 -12 -23 
30 -15 1 3 -12 7 -61 -37 -2 -52 -9 -38 -16 -23 0 -30 
-2 3 -44 -6 -54 -46 -40 26 0 2 28 -20 18 25 24 -29 
-4 14 9 -31 -32 39 -25 -3 12 32 32 38 -27 -25 -16 18 
6 -22 16 -55 -16 24 11 -30 18 11 7 10 -53 8 20 -20 
39 55 10 42 -23 -62 35 13 30 23 19 -20 -13 -16 30 22 
12 34 -30 -9 4 -8 -10 -34 -1 -4 3 9 1 -6 -39 -4 
7 -37 -28 -19 -1 -15 -4 -52 0 -13 22 -20 -36 -4 -20 7 
44 13 -32 -14 -17 3 -44 45 19 -1 -21 -19 17 9 63 9 
-3 30 14 10 -33 -7 31 -9 -33 28 -13 33 -1 11 19 -4 
3 28 9 -18 50 46 -18 -57 -22 20 -20 -35 15 -27 29 -7 
33 9 -9 20 4 28 -15 -27 -2 33 -26 19 4 -12 21 61 
-41 38 13 20 -8 -4 32 27 3 -10 2 14 19 7 13 -11 
16 9 -16 -52 -11 -21 -12 14 0 9 22 28 -12 11 11 -32 
0 -26 7 -52 -5 0 11 -5 -4 18 33 -13 -21 7 -12 -12 
12 -40 10 -10 -36 20 56 -8 46 49 -18 -37 33 -47 -6 45 
-11 -7 -7 -20 22 -13 -29 -39 -49 -4 0 -26 -8 35 23 2 
25 10 15 45 0 -2 -22 30 4 15 12 -9 18 68 26 -13 
-20 -26 30 1 -16 10 45 30 -6 25 2 -21 -1 15 -8 14 
6 -21 18 44 -3 -1 -15 33 22 -23 -32 1 -10 32 33 -26 
-30 -7 -7 -19 -25 -10 -23 -5 -14 40 63 26 -26 7 -33 -15 
-1 -2 -4 17 10 3 -1 -43 19 -30 -15 16 -12 12 2 -1 
-22 -6 -19 15 6 -8 -4 6 1 31 2 -13 -56 25 11 11 
46 8 10 -39 -19 -38 34 -13 22 -11 15 16 -6 -16 -39 -45 
12 -53 -34 -79 24 11 -10 -40 28 61 -16 -34 -4 -3 34 19 
53 -5 -7 -41 -32 42 -3 -8 9 22 14 -9 0 -17 -15 46 
-36 -10 -34 -22 -29 16 11 26 -34 12 -19 11 3 21 55 32 
19 45 -14 -41 -2 -26 -36 -22 29 -9 25 15 -36 -4 6 39 
18 -32 3 -36 4 -37 8 -22 33 7 -2 -23 -48 41 -33 -54 
2 40 13 -9 -20 15 -35 6 3 5 22 9 -18 -15 23 -14 
-2 -32 -4 -31 2 2 -7 16 -34 -25 19 -11 20 -4 -14 18 
2 -12 21 1 17 19 -42 26 15 -26 1 15 -21 -33 5 -46 
12 -42 -28 -6 -26 -23 -7 -14 -22 3 15 -20 -19 -29 13 13 
4 -37 4 -5 2 21 31 7 24 -9 16 -31 -8 1 -21 -12 
-14 40 4 -15 11 -7 41 -6 -29 -45 35 7 -6 -11 -9 8 
16 6 7 -21 -45 -11 -9 -40 -21 -7 -13 17 -7 -2 -6 -20 
-39 -10 34 19 -14 20 -8 7 2 -3 -4 -3 -6 -4 2 -11 
-6 14 -8 -15 -24 11 1 34 -8 -30 -23 29 -9 36 23 -12 
-22 12 7 -18 4 -19 42 -10 -18 5 -3 9 14 11 -26 1 
-8 -27 -6 -6 -21 -7 2 -13 29 23 3 -28 15 -21 -12 25 
39 -6 -14 23 6 -16 -1 0 -17 -15 -18 -9 -8 -24 5 -7 
-13 8 13 -5 -9 37 6 -1 -6 -3 12 33 -10 16 -33 16 
1 25 20 10 -17 22 -12 17 58 -12 -35 -7 4 -6 -8 -14 
-27 19 -4 6 -4 -3 11 -3 9 -24 -1 7 27 -11 31 11 
0 -13 1 -19 20 -29 59 -49 -1 8 -50 -6 -3 1 -19 12 
-24 -2 3 8 -16 2 10 -7 26 1 -35 -21 -3 39 13 48 
-18 -19 -29 1 1 1 -37 -23 -7 20 -37 -26 16 3 17 22 
3 -11 -8 15 5 7 -10 3 -6 5 15 1 -10 8 20 11 
-2 -7 -8 11 -1 -4 -11 12 -1 -14 -3 21 -5 -5 -9 -11 
-5 -8 -12 -10 -18 19 -1 -3 20 -2 5 -4 -7 17 3 8 
8 -17 -1 -1 1 -9 19 0 -5 -3 4 8 6 1 -9 2 
7 16 6 16 -6 6 6 12 13 -11 -14 5 1 6 7 12 
-7 6 6 -7 2 -5 3 0 -9 2 2 0 -1 -3 0 8 
-10 11 9 -3 -12 5 -6 10 0 -9 -14 15 -15 -1 10 -7 
-20 -2 -3 16 13 -14 -11 7 12 -12 0 3 -18 -12 -10 -12 
-9 -2 0 8 17 2 14 3 -3 13 19 16 3 0 2 9 
-6 -2 13 8 -13 1 4 20 4 -6 -17 -8 -15 8 15 2 
9 25 -17 -13 6 -19 -19 5 -7 -16 15 -15 -16 10 -8 -2 
10 21 -11 -16 1 -17 1 0 3 12 13 3 5 17 -11 -12 
12 -25 -24 -10 -1 1 -25 -34 9 13 -21 -3 -7 -2 12 18 
-21 -5 -18 12 -30 -2 16 22 -4 -7 -5 18 -10 5 3 4 
8 16 12 -4 -12 30 9 -5 3 9 -13 -1 -4 45 -3 13 
1 -21 30 -2 12 14 18 -11 3 -2 1 16 -15 -14 -24 21 
19 16 -12 -3 10 3 -16 -7 14 4 -9 -15 21 17 1 29 
-2 15 -13 5 4 -19 -17 12 -2 -6 -12 -5 -4 4 -1 -8 
-14 2 8 6 6 20 -24 10 13 -1 12 -8 7 -3 -4 0 
15 -2 7 12 -7 -17 6 -10 5 4 -1 -4 -9 10 -3 -11 
7 -16 -2 10 -11 -3 19 10 12 -11 -4 3 -6 1 16 -11 
9 -1 5 12 -3 0 -15 7 -11 14 -3 -2 7 7 11 -17 
-11 5 -4 15 -16 4 6 6 -16 -14 16 9 -14 8 10 -3 
8 -5 18 12 -6 6 4 11 -1 6 5 -12 0 4 7 0 
2 -23 18 -14 28 3 -7 7 -11 -6 -7 -2 14 8 -9 6 
5 -6 12 8 12 -10 -13 13 8 11 -15 -6 -2 24 -13 -11 
-3 10 -7 -5 -9 12 -15 -6 1 17 -17 10 -1 -1 0 -12 
-18 0 -5 2 -22 -28 -5 -13 -4 4 6 -8 43 16 1 -9 
-1 -18 12 15 -3 24 -34 19 -4 2 -7 -4 -16 -16 4 -7 
5 -19 10 -4 -16 8 10 -4 -3 4 -1 5 2 -8 -3 -2 
-2 1 -3 -3 2 3 3 1 -1 1 -1 -1 1 -2 -1 -1 
1 -1 0 3 1 1 3 2 5 -3 2 0 0 2 5 -1 
0 3 -2 4 -2 2 1 2 1 3 0 1 1 1 1 -1 
2 3 0 1 1 0 0 0 1 0 1 0 2 1 0 0 
-5 -2 -1 0 -1 1 -1 3 -4 0 3 4 3 2 2 -4 
4 -1 1 3 0 5 0 2 1 0 -2 0 0 0 -1 2 
-13 7 3 37 11 -9 13 24 11 -3 14 -9 11 -14 -1 -7 
-6 11 -19 -11 7 1 -43 1 10 -9 -7 15 31 3 23 16 
14 27 -12 22 -7 -15 -6 2 -26 22 30 -1 5 -7 -6 -10 
13 14 -9 16 -5 -26 -2 -10 -5 7 -15 -2 15 -17 31 4 
-8 -25 5 15 9 -4 8 -7 20 14 16 -12 -26 -2 25 0 
-2 -17 2 -1 -11 9 -3 28 -15 -18 13 -12 -8 -20 -22 20 
10 -19 -9 8 -18 6 -25 11 19 24 -12 -11 -3 28 3 30 
32 -5 2 6 20 19 42 27 6 -18 -1 46 25 16 -15 22 
47 23 7 -3 -17 -19 -10 -4 -2 -1 -23 2 -7 -7 14 -21 
11 -4 -3 -7 7 -23 18 -34 -29 20 -3 -19 -38 -37 -5 -22 
-12 -42 18 -48 16 9 -16 -9 12 21 -6 -14 0 -12 -5 -19 
-5 14 -12 -4 13 -3 6 11 5 -27 27 7 -28 22 5 -2 
-16 3 -8 -26 -9 -20 -14 5 3 23 -13 27 -8 -13 -6 -16 
-6 5 3 -21 3 -4 15 -2 6 -12 11 -2 -11 -10 -7 -2 
12 6 21 -16 11 11 -2 1 -5 -24 6 11 9 14 -8 -6 
-13 0 6 -13 -18 14 0 -8 2 0 22 -16 13 -4 3 -18 
9 0 -12 -32 2 -7 -15 0 14 28 -14 -6 -8 18 4 6 
3 13 -14 1 0 -27 -4 -7 -4 -8 13 -19 -14 2 0 -24 
-5 12 0 -8 -6 -3 -9 13 3 3 -7 8 -2 4 -2 5 
1 12 4 4 5 -1 10 4 6 -1 3 6 -2 2 -5 -8 
2 2 10 -12 -1 -2 -3 -10 -4 2 -1 -2 0 -14 -10 -2 
6 -2 1 -2 4 4 -2 -4 -2 -1 -1 6 13 9 6 -3 
9 -3 -3 4 -2 3 -7 10 -1 5 -1 3 7 -6 5 -10 
6 -1 -4 3 -10 -2 -6 -12 -6 -2 4 -12 -3 -5 16 -11 
35 -12 28 -13 29 2 11 -14 -9 10 21 12 15 -22 15 -28 
3 -27 30 -9 10 -17 -3 8 -32 5 -5 -27 11 5 55 -1 
-6 -10 -23 8 -24 -17 -47 -13 6 -20 25 2 -2 -7 26 3 
5 5 -25 5 -20 -12 5 -4 10 -2 34 -14 -9 6 12 -4 
-22 -5 -10 9 5 12 7 -31 -30 18 -4 -2 0 -22 -13 -27 
21 -9 -1 -24 11 -10 27 -12 17 -8 -1 20 15 -1 1 -10 
1 0 1 -2 1 -1 0 0 0 -1 -1 0 0 -2 0 0 
0 -1 0 1 1 0 0 2 1 1 0 -1 1 2 3 0 
0 0 1 1 0 -1 0 2 -1 0 0 0 1 1 1 0 
-1 2 0 1 0 1 -1 0 1 -1 1 -1 2 0 0 1 
1 1 1 1 0 2 -1 1 -2 0 -1 1 1 -1 2 1 
2 -1 0 2 -1 0 -1 1 -1 -1 -1 0 1 -1 0 -1 
0 0 0 0 0 0 0 0 0 0 0 0 0 0 0 -1 
0 0 0 0 0 0 0 0 0 0 0 0 0 0 0 0 
0 0 0 0 0 -1 0 0 0 0 0 0 0 0 0 0 
0 0 0 0 0 0 0 0 0 0 0 0 0 0 0 0 
0 0 0 0 0 0 0 0 0 0 0 0 0 -1 0 0 
0 0 0 0 0 0 0 0 0 0 0 0 0 0 0 0 
-11 -4 -4 -6 -9 -20 24 6 3 -16 -6 -14 -3 8 1 0 
-24 1 5 -9 2 4 -12 -7 7 -19 -5 -6 -10 -4 27 3 
-12 9 -11 -7 1 18 1 0 10 -5 6 -6 16 12 3 17 
-1 -10 5 -1 -10 18 12 -5 17 -8 16 2 34 14 -5 24 
0 16 -4 -7 -4 4 8 2 0 -5 -28 5 4 9 10 4 
8 -10 10 -10 -15 -9 -20 -16 1 5 -42 -11 12 -22 -14 1 
-5 -10 4 -24 5 20 23 24 19 2 13 -41 -1 35 -4 -6 
-8 -15 -32 -14 -19 31 -13 11 3 0 -32 18 4 -8 8 7 
-17 17 -1 -8 29 -3 31 -8 25 24 22 1 29 12 -1 22 
-3 12 3 -25 6 11 2 -10 20 39 -2 4 23 12 36 -8 
7 30 -4 -24 -1 -15 -23 -6 9 -23 -18 36 -7 -1 -9 6 
3 -28 -9 23 18 11 -46 -10 -10 30 -24 -23 -2 7 -17 25 
0 0 0 0 0 0 0 0 0 0 0 0 0 0 0 0 
0 0 0 0 0 0 0 0 0 0 0 0 0 0 0 0 
0 0 0 0 0 0 0 0 0 0 0 0 0 0 0 0 
0 0 0 0 0 0 0 0 0 0 0 0 0 0 0 0 
0 0 0 0 0 0 0 0 0 0 0 0 0 0 0 0 
0 0 0 0 0 0 0 0 0 0 0 0 0 0 0 0 
36 -20 27 -17 26 -19 -3 2 -3 -11 3 -6 -2 8 -5 -6 
-2 17 -12 -14 -14 -21 -34 9 9 -5 -10 -6 -8 9 33 14 
0 -2 -18 6 -44 1 -2 13 -3 0 19 -17 17 8 -6 -4 
-5 29 -32 2 -19 15 -15 17 33 10 14 2 10 8 -8 1 
10 29 9 -3 11 -27 -2 -8 -18 -7 -1 20 -18 -1 -27 -35 
5 -14 -5 -24 15 4 29 -5 2 7 -13 0 -17 0 -7 2 
2 3 2 1 2 2 -2 -1 -4 0 -1 0 -1 -3 4 -2 
-1 -2 5 -1 2 -2 1 1 0 1 1 -5 5 3 -1 0 
0 -3 4 -1 0 -4 -2 4 -2 -1 3 1 0 -1 3 0 
4 1 -2 -1 1 1 -4 2 3 1 1 -1 -1 0 2 -2 
0 0 0 2 -2 -1 1 0 2 0 3 -2 -1 -4 -4 -4 
-4 0 -1 -2 -2 -1 1 0 -2 1 2 -2 1 1 -1 -1 
4 -5 -4 -12 7 7 8 -2 -4 -7 -14 -8 8 5 -11 14 
-6 9 1 -1 2 2 0 3 8 8 -9 -14 -1 14 5 1 
15 9 -3 -10 -10 20 -7 -7 -5 -10 6 -8 0 6 1 -11 
9 21 -3 -2 -16 5 16 -18 9 11 -4 -7 3 0 -1 -2 
-11 6 5 8 6 -8 -2 9 1 -1 4 -3 -6 -3 4 -12 
-4 -13 15 -10 -15 12 11 -4 23 -1 4 0 -3 -11 -4 0 
-11 13 5 26 -20 12 5 20 -7 -20 16 -12 15 -1 -4 -1 
-14 5 -1 5 8 1 -9 -13 -3 -8 -34 0 -4 -10 10 -7 
-21 -20 -4 24 2 14 -6 8 5 -4 5 3 -20 -9 -8 8 
-15 -3 10 28 -3 -12 -7 -3 15 -13 -3 6 -9 -3 -3 -19 
-13 24 26 10 6 8 -23 -28 -29 -21 -7 -7 -31 8 6 2 
-13 2 23 5 -6 14 20 -2 3 8 -7 5 5 5 -19 4 
0 0 0 0 0 0 0 0 0 0 0 0 0 0 0 0 
0 0 0 0 0 0 0 0 0 0 0 0 0 0 0 0 
0 0 0 0 0 0 0 0 0 0 0 0 0 0 0 0 
0 0 0 0 0 0 0 0 0 0 0 0 0 0 0 0 
0 0 0 0 0 0 0 0 0 0 0 0 0 0 0 0 
0 0 0 0 0 0 0 0 0 0 0 0 0 0 0 0 
31 35 22 28 1 30 -6 -27 -26 -24 28 19 1 16 7 0 
3 -9 -5 -26 12 4 -10 -1 -6 -7 -23 -12 31 -11 -21 -4 
5 -26 10 10 13 -9 7 10 -18 11 20 16 -7 1 11 6 
14 10 8 -27 15 2 2 44 12 2 -15 -7 -15 -8 -19 13 
-5 -19 -19 -15 2 3 18 -22 23 5 31 13 -32 -8 -23 19 
0 19 22 -20 31 -22 3 -16 18 3 34 14 8 4 8 4 
-21 13 -30 -24 -22 -7 -33 -17 51 -18 -4 -39 -21 -11 -2 -12 
-10 -18 -19 12 -7 37 4 25 -29 11 16 -6 38 -10 -15 7 
16 -9 -1 0 -8 -9 21 36 11 -33 0 0 -24 -1 -10 8 
-30 -24 18 8 -11 26 -29 33 6 21 62 20 21 11 23 21 
4 -6 41 5 -18 34 -3 24 -18 4 -34 32 7 -9 46 -27 
3 -16 20 -6 -26 3 3 -13 -42 -42 3 7 -20 9 10 8 
0 0 0 -1 -1 2 -2 -1 4 2 2 2 3 3 1 -4 
2 2 -1 0 -4 -3 2 -2 -1 0 4 3 0 -3 0 0 
1 1 2 -3 2 -4 0 -1 -3 2 3 -5 -1 1 -2 1 
-1 -1 -2 0 3 0 -5 2 -3 3 4 3 1 0 2 2 
4 -3 -4 -3 -3 -2 2 -1 -1 2 0 -1 -1 -4 -2 3 
3 5 1 -1 4 -2 -2 0 -3 3 0 -3 0 4 3 0 
0 0 0 0 0 0 0 0 0 0 0 0 0 0 0 0 
0 0 0 0 0 0 0 0 0 0 0 0 0 0 0 0 
0 0 0 0 0 0 0 0 0 0 0 0 0 0 0 0 
0 0 0 0 0 0 0 0 0 0 0 0 0 0 0 0 
0 0 0 0 0 0 0 0 0 0 0 0 0 0 0 0 
0 0 0 0 0 0 0 0 0 0 0 0 0 0 0 0 
0 -4 1 0 5 -7 1 4 1 2 3 -3 6 1 -4 -1 
4 0 3 1 -2 1 -1 6 4 3 3 -2 -1 3 8 4 
6 3 -1 5 -8 -1 0 2 -2 -4 -5 -4 3 -7 0 -6 
0 2 1 8 -7 0 -4 -5 5 -2 -1 6 2 -5 1 4 
0 -5 1 7 0 1 0 3 -9 4 -1 5 4 1 0 -2 
4 -5 -1 8 0 9 -2 3 -4 0 -5 4 -1 -4 3 -1 
0 0 0 0 0 0 0 0 0 0 0 0 0 0 0 0 
0 0 0 0 0 0 0 0 0 0 0 0 0 0 0 0 
0 0 0 0 0 0 0 0 0 0 0 0 0 0 0 0 
0 0 0 0 0 0 0 0 0 0 0 0 0 0 0 0 
0 0 0 0 0 0 0 0 0 0 0 0 0 0 0 0 
0 0 0 0 0 0 0 0 0 0 0 0 0 0 0 0 
-13 17 11 -24 -9 -3 28 20 11 -9 2 -22 -20 -4 11 -9 
-1 -44 -14 13 53 -8 46 17 -7 9 42 -11 12 0 32 11 
-26 -11 -7 4 27 -6 14 10 -14 4 19 -32 7 24 -15 41 
23 9 15 24 -13 33 -26 16 49 -53 6 35 -20 -29 21 25 
22 50 22 -8 -22 46 -20 -38 -57 4 -29 3 -35 -19 1 -5 
-4 -23 -39 14 -34 -23 2 -17 -24 11 -19 5 41 -20 -9 -31 
-3 -14 -60 -19 -25 -36 -41 -10 7 34 -13 14 -12 -21 16 1 
1 -2 -15 -2 5 -2 -27 -5 15 -29 -25 33 -26 -2 -13 -15 
17 -2 -8 7 -33 8 12 -38 33 -1 -13 -28 -13 48 8 26 
-26 12 -2 38 9 6 6 4 -10 24 -7 20 6 -11 -15 16 
-20 -22 -21 -35 -25 17 -16 13 6 -2 10 35 -2 6 -6 34 
25 -1 43 5 31 32 13 18 1 0 12 7 18 -11 3 -2 
-4 -3 -5 -1 0 -6 2 3 1 -1 -2 -3 1 1 -5 5 
3 -2 -2 0 -2 1 -3 -3 -5 -2 0 0 -5 -3 4 6 
1 5 -6 0 3 5 4 -1 -1 2 -2 2 2 -2 2 0 
-2 3 2 5 -2 2 1 0 -4 -1 -1 1 1 0 2 0 
-3 -2 3 -3 6 -4 -2 4 -6 -4 0 0 1 3 4 -4 
3 3 -2 5 2 5 2 2 1 -4 -2 5 -3 -1 -3 1 
1 9 -5 17 -1 41 -3 -1 -21 18 -7 6 2 -24 -22 -10 
-50 22 27 10 -17 11 -4 2 10 -9 -4 -21 12 -14 -2 8 
-21 23 -3 -17 -11 5 4 32 34 7 -6 10 15 -3 30 8 
-1 -18 -18 -26 42 -38 37 -35 -14 10 21 14 6 2 4 -17 
-23 26 -16 -8 2 -4 -23 -3 22 -7 11 -17 -6 18 4 17 
-33 15 -4 -14 13 3 3 15 -2 22 12 -22 26 16 -44 57 
-4 2 1 3 -5 1 0 0 1 2 -2 3 -1 0 -1 -4 
2 1 -2 -3 0 -2 -1 -3 0 1 2 3 -1 -3 -2 2 
2 3 -1 -1 -1 -3 1 1 -2 6 1 0 0 -4 -4 1 
-2 -3 -2 2 0 1 -4 -1 -3 -1 0 -1 4 0 4 0 
-1 -2 -1 -4 -1 1 0 -1 -2 0 2 1 -3 1 1 4 
1 5 0 0 2 -1 -3 -2 -1 5 -3 -3 0 -1 -1 -3 
29 -5 5 3 24 41 29 -33 -13 14 19 0 -6 -15 0 -11 
2 -6 8 33 5 -18 20 -15 30 16 -7 -3 -22 -23 38 -20 
2 -11 -24 7 0 19 14 -1 -19 6 18 -4 22 3 -5 17 
-29 28 -29 -2 15 32 4 22 12 -28 -3 23 8 -28 -31 -6 
7 31 10 -7 -7 21 17 0 -6 18 25 23 18 6 5 8 
13 3 29 9 -23 -8 3 22 14 -17 27 1 5 4 -41 -13 
-20 -47 -60 5 11 -27 30 18 5 -7 -4 10 -4 23 -8 -17 
-57 1 -20 32 -16 17 -20 -12 -5 -12 11 42 -30 -5 8 21 
-9 41 -17 46 -4 20 1 10 1 64 9 -9 20 -27 -25 1 
-11 15 1 34 -18 -3 -4 4 8 37 40 17 22 5 18 2 
9 -1 -4 -33 -11 -13 -63 41 -31 -10 42 8 -22 -20 15 -8 
24 -36 36 -4 -12 3 -12 -1 -8 52 -36 45 -17 21 -13 27 
1 1 0 0 0 2 0 -1 0 -1 0 0 -1 0 2 0 
-1 0 1 0 1 0 0 -1 0 1 -1 -1 2 0 -1 0 
-1 -2 1 0 1 0 0 1 1 0 1 0 -1 1 1 0 
2 0 0 -1 0 -1 0 1 0 0 1 0 -1 0 -1 -2 
0 1 1 1 -1 0 0 0 2 -1 0 -2 -1 0 -1 0 
-1 0 1 -1 0 -1 1 0 0 1 1 -1 1 0 -1 1 
