-104 134 -135 110 -57 266 -22 40 -62 -108 -161 -11 40 65 -54 59 
155 61 -51 61 83 59 62 -31 47 -5 -83 23 -36 22 17 -102 
-23 -88 5 -91 -30 25 -93 77 -41 -74 -126 -173 -126 -68 -157 -75 
94 -26 -67 -19 -41 44 40 50 63 3 72 -7 -30 -4 5 -17 
-89 -108 -73 -50 -112 115 19 41 3 91 -82 95 30 -67 82 35 
15 21 23 65 -91 15 -88 84 -30 34 -20 12 49 -90 -64 -68 
76 52 45 -41 -33 52 -44 31 -12 23 -52 17 35 -88 3 62 
-23 -21 54 -102 5 24 -26 2 0 0 0 0 0 0 0 0 
21 21 1 -12 23 -55 -13 -10 -49 -28 26 -33 2 39 20 128 
0 8 23 -7 32 34 35 -107 0 0 0 0 0 0 0 0 
-55 -7 39 55 31 21 -72 72 15 32 72 -2 40 -51 0 26 
-6 88 -52 -7 24 17 17 -49 0 0 0 0 0 0 0 0 
-60 -64 -38 -42 27 -86 -5 79 39 -24 -5 12 57 24 -40 -51 
26 78 -64 -68 -29 8 59 8 0 0 0 0 0 0 0 0 
-44 65 43 47 59 26 -43 -78 -109 -124 47 -19 -28 -6 -87 77 
-15 31 -30 62 24 -54 -66 -88 0 0 0 0 0 0 0 0 
-94 -56 30 -19 8 -63 28 34 -76 -17 -44 18 40 37 -55 -112 
74 13 75 -10 37 -76 31 -92 0 0 0 0 0 0 0 0 
-72 -51 -2 -28 -10 -42 28 -56 -29 -13 22 -8 -62 18 -5 32 
84 4 -52 2 34 48 30 -100 0 0 0 0 0 0 0 0 
39 12 6 89 25 -30 80 31 30 24 33 5 29 66 -35 7 
48 -82 47 64 -28 -62 72 28 0 0 0 0 0 0 0 0 
36 -61 20 29 79 -4 -45 -13 61 3 -55 2 22 -5 54 28 
-80 14 38 1 -10 -25 54 2 0 0 0 0 0 0 0 0 
15 -3 -96 -58 80 -50 136 -9 25 -3 -110 -56 83 54 117 61 
70 50 98 -109 -32 54 -80 47 0 0 0 0 0 0 0 0 
-137 59 -33 -19 16 -62 78 64 -6 -16 -85 61 -52 -129 -64 -3 
-41 -29 60 -20 5 174 86 -44 0 0 0 0 0 0 0 0 
-10 16 19 -78 -55 3 82 -20 17 1 -93 -66 -56 5 12 89 
9 -55 -76 -102 6 9 30 -33 0 0 0 0 0 0 0 0 
-17 -38 -31 34 66 19 -104 72 -47 -9 -3 -98 -76 -25 26 -26 
-3 -46 65 30 95 -19 34 -44 14 17 -8 -57 -12 -26 -48 61 
-32 1 71 18 -57 21 -38 -37 0 0 0 0 0 0 0 0 
18 8 -7 -23 -11 1 -19 26 39 -9 30 6 -67 88 0 -54 
-23 29 -50 -12 1 33 47 -23 -48 -70 0 7 35 45 22 -40 
46 -70 -88 -4 103 11 25 28 0 0 0 0 0 0 0 0 
-84 -21 58 4 73 56 -8 41 68 -14 -27 21 -112 -7 89 107 
17 19 -20 91 -15 28 -77 -40 -4 -36 -87 -50 -29 71 -59 52 
6 13 6 -61 5 94 40 63 0 0 0 0 0 0 0 0 
-60 -9 -15 -51 -7 -30 -63 19 -58 -11 -10 -47 -91 -15 -88 -56 
-6 -59 -63 33 -21 -88 60 65 56 -132 6 -54 37 -78 56 -17 
-86 46 10 -36 63 -81 44 7 0 0 0 0 0 0 0 0 
-2 -23 44 -10 2 -58 -50 -39 -40 -24 -50 -8 76 -24 111 34 
-38 42 9 5 15 16 8 32 18 -17 17 -4 49 -24 -11 13 
9 8 -49 42 -46 -24 -49 -61 0 0 0 0 0 0 0 0 
-104 16 64 -5 46 67 4 -14 -39 -63 -7 24 -54 145 58 -40 
-17 -41 43 22 50 -39 15 -67 -87 32 -64 -70 7 56 43 25 
-85 1 -20 5 -54 -114 -75 -47 0 0 0 0 0 0 0 0 
-8 11 -75 -46 -24 13 55 39 40 25 172 87 -91 31 -105 -49 
78 29 5 -18 -10 -30 -60 41 40 -18 53 -23 -79 -7 -63 -28 
-53 27 64 -2 23 38 94 -52 0 0 0 0 0 0 0 0 
-3 -10 38 -49 -186 100 -30 160 40 28 16 0 48 -71 -13 142 
-8 -31 -130 36 43 26 -120 -29 -96 43 -75 9 52 -20 -8 135 
-141 167 113 100 114 38 -29 -83 0 0 0 0 0 0 0 0 
41 -38 2 -78 83 -52 73 31 45 -135 -114 21 -113 63 49 50 
-36 10 -58 -16 23 19 -60 22 45 -123 -19 -118 37 -2 -42 -7 
4 76 23 -11 91 -33 41 -67 0 0 0 0 0 0 0 0 
38 -63 -51 -1 -39 -83 31 38 -31 32 35 5 -66 46 3 32 
-51 -2 -33 52 100 15 -4 -7 -10 25 35 26 74 -35 -37 23 
-76 -11 -57 31 69 7 -54 -44 0 0 0 0 0 0 0 0 
83 99 31 12 -53 -3 12 -40 19 36 118 6 -46 8 -23 -73 
36 21 -12 -19 28 -67 -45 22 -11 97 75 -38 -86 -48 -21 -47 
5 -30 4 -39 -48 129 -12 90 0 0 0 0 0 0 0 0 
-62 -23 0 -53 95 -40 -65 28 -64 37 32 -19 6 20 -33 17 
-44 28 29 -73 13 -58 54 -4 -29 20 -11 1 -14 0 6 -46 
-45 -41 42 25 30 19 -11 -60 0 0 0 0 0 0 0 0 
-93 -40 92 78 -8 -49 62 55 17 44 -25 -20 -6 104 74 36 
14 -124 -45 79 10 32 35 -38 1 -61 -41 -142 12 -39 39 9 
-44 87 56 -59 35 4 -6 147 0 0 0 0 0 0 0 0 
-121 12 24 36 -56 75 -112 -77 -8 6 49 13 144 59 129 -74 
-126 -58 -54 -53 -12 -52 10 -101 93 -81 -56 105 -110 -40 -13 49 
23 32 66 4 26 -175 -100 4 0 0 0 0 0 0 0 0 
-12 -26 32 70 -53 18 -5 79 56 -19 1 -4 -52 50 -12 -5 
86 6 -9 -23 -99 -18 19 18 58 -59 34 -28 -44 -4 -8 -10 
43 -49 31 -7 56 66 51 92 0 0 0 0 0 0 0 0 
3 -22 -29 19 -2 -43 -32 26 5 -90 -123 -66 12 28 -13 38 
-19 -85 -39 -30 113 -17 -31 39 -66 26 33 44 108 26 2 -41 
19 7 -54 66 90 21 -42 108 0 0 0 0 0 0 0 0 
-26 -26 -71 -41 7 2 -24 48 -53 -11 34 -31 38 5 -48 -35 
-32 -40 -29 38 -29 -91 -11 36 -20 55 19 25 -24 19 -15 57 
-58 19 -41 31 4 15 36 -4 0 0 0 0 0 0 0 0 
18 -11 10 -27 7 17 19 34 11 -15 44 23 -38 22 0 -3 
-4 -44 9 -47 -61 10 5 81 -15 -3 36 -43 60 29 -46 -96 
27 76 -5 -29 -59 -11 13 67 0 0 0 0 0 0 0 0 
-49 -16 35 42 -99 36 -12 -8 44 -46 45 54 25 -15 3 92 
1 -25 -3 9 -70 16 24 -23 11 36 -33 -33 29 66 55 25 
-29 -40 111 -75 124 -14 54 26 0 0 0 0 0 0 0 0 
-10 -33 -11 31 -34 -59 -21 20 9 11 -5 39 13 -36 12 16 
-71 -39 31 16 10 61 -14 56 -41 -29 -13 12 44 -70 -17 14 
-12 34 10 21 -48 -29 19 24 0 0 0 0 0 0 0 0 
-14 -16 2 -29 23 -33 43 76 16 28 -35 -2 67 -16 43 94 
-2 -5 -34 -69 39 1 7 16 16 3 32 82 3 -45 41 -13 
-1 8 -13 -19 -47 27 -48 -62 0 0 0 0 0 0 0 0 
85 -57 62 -18 -64 -1 5 41 41 -91 -52 69 -54 47 25 36 
-66 -82 125 54 -26 2 -19 82 -20 50 -19 -7 6 12 -76 -61 
-43 49 30 -21 54 -75 -19 -40 0 0 0 0 0 0 0 0 
-8 51 -16 -62 -1 35 -8 19 17 -42 -34 30 -4 34 44 -30 
21 33 47 -15 -19 -30 -24 -45 -18 63 -57 -56 7 -5 -23 44 
27 -16 -22 38 -8 -67 -34 96 0 0 0 0 0 0 0 0 
-5 64 -10 14 -69 37 76 -15 -18 59 -57 -7 17 -22 -25 1 
0 22 11 64 -9 31 -49 12 30 -16 79 7 -39 43 -36 25 
67 -30 -2 13 51 -23 19 58 0 0 0 0 0 0 0 0 
-113 35 -80 77 57 -40 -13 -56 1 -20 11 17 -37 -92 -4 -41 
44 61 -91 83 -4 99 4 43 25 -88 -53 21 90 30 3 -11 
-25 49 -6 58 26 -31 5 13 0 0 0 0 0 0 0 0 
-9 -13 -20 -103 -27 -32 -34 92 17 7 3 -94 -44 -15 19 -19 
-1 43 82 60 -13 -8 30 3 -5 52 12 -38 -16 -72 2 -3 
67 -96 6 15 -42 73 -38 -36 0 0 0 0 0 0 0 0 
-13 20 42 -22 19 44 -78 -8 -13 -60 -17 -33 53 3 5 33 
-41 15 14 -36 -71 64 58 -18 -27 -17 -31 -47 4 -33 56 25 
2 -1 -35 -5 0 -16 0 14 0 0 0 0 0 0 0 0 
-67 75 -59 44 52 8 66 4 -153 131 -9 4 -67 -29 -42 57 
85 -102 16 -30 -40 18 -7 -18 -1 -8 26 17 -42 9 13 5 
66 42 80 1 -28 30 60 42 0 0 0 0 0 0 0 0 
-62 -35 101 51 -4 -12 46 35 -20 6 -30 75 4 11 23 19 
36 11 48 -17 1 -24 50 -74 -87 15 -21 3 10 67 33 -16 
-8 -36 50 28 2 -8 -50 -2 0 0 0 0 0 0 0 0 
-58 -5 36 -59 -79 -3 9 31 -52 -25 -12 5 -7 -65 -3 41 
-32 62 88 33 39 12 20 11 -29 -23 -37 12 33 -9 29 19 
-19 22 19 25 -60 11 -3 -31 0 0 0 0 0 0 0 0 
-20 47 43 -61 -43 -15 -12 69 -1 -1 9 -16 42 55 6 -15 
47 22 9 71 -19 -38 -8 20 -10 -25 -46 73 -72 57 -6 16 
-11 -43 71 19 -68 53 69 -17 0 0 0 0 0 0 0 0 
-28 18 -6 -52 9 -9 24 30 -40 21 -55 24 -31 -30 8 -43 
32 5 21 -30 40 -21 20 -36 -16 -20 -45 9 -19 4 -11 59 
-73 11 23 -17 -36 20 -37 -81 0 0 0 0 0 0 0 0 
2 38 78 -5 23 36 -61 -13 -27 89 55 -28 65 37 -75 13 
-8 -17 56 17 52 -20 9 -53 29 75 -23 -1 -17 -38 -7 6 
44 21 31 39 -37 11 -27 1 0 0 0 0 0 0 0 0 
47 -28 22 28 90 71 -11 -11 28 3 14 34 21 47 -26 45 
-25 5 -2 -25 36 -36 -6 4 9 -22 31 -4 18 -14 10 -18 
32 4 -7 -37 -117 6 -36 -6 0 0 0 0 0 0 0 0 
5 -73 38 -4 -1 6 -4 54 40 1 -6 -19 -36 39 -2 71 
-32 54 35 -18 -40 31 -9 42 13 28 5 -4 13 15 9 22 
79 -22 82 6 -36 50 83 15 0 0 0 0 0 0 0 0 
12 -24 18 8 75 28 -79 43 -7 -16 1 19 -21 -15 -13 20 
5 -32 27 18 13 -8 6 -51 -48 -5 -78 51 20 50 -7 -50 
-14 38 -21 -18 -17 21 -16 60 0 0 0 0 0 0 0 0 
38 -35 -47 -17 -52 -9 -2 -84 -23 75 49 4 7 55 4 -58 
11 -27 -24 -29 97 29 1 13 -4 -15 16 -8 23 -39 -47 -15 
-43 -65 100 28 -24 -23 -10 -23 0 0 0 0 0 0 0 0 
-30 -44 -11 15 48 41 -10 52 19 -58 -41 -21 39 -24 4 -13 
56 -1 -6 10 61 5 -22 -18 -13 47 -11 5 80 -16 3 -48 
9 49 -21 1 -40 39 6 27 0 0 0 0 0 0 0 0 
12 23 -50 77 49 -4 -51 101 21 -20 -8 54 0 -114 91 21 
35 5 18 59 -3 20 -21 3 -51 -23 17 7 27 -31 40 20 
-42 4 -6 79 46 -8 91 60 -32 50 10 -92 -11 64 49 -110 
0 24 10 10 22 -56 -44 0 -46 -27 -19 -45 -57 1 -8 -17 
-21 38 3 3 -45 -6 22 -8 -6 -95 109 19 9 -16 -48 49 
40 -19 -10 40 12 -64 -4 -30 -34 -47 -52 5 -13 73 23 52 
-53 80 84 -106 -60 -119 52 70 14 27 75 106 -24 125 -33 45 
110 -40 -8 -61 13 -32 -3 92 -73 13 -39 -60 -72 -68 -5 -10 
36 -72 38 7 -9 -1 26 29 24 -139 -30 -21 64 78 -40 17 
-9 -19 -29 -42 108 44 2 11 -15 19 60 -46 -45 -30 -32 61 
64 65 60 -36 95 68 -37 -98 -115 58 -34 58 -44 -25 -6 18 
26 14 -80 34 -69 7 74 -38 40 83 67 13 39 -43 -117 42 
72 41 -21 -35 13 48 -67 29 31 -29 47 -7 38 37 -47 -43 
37 31 17 35 -42 3 82 -18 -68 33 -19 -8 -77 -12 -71 113 
-85 31 -11 14 -23 21 44 38 -37 29 71 -74 84 18 14 -25 
65 69 57 -31 32 -37 25 10 -21 -50 -18 0 55 -18 9 2 
-11 23 -65 -59 -47 61 -11 7 -87 17 -96 28 -9 -37 -14 25 
16 20 52 72 16 36 -25 132 -65 -12 108 -107 -34 11 56 -40 
-41 -46 20 -4 -5 -28 -40 71 -6 -11 24 -20 -3 -29 52 -72 
25 4 56 39 -55 43 21 -48 10 -10 60 -19 -6 61 -3 -20 
-51 -45 48 64 -18 34 90 -29 24 -8 -43 -51 -28 70 73 -26 
-88 -58 83 -40 -4 -24 -80 30 7 -55 -134 14 -5 62 10 -96 
76 -131 116 114 59 -49 -96 -15 -54 -97 86 43 -78 -38 123 -109 
24 80 51 -25 49 -25 66 20 84 -14 -63 59 120 110 11 -73 
34 -55 46 5 -3 -149 -38 39 22 31 -108 69 -56 42 36 6 
-40 6 2 -14 76 -36 107 -113 -4 82 -70 -15 32 -3 -29 18 
8 9 -64 -46 -19 49 52 51 -95 95 -16 -31 -47 15 54 -1 
0 -23 -62 -27 9 29 1 -70 36 -50 -65 -31 74 -32 -10 15 
34 48 -49 -68 -48 -15 -57 -105 -61 -29 -65 -4 -56 80 -31 5 
44 -32 -40 7 -53 -40 36 -3 -41 27 -61 -27 15 -26 -28 32 
-19 36 -40 5 -106 33 -64 -20 -38 -21 54 -13 -37 48 -42 8 
34 -44 -8 7 0 -52 10 -18 -44 -63 27 -102 -18 -39 29 39 
-32 8 -47 34 -61 10 -7 -22 35 26 66 21 32 22 -14 -20 
-38 -89 -5 9 -17 67 9 11 8 20 51 19 26 77 -26 35 
-33 -13 0 24 32 -41 -64 29 43 17 -16 -65 29 -14 -18 21 
36 -57 -14 -53 26 26 22 2 -12 -31 7 -20 -12 -17 -37 34 
-11 -35 47 -21 -57 -87 18 35 59 -4 23 -23 31 16 -11 -1 
-37 9 29 -25 -19 -29 19 24 13 2 -2 23 -10 -16 -45 -7 
-17 -57 23 13 7 -41 -23 -51 36 -14 16 -38 -42 -20 10 -35 
19 30 18 2 -55 14 -2 11 -2 -59 -67 -9 9 36 19 46 
8 -7 68 34 75 -4 -58 -69 -35 -5 -17 -48 89 69 0 -24 
-60 -6 -3 -50 8 20 56 -47 -31 1 -4 15 -32 40 68 11 
-13 43 -52 35 84 27 17 45 78 26 23 -39 7 -41 4 65 
12 70 -2 -10 -2 -68 28 -90 -14 10 9 13 -20 -28 -20 -18 
77 -46 38 -45 3 -45 5 -21 21 19 -14 -53 2 -20 -10 24 
33 46 -4 1 54 -58 -3 29 -145 -13 -31 46 -27 -50 25 63 
-11 -7 22 -60 -9 -71 -61 55 29 -69 -61 -24 51 -4 0 -11 
16 -56 52 19 56 -3 57 -8 -55 80 72 -54 -9 -17 -48 -53 
-20 -16 32 -26 -17 18 -9 20 -86 -24 -41 6 -48 39 61 8 
5 21 -8 -75 57 -26 37 53 72 -54 65 -67 35 25 -33 -52 
-55 -37 46 -79 10 3 37 27 -15 -57 7 34 15 4 31 41 
64 -10 40 -32 -11 53 -30 9 -34 -23 25 71 7 38 23 -33 
38 68 -31 -45 37 49 38 -26 -3 7 -35 -23 -25 -30 -22 -57 
-42 -21 -34 -26 -120 -41 34 6 31 27 13 -25 90 13 8 35 
-29 -35 -58 -33 18 27 53 33 34 39 31 49 -31 46 -51 -5 
29 -36 -53 -55 34 -25 104 51 -12 -27 61 -41 -10 -84 -27 15 
-39 -31 -12 37 -15 -66 -8 -15 19 -27 33 -36 9 -6 37 72 
-7 8 -19 19 17 27 -32 -23 -11 26 19 -47 11 50 35 -1 
52 -1 39 -38 -9 -51 -23 70 34 -2 8 -14 15 31 26 -31 
27 -57 50 16 15 17 -49 -25 -32 15 35 -26 -41 35 27 42 
-29 16 -11 -11 50 -56 11 -35 2 55 3 31 9 38 -14 6 
-4 -17 14 28 -38 -14 12 -39 -5 25 44 -18 18 5 85 35 
-40 -8 49 5 -5 -24 32 12 -28 -32 18 12 -43 31 -13 -48 
7 -45 -18 26 3 58 -30 -22 -3 4 -13 39 46 13 -6 -2 
11 -75 -32 1 76 44 -5 19 1 -11 -42 -47 28 -16 -9 -6 
-25 -14 -18 -52 -8 33 28 19 40 -69 -25 41 15 3 52 8 
-34 29 -71 15 2 -59 18 -45 -1 -8 -34 -28 -10 -11 -35 -10 
-20 18 3 29 8 -18 -2 65 43 -46 -57 -11 -20 38 -14 -17 
6 24 -21 40 26 89 58 36 49 21 -10 -3 33 45 50 38 
-35 -12 2 0 -22 45 -25 29 -14 -77 38 31 -53 -11 -42 8 
-6 26 34 -36 -29 -13 22 -4 28 -39 30 -4 -17 -66 -23 -18 
36 19 -27 -7 13 31 7 -34 17 41 -1 17 1 -18 45 -9 
29 -65 -6 22 19 19 0 -19 7 37 19 -45 1 -35 63 -16 
42 -29 -2 9 9 -36 44 13 -9 21 -61 27 23 -43 16 5 
32 17 29 -56 -17 22 39 -48 44 -12 31 -53 -105 8 -66 26 
-6 68 -20 -34 -11 -4 -10 -39 -49 8 -47 4 -13 20 10 36 
10 -11 -11 17 6 -5 13 8 20 -13 1 61 -37 57 75 -3 
-1 45 24 59 41 -13 -3 45 3 70 -4 -31 -6 -26 -41 -99 
1 26 31 14 28 52 -12 -29 -42 -66 49 20 24 28 23 -7 
-11 91 -23 -38 -45 63 -37 -27 22 7 -39 1 42 -23 31 -82 
-24 -23 -5 -43 -102 -5 -41 -4 11 -30 11 2 45 11 24 18 
37 1 27 27 28 -33 -11 -19 18 -6 17 -40 13 13 12 58 
33 -26 -14 -23 2 -38 -2 58 19 2 -12 42 13 -8 -20 -4 
17 8 -4 -25 -11 -18 26 35 -19 11 -22 -36 3 2 -6 0 
-36 19 -21 13 42 8 -6 6 -29 44 -10 13 -7 -28 -20 -2 
12 -40 -10 -21 48 9 3 -19 32 3 -4 24 -12 -16 -22 21 
-42 -23 -14 -7 -19 -9 31 33 5 -2 21 -12 0 15 -13 9 
23 28 14 -7 14 -18 11 5 -11 17 5 -37 19 -7 56 19 
13 -88 30 -9 25 16 17 13 -34 11 -7 -45 31 13 -22 -8 
-12 -2 -28 62 -17 54 15 11 -9 -67 -3 -6 2 61 -30 -6 
19 -32 -17 -7 24 71 -35 36 13 -9 46 12 -4 28 54 42 
-33 39 -1 24 -40 24 9 18 -16 8 14 76 0 -3 33 -4 
-21 -5 47 -25 -8 21 -21 -18 -41 -54 -9 -23 -21 8 26 -16 
16 18 26 -1 0 18 30 -31 -52 -33 -4 2 1 -53 -13 -2 
0 -31 56 -11 -14 4 -23 -11 -29 -25 18 -46 19 18 23 -15 
4 -2 6 -30 27 23 -16 -19 -14 -18 16 25 16 19 23 17 
22 4 23 12 -16 -21 26 -12 -32 -31 23 7 43 20 -16 33 
-3 -45 18 4 -18 62 -37 -28 -18 -24 16 -21 1 -18 -18 -19 
8 -10 -24 33 -22 0 36 -17 -7 1 -12 9 68 -45 -10 4 
7 26 0 8 54 -31 8 44 -33 4 -16 -16 18 17 25 12 
10 -15 -2 -22 5 -2 -6 20 -3 22 -12 -34 21 27 16 4 
-6 1 2 -11 1 20 1 -2 -9 -3 3 -19 26 16 -39 0 
10 23 -6 16 11 25 -48 20 -21 -6 21 -2 -6 -2 9 -1 
6 -2 -20 -7 35 -2 3 11 -11 -4 10 30 17 14 -12 -9 
-39 -14 5 -7 -15 21 -13 -23 3 -1 -9 18 -4 18 -2 7 
6 18 8 16 8 -30 26 -35 -29 -9 -7 -1 1 -35 2 -1 
21 -5 -1 30 10 -11 -26 26 3 5 1 12 35 12 -36 22 
29 0 -12 -7 -20 -12 -7 11 -16 -11 -16 -32 -11 -3 23 16 
-22 4 -7 -14 28 9 -3 36 -8 -8 -21 -6 -10 -19 -19 37 
13 -3 4 -23 -9 9 20 -47 5 -4 12 15 42 -10 -2 30 
-4 6 -39 27 25 -17 13 32 4 -11 24 -8 -9 28 7 -19 
-36 14 0 8 17 -18 8 17 31 43 -20 -45 42 -24 32 37 
-4 -2 -55 10 9 -32 -27 -6 -14 -1 13 33 12 14 -5 66 
6 -6 -50 31 -33 -16 30 -9 -1 -5 -39 -22 9 -16 -37 -2 
11 14 -15 -39 -8 -11 9 17 -8 41 15 51 -8 3 42 17 
7 -8 -38 0 -7 -4 8 23 23 33 -21 -23 18 -8 31 56 
-11 39 21 20 10 21 -14 -28 0 -11 -7 -12 32 -54 -9 6 
12 12 29 4 31 -12 -14 -13 -39 -36 -13 20 -22 -10 -32 37 
-14 12 11 1 32 2 -17 -22 -1 -5 -27 -16 -11 5 4 20 
-6 -18 27 -27 14 16 8 -51 -29 7 11 27 7 -2 -27 29 
-11 15 23 31 -19 -6 -6 28 16 -33 -8 2 3 3 -25 7 
38 -19 9 -4 8 17 -20 -21 -17 11 2 -9 -5 -48 -26 -2 
0 -7 -18 16 -1 -11 15 1 11 42 -26 7 -8 3 4 -14 
-5 5 10 -3 40 0 -23 -4 1 -23 -10 -2 18 12 12 -4 
6 -1 9 31 20 -23 14 -10 -2 -27 16 13 -32 6 0 13 
-15 -15 19 2 5 -45 6 -2 -3 18 31 -22 20 6 -19 12 
-12 15 1 8 -16 10 -15 21 -8 -16 -3 12 -8 -5 -17 14 
8 -10 -17 -2 6 -6 15 -17 1 -23 16 -23 18 -32 -27 8 
7 3 13 -3 9 -12 28 3 -9 0 -7 -3 6 11 12 10 
-62 -8 -33 -24 -9 -37 17 -3 -10 18 -5 7 -14 -32 -18 -37 
-5 -5 -5 17 11 4 -12 -61 -12 -30 18 42 -11 -52 11 54 
-27 23 -13 5 10 -27 28 17 3 14 19 28 28 1 -12 -1 
21 -21 28 17 14 -5 18 12 7 -30 5 -1 -25 -17 12 7 
-19 -12 4 -28 -14 -29 8 -14 -7 21 22 -17 -9 39 11 2 
40 60 0 27 21 -3 12 3 -3 -31 -27 15 35 1 -14 -6 
-23 -16 -25 -15 -38 -37 21 -17 20 11 14 -8 -29 -18 -13 -46 
-12 31 -34 -32 -26 -3 -18 -36 31 -35 -26 19 -20 -18 -14 3 
-15 32 6 -21 16 14 12 -26 -1 74 19 -5 -26 -17 -40 4 
11 -22 -10 13 33 -17 8 -13 8 8 10 -30 32 11 1 -25 
19 5 -7 -29 2 25 -18 8 10 -2 -53 1 -23 33 30 -21 
17 36 26 -6 29 5 26 -9 -14 0 9 -18 40 -60 3 1 
17 -10 -33 -1 -67 18 6 -8 18 -3 -9 -24 17 18 -18 36 
-3 14 -27 82 7 -47 19 4 17 -14 1 27 -55 -23 -15 12 
-2 -15 27 -39 -23 -51 -32 -44 -8 30 12 -31 -12 -18 -22 41 
-27 3 37 44 52 -18 28 6 -25 -19 -13 -1 5 -19 -32 -8 
30 45 -18 3 32 18 -20 -30 -49 -1 15 -20 9 -27 17 5 
73 21 18 1 -31 10 32 22 14 -16 -7 -18 14 -19 26 -12 
57 21 36 -40 -25 18 35 -33 -48 -23 -30 -4 -12 -83 33 -29 
19 31 64 64 -8 8 19 -15 68 -1 7 -51 39 -11 19 -38 
61 -15 -44 30 -50 -27 -43 57 16 35 -3 -8 1 101 21 17 
-16 70 10 36 32 -11 8 -10 -20 37 32 20 18 -35 5 5 
-56 -2 38 51 -42 6 6 23 -105 -27 16 -2 -44 -73 15 -26 
0 -22 -10 13 9 40 -1 22 11 -6 -14 -30 54 -27 -14 29 
9 18 7 11 -30 37 4 -4 -29 5 23 14 -5 -15 -36 -37 
4 -18 22 13 -2 -1 -23 -8 22 -40 0 -26 34 -21 58 -22 
-10 44 -1 -16 -15 -29 4 -8 21 12 -10 -20 22 4 29 -20 
26 13 -8 47 24 6 -20 -51 6 -10 2 -18 37 -4 50 -17 
-32 20 19 12 10 5 -38 18 1 -13 -10 3 7 -2 26 -6 
34 4 -4 18 -30 38 12 16 -18 -13 0 -59 2 -4 -6 8 
-32 22 -11 -1 9 -6 -4 0 -6 0 7 6 -12 14 1 -11 
-1 20 -5 -11 -7 2 -11 -13 -15 -4 4 9 -12 -10 -6 21 
-8 -7 10 -5 -7 -16 -4 3 -3 8 -2 6 3 2 -16 8 
12 -28 10 -12 8 2 -12 17 -14 -17 -15 10 7 0 -6 4 
3 -12 -21 10 -15 -19 5 -1 -2 1 -5 -1 4 16 -22 1 
13 36 -21 -1 21 -18 13 2 -26 -5 5 8 10 -31 28 18 
-10 11 3 33 21 -9 -11 22 50 24 15 -45 -5 5 16 33 
30 13 -5 8 -36 -9 -8 -16 -49 6 -23 4 5 -2 1 22 
1 -34 1 30 14 18 -2 7 -17 -7 -7 -4 -18 -6 -24 -1 
27 6 -29 -1 23 35 -24 43 27 6 47 51 -30 3 5 -26 
5 14 7 12 -41 -16 43 -6 -8 -4 -15 11 21 -3 -10 -18 
-19 -2 -13 -12 16 7 2 12 -31 -26 6 16 33 -18 -7 13 
-11 -4 0 -18 2 22 26 -23 12 3 -21 5 2 -14 -1 18 
6 9 3 27 4 -15 38 5 18 -19 22 0 5 -5 20 -7 
11 0 -7 -9 -20 -13 4 4 -11 10 -3 -2 1 24 -4 25 
-17 -16 21 -6 18 13 1 33 28 -18 10 6 -22 -12 -19 21 
5 11 -6 -8 3 26 -1 -21 -22 25 10 14 40 -16 -12 31 
15 -7 -9 -7 -6 -19 -24 1 9 -29 2 -24 -20 7 5 -19 
-10 -37 -7 -32 -6 -24 44 6 5 -1 -11 -33 -1 29 -25 87 
-17 75 -3 27 -39 -10 -9 11 3 -34 15 16 -64 3 24 -7 
17 56 10 21 -8 33 29 -48 -14 53 -30 35 -21 18 -63 6 
1 42 20 -2 7 -1 24 -17 3 -42 -35 -56 43 -16 -33 20 
32 -29 -36 -20 28 33 -2 16 -7 -19 -32 -13 23 22 5 -30 
-20 -6 -21 25 -15 2 -26 -16 11 -13 -20 38 -8 -26 55 -15 
6 3 -21 1 -44 -40 7 -4 3 -5 -16 -12 -22 5 -15 -1 
-27 14 -47 3 6 12 -17 -10 14 0 -30 21 -1 3 -55 -4 
2 14 5 -4 13 -13 4 -40 -3 10 3 -9 6 10 -21 0 
-21 27 -24 -6 8 1 -8 27 -13 -8 -1 -1 5 19 5 4 
38 15 0 2 1 -2 24 -8 17 -13 -12 19 4 -18 6 6 
-14 -11 -10 20 9 1 -29 0 -13 31 -21 -15 -12 -25 23 -10 
10 -5 0 41 -7 -34 -47 19 5 30 33 20 -22 -2 -4 -8 
28 26 -14 -12 -2 -7 -31 -13 32 -21 -17 1 13 13 -18 -18 
42 9 28 -9 -25 9 -18 -14 0 -7 0 -6 -3 -1 16 -47 
18 8 -26 18 -20 -28 -2 -11 15 8 11 16 10 -13 7 -26 
-4 5 12 10 -18 4 14 8 6 49 -7 8 -19 18 26 -18 
-7 16 25 6 17 20 26 7 -30 4 46 6 4 -9 14 13 
-25 28 -10 -17 62 13 -7 -28 -13 28 -13 -17 -25 8 -38 48 
-17 10 51 3 16 -21 -18 49 -56 -34 -2 35 -12 15 -16 -6 
-16 -19 40 -66 15 6 -24 21 8 -31 -18 33 -48 -2 36 8 
17 -31 12 -42 22 -43 37 -12 -10 4 3 -13 -14 -7 -11 4 
15 -14 35 -13 -1 16 -7 -44 15 -9 5 -13 7 -13 -18 35 
24 9 -48 -13 7 -21 -23 -20 -19 -21 -20 -16 9 5 41 12 
10 -9 -31 11 -3 13 -13 17 -2 13 12 2 8 16 -1 1 
-12 14 -1 10 -6 0 19 -3 -18 3 -15 -15 -2 12 -21 -3 
11 -10 -5 9 -7 22 0 -7 21 -15 0 11 0 -11 15 5 
21 -17 -17 0 4 -12 -7 2 13 3 24 13 -19 -6 0 -22 
-7 29 0 34 9 -36 0 10 19 -17 -9 -2 3 15 -13 11 
-6 2 8 -28 18 -1 -1 2 9 7 1 -24 6 -12 -17 15 
38 -2 -50 -6 1 34 32 20 -4 21 15 6 21 23 37 0 
-16 -11 -32 -13 0 21 -11 -33 9 20 -29 10 16 -2 16 43 
-10 20 -13 52 -10 18 13 9 47 36 21 -8 30 40 -28 10 
-4 -18 33 -19 33 4 1 2 1 27 48 10 52 3 30 -14 
20 31 25 -18 17 -6 -41 27 21 -37 -42 33 -24 28 61 -1 
-7 -18 52 -9 -2 -2 3 13 4 -2 -48 -33 18 19 -4 13 
-57 -45 -28 -17 -61 -17 18 43 4 46 14 -8 13 -11 -41 -16 
-41 -13 -46 -24 28 -41 -46 33 -23 -49 -7 22 -10 -7 -23 -8 
31 51 1 -15 -30 10 0 20 23 -7 -51 15 -65 -37 -8 10 
-27 -47 -20 -18 -16 -9 26 -45 -16 -4 3 -12 13 -13 -11 -43 
-6 -11 26 -12 34 12 -26 -28 10 -1 -41 12 -17 25 35 -23 
-19 -5 0 38 -9 37 -13 23 26 -6 35 11 -25 4 1 -18 
-8 -8 -52 5 11 -12 -32 35 15 17 28 10 -5 -5 -8 9 
85 -14 -15 -16 2 -41 17 -42 21 -23 31 14 -14 3 10 -5 
35 -7 3 19 -30 -24 7 -11 -28 -17 -26 16 -48 -33 -4 -39 
55 24 -28 23 13 6 7 -8 -39 -3 -10 14 -23 -11 -9 -11 
-13 -17 -6 16 -35 -6 8 -19 -35 2 50 -18 -19 47 -9 -6 
39 6 38 13 -1 13 45 -3 34 -42 20 36 23 -24 17 -3 
21 -36 -21 -21 7 47 -13 -5 8 16 -31 15 -18 -1 32 -26 
-49 2 27 -7 4 -1 31 36 23 8 24 19 7 15 -3 -35 
4 28 20 -8 -37 -2 6 27 17 -21 -33 -12 -6 7 41 1 
-45 -13 32 -28 1 -31 28 -31 14 4 6 -1 -32 5 -46 -37 
21 11 5 -29 28 26 -51 -6 -5 -22 -26 16 5 2 11 7 
-5 5 -11 11 -14 -41 19 28 -11 2 -1 -22 -83 42 -18 -3 
-10 3 12 49 23 -1 -53 4 4 -32 13 17 -13 9 -16 57 
-35 -6 3 -4 18 -21 -36 13 -20 -21 -48 -8 -27 21 8 -31 
-14 -15 -18 -12 34 20 -26 -12 19 3 -13 1 6 0 -9 13 
11 6 -9 -3 -17 -20 -5 -6 7 3 14 -12 21 12 -9 -9 
32 -20 15 55 15 7 17 -9 7 -23 5 -36 -38 -14 -20 -22 
3 -9 -17 -7 16 -7 8 -23 -15 33 23 4 7 -22 15 23 
-11 -11 -6 -14 53 -33 1 -5 25 -4 5 -2 -8 -18 23 -17 
-16 23 -3 -39 -4 4 -18 -29 1 -7 -14 28 12 18 0 46 
-10 -9 8 18 -27 0 -24 -18 11 18 43 -13 57 14 10 19 
-18 -20 -15 -19 -18 24 -21 18 74 3 21 6 -17 10 14 -23 
17 39 31 12 -11 -58 9 21 12 19 -20 21 -16 0 18 27 
12 -58 16 -32 33 -35 -26 -30 -6 3 -7 21 -6 8 -8 2 
-22 2 -16 -30 -13 -7 18 11 -3 16 -26 -4 3 2 -15 7 
-17 -2 -5 17 -11 -8 -10 15 -8 1 4 -4 -4 2 7 3 
-1 15 -23 -20 -8 -11 9 3 2 15 -8 -5 -12 7 4 -9 
5 -1 0 7 30 -8 18 -22 -26 15 -13 5 -2 -7 -3 -6 
-29 -19 -1 -13 -7 -9 -5 7 -22 -10 -6 1 9 14 7 -7 
7 10 -16 15 -2 17 -5 12 -1 -17 -11 4 -16 6 -5 -4 
23 11 23 8 7 -24 -10 -52 -13 9 3 10 -5 26 -5 34 
21 -37 -23 -19 6 -23 -30 30 -17 8 -16 23 -9 -14 2 -17 
34 27 -24 -14 -31 -15 46 4 -46 3 -29 -23 -1 -8 -2 11 
-14 0 -10 7 1 21 19 9 14 37 -17 -11 -25 -17 -33 39 
18 -12 0 -36 32 -11 17 -18 5 -5 22 12 11 22 -14 40 
-4 -14 9 22 13 -30 13 26 7 -20 43 32 -25 31 -19 -9 
-3 -1 -22 -21 19 6 40 37 23 13 31 2 36 25 30 -13 
37 -50 5 -15 11 19 30 3 -42 14 25 -18 17 -15 46 39 
2 7 -21 47 -1 -3 24 32 -14 -59 -20 -6 39 -33 7 -17 
18 11 -12 -29 -51 -7 -21 -13 -2 -2 -34 -26 -2 -20 30 30 
-36 22 -4 19 -13 -16 -12 14 -19 18 26 -28 -8 37 5 -7 
10 -19 10 13 -2 4 -40 -8 33 -28 -17 45 -24 -9 -24 -10 
11 -11 -35 -3 -1 -9 7 14 -13 16 17 -16 -15 -27 -16 43 
18 -29 -4 24 39 21 14 -15 43 -23 -30 28 2 13 -7 -27 
39 -16 7 -5 -14 35 6 -37 18 -28 16 -20 -27 -4 -6 23 
16 6 -11 27 -2 27 6 9 24 4 -7 27 2 -14 -17 -18 
-4 21 37 19 -13 22 -2 14 -19 6 20 43 21 0 7 -6 
24 -14 17 -18 -50 30 5 15 14 -25 15 -5 -2 8 9 -26 
-54 -19 -9 -9 27 -13 -24 10 3 18 6 15 -21 14 22 7 
-7 -4 -9 -20 -4 -5 -23 2 -27 -18 -31 -16 -36 14 27 27 
-6 16 22 27 6 -10 2 -4 16 -14 -2 50 6 -9 -22 -12 
28 -47 23 -35 25 15 54 12 29 -34 40 25 -16 -19 -44 10 
-24 -8 9 -1 -23 2 -3 -5 10 -20 -9 15 13 55 -17 -15 
56 45 -52 -4 66 -39 4 -4 -16 -41 23 20 -16 -49 -23 4 
-8 6 16 9 36 -1 -21 -20 -27 -19 -7 13 5 12 28 16 
12 13 10 29 -20 -9 2 -4 -1 5 37 -4 -29 -25 19 20 
-31 -28 2 12 2 -3 14 18 -21 39 0 -17 29 6 -15 -1 
-17 15 32 3 -6 2 -43 25 11 -11 -6 -6 -18 0 -7 12 
11 22 -13 14 -5 -2 20 -11 -13 -9 10 -27 10 -16 -12 -10 
-12 21 21 2 7 -14 1 2 11 27 6 16 -6 -6 25 12 
-5 23 -71 93 -63 -25 -25 43 0 20 41 33 -14 -18 6 -76 
14 57 -22 12 -26 18 -32 -35 29 -20 -21 -5 28 -52 -10 -4 
12 40 0 41 -43 -11 -11 -21 23 14 -5 1 -44 27 -13 -27 
50 -20 -80 50 2 -48 -19 -27 14 19 48 29 -3 5 -15 -40 
-16 40 14 -4 -5 12 -38 -8 -9 14 -18 39 -10 38 42 -15 
31 51 13 45 18 31 35 -3 -25 14 5 8 6 -42 23 62 
3 23 3 -20 5 -14 19 -8 -34 4 -56 14 7 -33 18 -1 
-30 -40 13 -23 9 7 -26 0 -23 26 9 -33 40 26 18 10 
-14 7 -10 -13 -4 -3 -20 29 5 -23 -10 12 42 19 13 -5 
0 -9 13 -31 4 23 14 20 8 -12 23 -19 14 9 -6 24 
15 -31 -3 -46 23 -9 4 -9 29 -1 5 2 9 2 16 18 
1 7 -17 2 -9 -4 6 -4 -21 -55 -23 -1 -6 7 -17 12 
47 -6 23 1 -2 33 8 -31 -11 -3 9 37 -24 0 46 -23 
8 -19 10 38 -5 6 3 30 -9 -9 1 20 -4 -18 23 -5 
0 -43 -13 -3 -35 6 -14 54 -8 -9 -14 -33 26 16 29 33 
-11 -3 0 -47 -15 -15 7 18 19 -8 24 9 -50 16 -7 20 
5 19 -13 -10 7 -5 -17 -24 14 12 8 21 24 42 -20 44 
-2 -15 30 -24 18 -42 0 15 9 -10 19 5 -8 9 -11 29 
0 0 0 0 0 0 0 0 0 0 0 0 0 0 0 0 
0 0 0 0 0 0 1 0 0 0 0 0 0 0 -1 0 
0 0 0 0 0 0 0 0 0 0 0 0 0 0 0 0 
0 0 0 0 0 0 0 0 0 0 0 0 0 0 0 0 
0 0 0 0 0 0 0 0 0 0 0 0 -1 0 0 0 
0 0 0 0 0 0 0 0 0 0 0 0 0 0 0 0 
10 1 -10 15 -8 16 28 -8 15 -13 -16 -17 -2 10 -24 29 
-13 7 -12 -2 -19 8 3 8 -8 33 -18 0 15 3 10 -7 
-4 10 -6 31 0 4 3 4 3 9 3 -7 -1 9 8 8 
-5 18 -11 -18 -12 2 -4 -5 -9 -9 3 7 -7 0 8 -7 
-14 18 13 7 4 -11 0 -6 5 -19 -14 19 -16 4 4 6 
-26 6 -15 -3 8 -1 -11 10 14 21 -19 0 12 -1 2 13 
-15 -13 -33 7 3 22 11 15 8 3 -14 -14 -12 -37 -31 11 
16 -37 -23 19 -2 2 43 -15 -4 -13 4 -4 -17 -8 -12 -34 
-17 13 -5 34 12 -19 -12 1 5 22 -4 14 18 48 3 -32 
-27 2 1 39 0 -10 3 -15 8 -32 4 -9 12 9 6 -32 
-14 -17 27 -4 -8 14 -45 -20 -1 -22 -20 25 -11 -8 8 4 
60 -6 -15 23 13 -2 -27 14 16 -1 -10 -15 -17 4 3 -19 
-23 22 -6 -18 -23 17 26 13 7 0 -7 -2 -2 -24 -4 27 
6 -39 -5 9 20 34 32 6 3 9 3 -1 0 -19 -7 6 
-15 -1 -21 -2 19 28 3 28 8 -23 1 -1 10 -12 -8 -8 
-3 -28 7 -34 -7 -10 -4 -1 -1 -8 4 -11 8 -3 5 10 
-24 -3 -1 -16 -15 -4 -32 39 8 -8 31 24 5 2 32 -7 
-1 16 21 1 -10 -19 -20 4 -13 -30 9 14 -30 18 -18 -22 
20 -8 -8 -21 9 -18 -2 -8 3 -26 50 18 -14 31 -19 2 
-10 18 1 1 -2 6 1 6 -14 31 -30 17 8 -14 3 -14 
-3 -8 6 11 -21 3 28 23 6 19 11 -4 -8 -30 14 21 
2 -16 9 8 -4 -4 26 17 -32 6 -9 15 -24 24 -26 -7 
-5 -44 -21 26 -16 -30 -18 0 15 -31 16 -10 -24 9 -19 9 
6 -17 -5 -22 5 10 17 20 -1 -11 -2 9 -13 19 6 7 
4 15 25 -16 -17 -10 24 -5 -4 -14 -17 9 19 -16 -29 5 
-17 -4 17 9 4 -13 -12 -20 9 2 -7 -31 -6 31 12 -17 
-7 24 -20 -15 10 -1 -1 -8 -6 8 8 27 -17 0 1 -22 
-7 21 4 24 -15 8 -8 3 -7 -6 4 -37 40 4 45 5 
-2 -19 6 -1 -21 34 10 -1 -2 -18 -1 -4 12 -31 16 -16 
-2 -15 8 -9 -39 12 -2 -20 -26 11 -5 -15 12 -3 9 -5 
-12 1 -45 20 -15 -24 18 -36 24 0 -24 -6 -17 12 -2 29 
24 1 -8 -13 -58 30 0 -50 -42 -23 19 -14 -2 -18 26 0 
-21 -15 -30 25 -3 44 1 -17 14 -28 1 7 7 26 -15 -20 
12 -7 7 -6 -14 -9 19 -8 -4 -13 20 0 -21 8 14 26 
-35 -34 11 -30 -14 18 25 -6 8 5 10 -1 14 36 4 -36 
-17 29 15 22 16 -13 -6 -6 44 -13 -28 31 18 -8 35 24 
0 5 2 -15 -19 5 10 -3 -8 -12 7 7 -7 -6 3 11 
-2 15 10 2 -7 13 -14 -11 23 -11 -3 6 4 5 -4 -12 
-7 -10 9 0 -1 -5 2 10 3 3 0 -3 3 2 14 9 
5 -7 -5 -1 17 -6 20 -12 0 -4 -22 -7 1 2 -4 1 
-17 -3 2 0 -7 -6 -7 8 0 -1 -11 -5 -5 12 -1 11 
-3 -2 -3 4 -2 6 -3 8 -6 10 -2 -3 12 1 -7 14 
2 -4 -4 3 3 -1 3 -6 5 3 -3 -3 -6 -3 -4 -1 
4 -3 2 -4 -2 0 2 -4 1 -1 1 6 -1 2 -5 -3 
0 1 -9 3 0 7 4 -3 -2 -1 2 5 -4 6 4 -2 
3 0 -3 0 -1 -1 5 -1 5 0 2 0 -4 -3 -1 -5 
-1 2 4 -2 -2 -2 4 5 8 4 -3 -1 -3 5 4 7 
-2 -3 2 -4 1 -4 -3 1 4 -1 1 3 6 -3 -2 3 
18 -26 4 -35 22 -11 -7 29 -21 -22 6 -10 24 -18 -11 -24 
-3 15 3 -19 2 -6 -27 28 -3 -23 -19 -2 13 0 23 14 
-22 29 16 -14 -34 -3 8 21 19 -4 8 13 9 -2 16 14 
-21 32 2 18 -5 33 5 -17 44 -14 31 -1 28 -2 -13 22 
9 8 24 -8 24 -1 0 -14 -27 4 19 29 -22 -12 -42 -13 
13 -30 -20 11 -12 8 19 14 -8 -3 -11 4 -16 4 8 2 
2 4 0 -1 1 -3 -3 -1 3 2 -1 2 2 -1 -1 2 
2 4 -1 0 -1 1 0 0 1 1 4 2 0 -2 -4 -1 
3 0 4 -3 -2 -3 -3 -1 -4 2 -2 -3 1 -3 -2 -2 
-1 -1 -1 -4 1 2 -4 -1 -4 3 1 2 0 2 0 1 
5 -3 -1 2 -2 -1 1 -2 4 0 1 -2 4 -3 -3 0 
1 4 -2 0 1 0 0 -1 -1 2 0 -3 0 2 7 -3 
-1 1 0 0 -2 1 1 1 1 1 0 -1 1 0 -3 0 
0 1 -1 0 0 1 3 -1 1 0 1 0 2 0 -1 -1 
0 2 0 2 0 0 2 1 -2 0 1 0 0 3 1 -1 
-1 0 1 1 -1 -1 -1 0 1 0 1 0 -1 0 3 -1 
0 2 -1 -4 1 -1 -2 1 -1 0 -1 0 -1 2 1 3 
2 0 0 1 1 0 -3 -2 1 1 -1 0 0 1 -1 1 
-20 24 -27 21 -2 -15 -34 31 16 21 0 0 -23 -13 36 -9 
39 -8 -28 -4 -16 -10 32 -26 8 8 -9 10 32 -20 -26 -3 
52 -3 17 10 -21 36 4 7 -7 15 -24 -35 -22 -24 -17 -38 
9 -3 -18 -6 -26 -14 -10 13 15 5 10 22 -45 22 15 -24 
-21 23 -11 -11 -38 21 -1 26 11 13 -15 14 0 31 21 4 
-7 36 42 -22 46 -5 25 1 15 0 41 24 -2 -18 -3 -8 
47 0 -9 23 -24 -4 18 16 4 -14 -53 -32 47 5 5 3 
3 -35 -14 60 -16 -16 -34 -35 -29 -16 5 -27 -20 -4 54 15 
3 24 -41 9 41 6 1 -16 -15 26 47 -9 4 30 -29 -2 
37 -26 -15 -11 -28 4 -25 20 -11 40 -30 16 -32 45 52 41 
-38 13 -35 12 -6 -16 5 73 28 -34 51 -64 1 -11 26 -37 
30 3 -6 -55 6 24 -30 -17 -4 -7 -13 21 4 29 -4 22 
2 1 -2 1 -2 3 0 -7 -1 10 1 3 6 3 -1 -2 
3 4 -1 -4 -7 -1 2 -2 -3 -2 7 7 0 1 -1 1 
3 4 0 -2 3 -2 1 0 -2 -1 -4 -4 2 4 -8 3 
3 -1 -2 -7 5 2 0 -4 -7 3 2 3 1 3 0 0 
-3 0 -4 -8 -3 -3 7 2 3 4 -1 -1 2 -4 -5 2 
1 1 -1 3 3 -3 -8 -4 3 3 -4 -4 4 0 3 0 
-1 3 -1 -2 1 -4 -7 4 -1 6 -2 3 3 -1 1 1 
1 8 4 -3 6 -9 5 -2 7 0 5 0 -5 0 1 -5 
1 -4 7 -11 0 2 -8 -3 -6 -6 3 -4 4 -9 -11 1 
5 -5 3 -4 6 5 -9 -1 -3 0 2 5 4 8 2 -7 
2 6 -4 2 -4 -4 0 6 -4 5 4 -6 6 -5 -7 0 
7 2 -5 -1 -15 -2 2 -7 1 4 6 -6 -1 -6 5 -12 
0 0 0 0 0 0 0 0 0 0 0 0 0 0 0 0 
0 0 0 0 0 0 0 0 0 0 0 0 0 0 0 0 
0 0 0 0 0 0 0 0 0 0 0 0 0 0 0 0 
0 0 0 0 0 0 0 0 0 0 0 0 0 0 0 0 
0 0 0 0 0 0 0 0 0 0 0 0 0 0 0 0 
0 0 0 0 0 0 0 0 0 0 0 0 0 0 0 0 
3 2 7 2 -5 4 -7 2 2 4 -1 2 4 2 1 3 
2 7 0 -4 -3 -3 4 1 0 2 6 1 -4 -3 -3 -2 
2 3 5 -3 -1 -4 -7 -2 -6 1 -1 -5 -4 -3 -9 0 
-3 -1 -1 -1 -1 2 -6 0 -2 3 5 5 1 7 3 -2 
6 -4 0 -1 -2 1 2 -3 -3 6 -1 1 7 -7 -3 -5 
-2 4 5 -2 -4 1 1 -4 0 1 -3 -6 1 4 8 -4 
-2 2 -1 -2 -1 -2 -7 -7 5 6 1 5 3 4 -2 -4 
6 8 -3 -5 -3 -4 -5 2 0 0 6 7 -4 -1 -1 2 
6 0 3 -10 -9 -2 -3 -2 -5 -1 -5 -10 0 -5 -7 4 
5 -7 -5 -8 4 0 2 -1 -9 2 0 6 2 1 -1 2 
1 -3 -9 -7 -4 0 4 2 4 3 5 -2 5 -3 -4 6 
2 5 0 1 -1 -4 0 -3 -3 3 2 -6 2 2 4 -5 
19 -21 -9 2 -8 -1 0 22 -1 -7 22 -7 1 9 2 -10 
8 -12 6 0 9 -20 10 -14 -9 -2 11 -12 -13 -11 -6 0 
-11 0 3 13 7 14 0 -5 -1 0 6 -8 10 9 -3 -1 
3 -2 -10 4 -6 7 -1 -4 -7 -1 5 12 10 10 12 -19 
-6 18 10 -13 -13 -8 -19 15 -12 2 16 -8 -32 4 -7 -16 
12 5 15 -16 -7 6 -6 -10 20 -1 2 11 25 10 -1 -1 
0 0 0 0 0 0 0 0 0 0 0 0 0 0 0 0 
0 0 0 0 0 0 0 0 0 0 0 0 0 0 0 0 
0 0 0 0 0 0 0 0 0 0 0 0 0 0 0 0 
0 0 0 0 0 0 0 0 0 0 0 0 0 0 0 0 
0 0 0 0 0 0 0 0 0 0 0 0 0 0 0 0 
0 0 0 0 0 0 0 0 0 0 0 0 0 0 0 0 
16 -4 2 -29 -18 15 -6 28 2 -21 -3 -36 6 4 -16 8 
17 -60 -25 -2 22 14 32 3 -28 -14 -10 13 -33 -12 -32 -12 
-11 15 0 28 30 -22 25 -18 -2 -16 -9 -14 4 -25 -2 22 
-7 12 5 3 0 -7 -2 -11 -20 -6 -47 10 11 4 -16 -18 
-1 -4 3 -19 -12 -1 4 20 10 -41 -4 14 13 -31 2 -20 
80 -3 6 14 28 13 -19 43 -16 -12 17 3 -13 -14 -36 -44 
1 -7 -5 -1 8 -1 -7 -6 9 10 2 -2 -5 2 0 4 
17 5 5 -14 1 -7 10 -6 3 -6 4 3 0 -6 -11 -12 
8 0 0 11 -6 1 9 -4 -4 5 3 10 -3 0 -1 0 
8 5 -9 5 -2 3 5 1 -3 -9 -11 -4 -3 0 -3 -6 
5 -12 2 7 4 10 4 10 -2 8 4 8 -4 5 -1 0 
8 4 5 9 1 1 12 4 20 -5 11 7 -2 -2 6 -9 
0 1 2 0 1 -1 -2 0 1 1 -2 1 1 -1 -1 -2 
-2 -1 1 -1 0 0 2 0 1 0 1 0 0 -1 -2 0 
0 -1 1 -3 2 -1 -2 0 -1 -2 1 1 2 0 0 1 
-1 0 -1 -2 1 1 -1 0 1 0 0 0 0 1 2 0 
2 0 -1 -1 0 0 1 -1 2 1 0 -2 0 -3 -2 1 
-2 1 -2 -1 -1 -2 -2 -1 0 2 1 -2 2 -1 2 -1 
-1 1 2 0 2 -3 -4 1 2 -1 -4 2 1 -1 -1 -3 
-3 1 2 -3 -2 -3 2 0 -1 -1 2 -1 -1 0 -1 3 
-2 0 3 -3 2 -6 -3 -1 -2 0 0 1 0 2 -1 0 
-1 2 0 1 -1 2 -4 -2 1 -1 1 -2 1 1 2 0 
4 -1 0 0 -1 -1 1 -3 1 3 -2 -3 1 -5 -3 -1 
-2 0 -3 -1 0 -1 -3 -1 -4 2 -2 -3 3 -1 2 -1 
0 0 -1 -1 1 -1 1 1 1 1 -1 0 3 0 -2 0 
0 1 -2 1 -3 0 0 0 -2 -1 2 1 -1 -1 2 2 
1 3 -2 0 -1 0 1 -1 0 0 -2 -1 0 -1 -3 0 
-2 -1 1 -1 0 0 1 -1 -1 0 -1 1 1 -1 1 3 
0 -1 -2 -1 1 1 2 0 -1 1 0 1 3 1 1 0 
1 1 -1 4 1 2 -2 1 0 -1 -2 1 -2 0 1 -1 
-22 4 -11 0 0 -7 -2 -10 -3 1 7 5 -16 11 0 -2 
8 -2 -6 -13 8 10 11 -21 2 1 -1 -3 11 -14 -1 -9 
-1 -14 6 3 -2 7 10 0 -5 5 -6 12 2 -20 6 -8 
21 -16 1 -5 5 -11 17 17 0 10 -2 -4 -27 7 -16 0 
-19 -8 -4 -5 -3 -6 -11 7 9 12 22 4 -18 22 -18 -11 
9 14 5 -5 4 -6 3 6 12 -5 25 10 -6 12 -14 -4 
-23 -49 -13 -21 -20 -5 -54 3 11 4 14 -24 0 -10 10 58 
-6 -3 18 48 18 -35 20 -2 14 -13 40 3 -24 10 3 -9 
5 12 -22 -7 -15 -11 -6 23 -3 -1 -12 -8 -1 20 -1 -17 
-46 21 5 28 -33 22 -6 -37 32 3 8 -18 -26 -32 6 -17 
26 26 10 -23 17 23 -8 -17 -9 12 26 9 21 -1 -9 -28 
3 -11 23 6 -32 9 8 24 40 5 36 8 12 2 0 4 
0 0 0 0 0 0 0 0 0 0 0 0 0 0 0 0 
0 0 0 0 0 0 0 0 0 0 0 0 0 0 0 0 
0 0 0 0 0 0 0 0 0 0 0 0 0 0 0 0 
0 0 0 0 0 0 0 0 0 0 0 0 0 0 0 0 
0 0 0 0 0 0 0 0 0 0 0 0 0 0 0 0 
0 0 0 0 0 0 0 0 0 0 0 0 0 0 0 0 
2 -2 -2 -1 0 2 2 -1 1 0 3 -2 1 2 -1 -1 
9 -3 0 -4 -1 -2 1 -1 1 1 -2 1 1 1 -3 -2 
6 0 -3 4 -1 1 2 1 0 0 -3 -1 -2 3 2 -1 
1 0 -1 0 1 -3 6 1 -4 0 -6 2 -1 1 -2 -1 
-3 -2 -2 3 -2 -4 1 5 2 0 2 2 -3 3 0 -1 
6 2 -1 0 3 0 -2 1 2 -3 2 3 -5 2 -3 -1 
4 -21 8 -27 -16 56 24 -39 -10 -17 14 41 -8 -14 28 -55 
1 25 11 26 -9 -3 -19 26 16 14 -1 -4 -1 -42 37 7 
1 4 -7 -12 -41 6 21 39 22 17 -19 -19 12 11 23 16 
-16 -24 22 -21 31 -25 26 -7 5 -13 24 -11 24 11 -4 19 
-4 14 -25 13 13 27 -29 -19 23 -11 26 18 23 3 14 18 
26 25 5 -9 -13 -17 28 17 -11 -21 -2 -7 0 -8 -36 -22 
-16 -22 7 -9 23 17 3 3 -34 29 -5 -25 -25 -25 19 6 
2 -15 23 0 10 -25 6 -14 28 -27 -4 17 -12 -8 4 -32 
-10 -6 -11 11 10 22 -4 -14 13 -4 30 14 14 4 -13 1 
7 4 -7 -25 19 34 6 10 30 -14 3 18 24 12 -34 -13 
24 -2 -9 13 -1 20 47 30 19 1 -17 -2 2 1 -5 24 
14 -20 29 -8 -18 -20 -10 -6 -43 -8 3 11 13 2 3 -15 
-1 3 3 0 -3 5 -2 1 0 7 -3 4 4 6 3 -6 
3 7 6 -5 -1 -4 1 -1 1 -1 9 3 -9 -2 2 3 
0 1 9 -2 -4 -4 -5 -7 -3 -4 -1 -6 1 0 -12 6 
-4 -3 1 -3 5 3 -5 -2 -3 3 2 5 10 6 2 -1 
1 0 -6 3 -5 -5 4 -8 0 1 2 -1 9 -8 -7 2 
1 0 8 0 -4 -2 1 -8 -6 7 -3 -9 -2 4 11 -3 
4 3 1 -5 6 -2 -1 5 -6 2 1 10 1 -10 2 6 
2 10 5 -7 -1 -7 2 2 12 6 0 -6 -7 -13 6 2 
0 2 11 -2 -3 6 -13 0 -11 -5 -4 -5 3 -5 -4 8 
7 -3 7 -11 6 13 -6 2 1 1 7 4 -11 8 -1 -4 
-1 1 -7 9 3 -7 -1 6 1 1 2 -16 6 -6 -2 -8 
2 7 -8 -2 -19 -1 -5 -8 -3 -6 5 -7 5 -10 -1 -13 
1 1 -1 1 0 1 -1 -1 -1 -1 1 0 -1 0 2 0 
0 -1 2 1 2 -1 0 -1 0 1 -1 -1 1 0 -1 -1 
-1 -3 2 0 0 -1 -1 1 1 0 2 0 -1 1 2 0 
2 0 0 0 0 -1 -1 0 0 1 1 0 -1 1 -1 -2 
-1 1 2 2 -2 0 0 1 1 -2 0 -2 -2 -1 -2 -1 
-1 -2 1 -2 -1 -1 1 0 0 1 1 -1 1 1 0 0 
-5 10 -3 -6 -21 8 -1 10 -10 8 -1 3 12 7 -9 10 
-3 15 -6 -13 -6 -4 1 -10 7 3 2 21 -10 -7 -2 -8 
11 8 18 -6 -1 -14 -17 -9 -4 -2 -3 -11 0 -15 -7 -2 
8 -11 -8 -5 7 12 -2 -8 -12 2 1 2 15 13 13 -1 
-7 -6 -4 -6 -8 -10 8 21 2 8 3 9 9 -4 -4 -16 
-3 -1 0 0 -17 -6 0 -12 -3 1 3 -13 4 -3 14 -1 
