91 -75 59 -71 -114 -81 70 138 -86 -24 73 56 -43 -119 114 -58 
134 -40 -159 13 -31 -3 98 -169 -18 -6 -106 22 78 -30 1 111 
19 -27 -53 -119 71 -4 98 -109 -5 -102 42 -74 -67 -2 -7 66 
41 -19 -27 -94 4 -84 28 -24 -6 83 67 137 -80 -30 -118 85 
15 -75 -73 104 48 24 -85 105 15 33 -62 -61 60 31 65 -37 
0 0 0 0 0 0 0 0 0 0 0 0 0 0 0 0 
61 39 42 21 -11 61 49 -25 2 3 -47 -88 20 51 5 -1 
-28 -18 -9 41 -91 -37 7 -96 0 0 0 0 0 0 0 0 
-101 38 -38 -26 -104 8 -128 127 -36 33 -10 67 -2 -76 -103 84 
-17 -17 -119 0 39 54 -61 -58 0 0 0 0 0 0 0 0 
16 -39 3 78 -58 79 83 -35 49 -100 13 -13 -36 28 -18 -25 
48 -28 39 -28 -60 -58 -32 46 0 0 0 0 0 0 0 0 
23 -69 15 71 -27 -33 91 -58 -14 -75 42 -126 40 -168 -34 205 
94 -35 55 55 25 -29 13 -57 0 0 0 0 0 0 0 0 
53 -37 20 -49 -49 -72 -50 33 48 -40 -40 -118 13 41 33 19 
-111 67 33 90 85 -38 -57 9 0 0 0 0 0 0 0 0 
0 0 0 0 0 0 0 0 0 0 0 0 0 0 0 0 
0 0 0 0 0 0 0 0 0 0 0 0 0 0 0 0 
61 -56 11 -52 57 -55 -140 15 -60 70 118 -63 -42 -125 -63 73 
50 -14 -42 31 -35 7 29 -12 0 0 0 0 0 0 0 0 
56 27 -10 32 1 18 62 49 -47 -18 -39 -7 12 18 -93 -51 
103 -39 2 -26 -87 -67 9 -58 0 0 0 0 0 0 0 0 
-118 24 -42 -8 48 -84 26 90 41 -80 -83 -50 -24 -20 -27 106 
-14 -111 -52 -52 52 -73 -49 23 0 0 0 0 0 0 0 0 
52 -14 56 20 -80 -19 133 76 54 -16 -52 -54 -12 36 -51 3 
79 65 -24 -8 20 -26 50 -54 0 0 0 0 0 0 0 0 
58 81 40 -32 16 17 82 4 -69 112 139 -83 27 29 -93 -46 
-34 7 -166 18 -79 20 -15 120 0 0 0 0 0 0 0 0 
21 37 -61 -72 -35 78 82 -86 -32 -66 -18 92 -71 112 78 -34 
-33 -22 36 -8 104 73 50 -99 0 0 0 0 0 0 0 0 
-50 -27 25 61 77 15 -65 -64 13 -34 -6 -32 -15 27 39 112 
49 46 -102 3 -23 57 -38 -44 78 -100 -170 -82 58 -4 -65 14 
3 -46 51 25 81 -17 16 -20 0 0 0 0 0 0 0 0 
7 80 27 8 -4 60 -23 58 49 2 -71 -46 10 -40 -8 86 
-25 62 103 20 -48 -8 -48 65 -5 10 -54 7 -7 46 -52 -24 
-23 -29 43 -18 22 20 -54 -36 0 0 0 0 0 0 0 0 
136 -31 128 -6 -34 2 -19 -8 -61 59 11 -8 20 11 55 46 
14 34 77 -33 -78 42 -43 -30 -19 18 -49 -50 -26 43 -53 -8 
75 58 84 -8 -146 -12 89 24 0 0 0 0 0 0 0 0 
63 -52 -46 37 -45 -4 -22 -28 -3 29 67 64 33 -68 11 -22 
-13 38 28 75 50 67 18 9 0 37 -42 24 -36 -10 69 -69 
19 -119 42 -94 1 56 -30 -45 0 0 0 0 0 0 0 0 
89 -42 65 129 -62 -73 29 -46 76 -65 -19 0 39 -84 -51 -116 
71 97 83 -56 -22 56 -44 -39 -124 22 44 15 -11 59 11 103 
38 78 -47 60 46 115 -20 36 0 0 0 0 0 0 0 0 
9 53 -28 -26 38 6 -96 53 81 -49 34 75 90 23 -54 23 
-55 -79 15 -12 -79 -70 79 31 55 -94 76 58 -1 -88 -70 -83 
-86 -36 -49 -74 44 -23 -127 -93 0 0 0 0 0 0 0 0 
-58 30 8 51 69 -24 -97 25 30 -14 -91 -41 43 -52 -29 97 
77 94 -42 48 88 75 36 -2 -25 -96 -3 -113 50 -1 61 61 
36 47 17 -28 -69 63 39 9 0 0 0 0 0 0 0 0 
16 -33 -33 -17 126 129 -12 -26 -68 -26 -4 -3 -74 -32 -46 -67 
13 87 46 -47 42 -55 -77 58 82 24 -47 11 31 20 36 -12 
-30 44 57 33 37 -3 -2 -88 0 0 0 0 0 0 0 0 
-61 -29 -73 -74 5 8 -31 33 -13 45 65 -7 80 -27 -68 19 
42 38 -55 -55 -49 -11 17 34 -33 -44 1 -11 -68 60 -43 53 
-37 26 -17 128 -53 35 -48 -61 0 0 0 0 0 0 0 0 
57 3 112 6 -77 9 21 -64 -62 -16 -56 -38 23 80 72 60 
40 -26 -51 -17 -140 5 -93 14 -26 -13 -8 49 0 11 -36 -67 
113 -61 64 -33 -134 62 44 59 0 0 0 0 0 0 0 0 
6 53 -39 2 9 -25 0 75 33 31 7 -83 -45 -53 -58 -15 
43 -27 -31 -1 15 29 10 -32 -15 58 -20 -96 0 2 -26 28 
64 121 41 124 -13 53 31 91 0 0 0 0 0 0 0 0 
-1 -78 150 48 45 -102 -63 -126 -42 -37 -42 -74 -86 0 -28 -5 
56 70 77 18 -25 53 81 -55 15 43 -62 -90 43 -25 121 22 
-3 0 -16 -12 52 84 -75 -55 0 0 0 0 0 0 0 0 
30 9 -73 -22 -79 42 44 34 57 -31 36 -29 28 -19 0 -64 
-117 -38 -45 -8 -27 -1 -9 85 -14 20 122 62 72 33 -24 -25 
34 3 -1 36 52 -55 63 1 0 0 0 0 0 0 0 0 
-83 -38 78 -99 -155 -6 49 40 -35 -72 -60 -32 12 -85 -80 84 
39 136 58 -74 -19 -104 -51 -21 47 6 -30 35 -38 108 42 50 
-101 -65 -21 69 85 51 -54 -142 0 0 0 0 0 0 0 0 
-71 -33 140 34 23 35 95 121 60 -6 11 114 -61 40 38 47 
-78 -6 71 15 -45 47 -29 -32 116 -13 -48 121 23 -10 -88 6 
-66 -94 50 -8 -80 13 -15 -28 0 0 0 0 0 0 0 0 
13 23 -14 -45 -18 -79 85 -17 -54 -23 -43 -24 -33 43 -19 -62 
18 -100 24 -10 -13 29 30 -15 56 -40 46 50 12 -14 19 27 
-26 4 -78 -40 0 -45 -65 -40 0 0 0 0 0 0 0 0 
-12 96 35 9 24 50 -30 35 -41 18 53 54 -14 -85 62 2 
16 -6 -19 31 70 7 23 47 55 75 -85 98 -38 37 23 67 
-25 -63 10 50 -25 81 -31 54 0 0 0 0 0 0 0 0 
-47 48 -74 9 39 -49 -34 43 13 -63 25 -50 2 24 -36 -14 
40 52 -44 50 62 -4 3 3 21 -74 -14 -35 -39 -38 -37 -1 
13 28 -5 -40 53 34 -26 30 0 0 0 0 0 0 0 0 
-30 -33 -34 5 41 -51 87 -50 66 -7 86 49 -83 18 -36 -19 
88 -26 -23 9 55 37 26 49 35 11 52 -74 3 -24 -21 39 
41 -43 6 33 3 68 22 24 0 0 0 0 0 0 0 0 
-63 44 -9 46 -71 -33 22 -3 60 154 -28 61 -9 72 37 -6 
-25 -52 93 -40 -65 -47 23 54 24 -85 -73 8 33 21 1 50 
-52 -5 -60 53 22 26 51 2 0 0 0 0 0 0 0 0 
-11 28 -36 -2 -61 -8 -52 -20 -16 -49 88 -110 -22 -25 92 15 
-48 -60 63 23 -51 -42 -45 71 12 -2 33 -23 -7 -12 -1 -8 
-25 10 24 1 -2 -66 10 -46 0 0 0 0 0 0 0 0 
-55 -91 -45 -46 -51 28 -29 49 -43 21 -11 -17 -38 41 -2 50 
-8 -1 43 2 19 17 10 53 -14 -32 -27 -40 90 -74 -19 -56 
45 12 -45 -23 -52 27 -26 -34 0 0 0 0 0 0 0 0 
-2 -12 -92 15 76 25 19 -54 -91 -10 24 -10 0 12 12 -17 
10 30 -3 -64 80 -3 58 -6 -5 42 19 -7 73 -10 -21 5 
-24 -23 -43 111 23 -3 -39 39 0 0 0 0 0 0 0 0 
18 -13 -3 22 -24 -31 18 37 28 35 -29 14 49 -4 17 28 
-11 5 -41 -35 -30 -29 62 -65 -80 -41 -22 -20 -29 24 -8 20 
16 -9 -21 -3 -5 22 -15 49 0 0 0 0 0 0 0 0 
-27 -77 25 -57 30 22 -2 -54 -12 35 18 24 24 87 -15 44 
87 -74 -16 -10 -5 -25 -20 17 8 44 45 50 71 -20 21 -8 
29 -27 -36 -19 -91 4 3 35 0 0 0 0 0 0 0 0 
67 -44 57 -45 23 77 24 -21 -116 76 -34 -85 -10 22 -64 16 
-33 20 0 16 104 53 0 -26 6 7 65 -53 1 23 75 14 
17 -36 -53 -30 -9 90 34 -8 0 0 0 0 0 0 0 0 
-2 -2 86 44 -52 -2 -31 -17 -37 57 22 42 25 -10 17 22 
-19 4 -19 2 -88 26 -13 -39 -57 21 -45 49 -29 39 25 31 
6 -50 -19 -39 -13 37 31 72 0 0 0 0 0 0 0 0 
-5 -22 -30 -10 -6 16 -18 -9 -8 22 51 69 -8 35 -18 44 
-9 -31 -2 -28 -14 16 -42 80 -26 0 -6 36 30 28 44 -22 
-21 12 22 -54 -87 10 9 50 0 0 0 0 0 0 0 0 
63 40 -8 -64 -32 18 21 -12 -35 -46 -13 16 56 46 10 -35 
-36 94 -4 31 -32 117 18 4 3 -17 19 -69 61 -12 22 -9 
-50 23 -28 38 -41 -56 -6 44 0 0 0 0 0 0 0 0 
2 31 -61 32 -45 122 -49 -4 26 -14 70 -69 -15 4 11 -48 
59 24 18 39 2 -42 30 6 53 -20 8 59 -44 -72 -33 25 
72 -36 83 77 -51 51 48 44 0 0 0 0 0 0 0 0 
-25 -38 15 27 20 -37 24 6 5 -47 -31 19 -28 49 19 -2 
-19 -19 -16 -9 -61 10 -20 2 -19 49 57 24 24 -38 -26 13 
39 15 -47 -12 31 -49 32 26 0 0 0 0 0 0 0 0 
96 -28 5 20 -45 34 16 -49 -27 -6 -20 45 -37 5 12 18 
15 20 -23 62 -20 -18 14 -40 -12 21 36 56 -56 -22 -10 -4 
33 -52 -49 -60 -70 -12 40 20 0 0 0 0 0 0 0 0 
73 -31 9 32 -31 -50 42 16 -17 -26 -23 21 31 -4 23 -49 
-11 13 -26 -48 -5 47 9 -10 -5 67 -39 -2 18 34 -52 -47 
-1 34 26 -19 -3 15 8 -50 0 0 0 0 0 0 0 0 
-12 -5 -39 14 45 -3 1 13 -13 -28 -40 -42 0 22 54 -35 
-57 -30 7 -6 24 -72 -10 -80 29 -5 -49 -84 9 -30 -46 -19 
0 21 -44 -26 -39 -53 35 -31 0 0 0 0 0 0 0 0 
-28 13 41 -44 38 -27 1 1 44 8 -17 15 34 18 35 -15 
9 18 -19 13 22 -43 4 -26 -34 -10 -49 -21 -42 14 16 58 
63 19 -20 17 14 35 46 11 0 0 0 0 0 0 0 0 
11 -6 -53 -45 17 13 -10 -14 11 -73 41 -24 31 -28 74 11 
-18 -11 38 42 35 3 -5 -76 56 89 -80 24 -44 41 3 35 
-26 -5 59 38 -43 31 57 -6 0 0 0 0 0 0 0 0 
34 -45 38 -18 2 6 6 16 32 -16 16 38 -42 47 4 -4 
-43 34 46 6 -49 23 1 52 0 17 -31 -15 61 -26 34 -14 
5 -57 33 12 -9 10 76 29 0 0 0 0 0 0 0 0 
0 0 0 0 0 0 0 0 0 0 0 0 0 0 0 0 
0 0 0 0 0 0 0 0 0 0 0 0 0 0 0 0 
0 0 0 0 0 0 0 0 0 0 0 0 0 0 0 0 
-22 -66 35 30 61 -112 58 -59 3 -68 -14 -110 16 86 55 36 
37 -61 -15 -17 -6 -48 -51 69 33 19 -56 36 -51 -48 68 -103 
-102 -59 39 78 -25 58 -73 10 127 -38 -27 -15 -50 3 16 -27 
-43 54 19 -51 46 60 79 -47 23 111 -69 -21 10 30 -43 -56 
-50 -1 101 -84 -98 33 -67 -1 0 75 9 44 -25 32 15 14 
-42 -45 -58 98 -27 -50 -106 -11 7 -30 -68 -50 -45 -128 26 -12 
-5 4 12 49 101 -127 -77 -62 13 52 -33 -55 -71 109 79 72 
18 -48 71 16 46 62 -12 -85 48 30 -21 29 14 71 -18 38 
25 -52 -128 68 50 -13 47 42 -43 43 71 -139 47 -8 -26 45 
-82 -45 13 85 -41 -24 9 -80 -78 37 14 -42 16 -2 28 39 
-60 -59 -36 73 -53 -86 58 25 51 6 83 83 54 -71 68 1 
-121 -7 128 66 -10 -53 -84 18 -25 -14 25 -64 10 -30 -41 27 
-65 29 -41 50 -5 62 -12 -65 35 -19 -23 -35 -10 -13 51 -11 
-12 -7 46 51 -25 -26 -32 -38 110 -39 -11 -9 58 18 -4 -78 
-14 38 4 25 85 -41 -31 -49 61 23 55 9 -25 33 35 -40 
-13 -21 23 -28 -25 -2 9 -17 62 -60 49 50 -50 12 -39 137 
-129 60 25 -21 -22 64 -35 29 19 -82 32 -6 36 115 -60 -29 
-29 -3 50 70 -62 -17 -117 -95 35 59 52 -31 69 14 -4 -51 
105 -91 30 3 -92 22 94 16 50 31 -79 -40 -28 -75 1 -64 
-79 63 -23 82 114 14 -10 14 -75 -20 -13 78 -34 -5 -39 -39 
-63 11 -6 -106 -43 104 -41 41 59 -38 -30 3 -47 53 30 56 
5 75 52 60 47 -43 -91 20 20 -70 -32 -69 -63 -23 -38 -130 
46 -48 91 79 -97 83 -91 -15 -37 -45 41 49 -5 6 74 25 
36 66 -85 -15 42 -14 8 -9 -100 -9 32 -12 -7 66 -37 77 
134 66 97 -68 -8 72 -67 -54 -65 -24 -71 46 -36 -21 -16 74 
6 -61 35 -16 86 28 -43 -137 -63 67 25 -71 43 12 85 112 
-20 17 56 -19 -66 40 -12 9 -113 19 -9 7 21 3 -30 -145 
-52 18 24 24 -19 44 -5 31 -50 -44 41 10 -14 25 -28 -27 
63 -5 -32 -49 -4 34 12 23 11 17 36 -17 30 -21 12 3 
-11 12 9 -14 0 18 59 12 10 7 -7 -23 3 -2 48 4 
-14 -3 -45 -27 11 30 -32 -32 -28 -23 -9 61 33 31 50 80 
7 49 -60 -79 22 -15 -61 18 -34 16 -11 13 -6 -3 -36 -35 
-36 -6 77 25 -45 45 -52 30 -29 -26 65 54 -7 24 -17 -60 
-8 -33 9 -28 -11 -34 12 18 -39 9 3 -56 26 16 -33 -22 
15 -4 29 -7 -41 11 6 73 26 67 -35 12 -47 -39 22 48 
-35 -10 5 17 -35 38 -22 -51 2 -56 -4 -7 -29 -16 22 24 
44 21 59 -24 7 -21 76 -48 -24 -42 21 -44 53 30 -33 -1 
16 -13 10 -86 -4 -11 -55 -42 -46 35 -1 28 -20 45 -37 7 
15 -40 -12 -42 -18 -49 -39 -49 77 -21 8 2 22 -2 -5 -69 
-27 -10 -27 11 7 25 14 3 -20 -35 23 -36 -12 -66 12 -40 
69 25 18 -6 -24 44 58 -45 -26 62 -16 27 16 -29 -6 37 
51 27 -12 -11 49 -34 30 -27 8 16 -35 -23 35 5 11 19 
25 70 27 12 9 0 -20 8 -4 -19 -20 -64 -2 -41 -19 -45 
31 58 -19 61 18 -43 -33 -9 -14 -11 -61 17 -48 59 -3 8 
75 -36 27 -38 -21 -81 65 -2 63 27 -6 -17 -58 -12 32 -49 
2 22 34 -64 35 66 68 -26 53 -17 -46 59 -40 63 -46 16 
-52 22 39 12 53 -23 18 -12 9 -51 3 -3 3 -2 15 -64 
55 5 -29 14 5 -48 -27 -24 -5 7 -2 -33 -20 -20 -21 24 
34 42 -20 35 -17 -25 -32 -43 2 -31 -59 -44 -45 88 -36 26 
15 -68 13 -27 67 2 -39 16 -30 -25 -82 -25 -84 55 31 10 
-59 -61 88 -35 -48 40 -16 40 -4 -15 52 28 -11 -37 48 -87 
3 -19 22 -30 12 -40 -13 4 -50 -7 -4 -17 51 38 -37 -26 
-5 -49 -26 17 -1 4 19 11 29 4 -81 28 45 -66 -21 -29 
-98 23 51 41 16 41 22 -16 38 -55 -16 -68 40 -17 22 -81 
-61 29 84 -9 83 26 15 -87 26 -6 0 4 -53 -56 79 -2 
20 -29 -2 -5 73 -45 0 -1 -10 -46 -24 21 3 6 -27 -27 
4 79 -39 -35 -18 20 -33 3 12 -39 -18 23 16 -11 -50 47 
68 80 -6 -74 8 -51 9 30 -24 16 10 78 22 -34 -32 38 
-67 -44 60 -7 101 10 25 40 11 -59 -30 42 8 11 16 -12 
7 -4 22 -3 7 20 42 50 -36 -63 -9 13 -51 32 12 -75 
-12 8 -16 -66 7 -58 8 -9 -66 7 5 14 -47 -1 1 -54 
67 -30 66 -18 21 15 30 4 -27 9 32 -14 -10 -28 62 7 
-9 19 1 -7 -14 2 -12 -27 38 -48 -15 -31 -26 21 22 25 
-28 35 -31 16 12 -58 -18 -37 -5 -32 64 32 21 1 -72 49 
36 -58 -45 25 37 63 12 -7 19 64 5 -7 -6 -69 30 -14 
-100 26 7 23 11 -12 -14 22 -29 -30 1 -26 56 -17 17 -29 
-20 -35 -33 3 11 -5 -21 53 -35 -12 7 -42 -24 -1 -34 26 
24 -13 37 -11 33 -22 14 -18 0 -35 -24 -24 -55 -9 8 -7 
6 6 14 82 6 73 -15 -34 40 31 58 -37 17 38 88 -10 
23 -35 83 26 45 -66 26 24 -62 8 14 -4 -73 -3 9 -30 
-47 42 9 32 27 28 -36 6 42 -35 -36 39 -34 14 -9 24 
-4 23 -26 -15 -48 -26 79 -3 43 21 44 19 32 54 34 -28 
-61 -13 80 52 -9 -8 19 2 -70 0 39 15 -1 42 -1 66 
9 -38 9 32 -25 16 24 -47 38 51 44 86 90 -2 31 -114 
-19 21 -13 52 -66 -61 22 21 -11 28 44 61 0 -72 -44 -67 
-17 19 -2 -56 -43 -9 7 -9 27 2 -12 14 -40 30 -27 -45 
-4 -25 -39 -11 -18 -25 28 -6 19 12 38 10 43 -7 -16 23 
-25 -15 -17 16 32 -28 35 46 15 -3 -4 22 53 17 -22 -41 
-3 88 37 -22 -10 -10 -3 -55 5 15 -9 35 -28 42 -6 72 
-16 -43 23 45 41 -5 -1 -32 8 -2 -3 -13 3 29 62 -72 
1 33 27 -7 -16 -32 -47 39 -85 1 0 -13 -9 -9 5 -12 
-26 32 -14 -10 14 20 31 -13 6 -5 -14 -31 -24 -49 25 -27 
-24 -16 -33 -29 17 28 -21 -55 -14 10 -35 -18 26 8 39 -20 
-37 -28 -8 38 13 27 -9 -25 26 -3 43 -26 46 15 -59 19 
23 3 -5 -17 -5 32 -7 57 37 -3 12 -9 59 43 27 20 
11 55 -9 -3 -2 11 -6 11 -11 -2 -40 12 2 -15 21 -3 
-7 17 19 -17 -11 -8 16 -32 -15 -8 -11 9 27 9 -38 -4 
-10 2 -22 -18 -48 1 -7 -19 -16 4 -37 20 -14 -37 -26 21 
-37 -13 -15 -17 25 -16 -24 -14 39 -56 -10 13 -18 -3 44 -25 
17 22 -3 -11 12 -50 -12 -17 -3 9 -4 42 10 16 -27 -10 
9 -12 21 31 -8 -5 23 -15 -4 -39 10 -22 28 -9 -7 -16 
10 -48 -4 -30 24 31 3 5 32 26 -18 -20 -9 8 36 -24 
8 16 -8 32 -39 -16 20 0 -4 -2 -15 -40 -11 -11 29 12 
-21 35 10 41 -17 -9 13 27 -31 -31 5 8 -15 0 -10 4 
6 19 -6 -2 -1 1 -13 -6 14 -29 -12 19 14 -26 -39 9 
-59 -41 54 4 4 -12 -26 -41 5 -17 13 -6 -13 -24 -38 17 
27 7 -17 33 5 -29 -23 44 -6 5 -17 13 5 5 -46 -3 
16 24 17 25 -12 41 -18 -46 -4 7 46 38 -19 -2 17 -34 
-37 -20 -32 18 -20 -29 42 -2 8 39 -9 18 31 -8 20 0 
-15 21 20 -16 22 16 -44 -9 -39 -6 -14 -2 13 -19 8 -13 
-17 -41 18 -29 4 4 0 35 -17 -13 -13 -39 5 -6 -13 3 
0 -1 21 -40 -14 12 -4 29 15 8 -33 -3 21 -2 -14 -5 
-42 -17 1 10 -16 14 8 9 -13 18 46 -10 0 14 10 -11 
30 14 -6 -19 6 24 -13 -10 14 3 -26 -12 13 -25 -16 -3 
-20 12 -16 22 -17 -21 33 12 -16 -7 -6 -7 -24 19 -15 -2 
-19 -14 -1 -46 0 31 25 -30 23 57 -16 16 17 -5 -37 -1 
2 30 -6 3 -7 16 46 -11 -7 -19 53 48 -14 36 21 -1 
7 24 -45 -1 -12 0 30 -1 7 -2 -12 17 -29 -27 -9 -23 
-29 -10 4 6 -22 9 -5 -34 9 29 29 4 29 19 27 7 
-18 -5 -17 -22 -2 26 -31 1 -46 27 -22 9 7 0 50 2 
10 -28 -4 9 -14 35 -38 -25 12 36 -43 -29 -3 13 10 -38 
-26 25 -6 -8 6 34 -15 9 16 44 -25 9 -8 15 -31 25 
0 -17 -36 4 52 -24 45 40 48 -60 -11 32 -25 27 28 -18 
18 15 -9 -2 -28 -34 -31 -40 18 7 9 -29 13 -14 15 -46 
25 2 -3 56 -7 -5 37 -27 29 1 -37 -31 15 -28 36 -20 
40 -12 -2 1 22 20 -6 10 -2 31 3 11 5 12 7 -7 
49 -21 -7 25 -23 1 -38 -24 -21 5 -8 -14 -37 43 4 -36 
-17 -27 -14 1 12 12 -3 -10 21 -6 38 -1 12 5 -7 7 
10 15 -6 -1 20 -33 -1 -28 8 -22 14 11 -30 5 27 9 
9 36 -25 -4 8 -5 15 -10 -19 30 7 14 -21 -35 -5 16 
-8 8 -4 33 -10 2 -26 5 -8 1 2 0 16 2 6 -20 
9 3 10 -22 26 22 10 35 -11 21 32 -23 -10 17 -11 -20 
-7 -22 34 -7 -46 16 29 -15 13 23 12 29 -15 12 10 3 
-10 -4 7 -26 1 16 49 -42 -5 12 -10 30 -14 -4 -19 -60 
-26 16 26 20 4 11 -8 -12 -6 8 4 -16 9 -19 -3 -10 
-5 -7 -29 19 -23 -33 8 1 -7 3 -2 23 7 -7 10 24 
10 16 18 -24 38 -28 15 -22 -12 -18 6 6 21 2 -10 2 
-33 -11 36 -5 -4 -14 -17 7 -23 -12 5 10 20 0 8 -1 
18 -34 -16 5 -1 17 -9 -3 0 -15 -15 8 18 -16 -17 0 
10 17 7 4 -13 18 29 -15 45 13 10 -24 -11 3 -13 -11 
-18 18 1 -15 7 33 -5 -2 14 52 -21 -19 23 -19 -55 -31 
14 -4 23 -47 7 -3 2 -12 6 -18 0 26 -24 2 34 47 
-39 -4 13 -22 12 2 -2 -12 31 6 -10 20 34 24 33 -15 
-14 30 48 -12 1 -13 21 20 16 -22 -18 -12 41 -7 23 39 
22 -26 -17 -6 -1 5 -56 2 -5 41 -28 -5 -10 -2 1 -5 
45 32 9 9 -33 -15 6 -20 -17 -20 -9 -13 18 11 -22 19 
14 -13 -26 -18 -21 7 -10 5 10 16 -36 10 3 -16 2 -16 
41 6 12 -95 -10 17 -2 -32 17 3 -15 4 -28 15 -5 -4 
3 -29 -7 -13 0 -18 10 5 -48 -6 -32 -12 45 -12 0 46 
-14 -25 -10 28 -16 42 5 -7 41 4 -13 -24 -9 -18 6 -8 
-2 23 5 8 7 32 -1 -25 8 -17 -33 10 -15 -8 -3 -22 
-6 23 10 -14 2 12 35 -1 7 -13 -24 11 20 -39 -31 -47 
51 -24 -12 2 25 64 14 -8 66 15 12 -74 15 11 51 -31 
-14 -6 22 8 16 34 4 48 6 17 -1 -28 50 53 28 -10 
-12 -17 55 2 -9 24 -11 -15 13 -14 12 8 35 -1 7 -16 
-32 -27 42 -73 20 17 -53 17 -15 6 -43 10 -41 10 -26 -8 
17 -38 -6 17 -18 5 -49 9 48 29 -25 -20 -24 10 -18 -49 
-4 -9 -24 -16 37 24 -75 28 1 -7 -37 22 -11 -41 7 21 
-16 0 31 44 20 -23 22 31 -23 -38 23 -23 -42 23 -6 -8 
-10 -29 -12 3 15 -15 -28 19 -20 0 -18 13 -12 15 -3 -14 
-14 32 16 -5 -10 0 14 44 -43 -6 68 17 -30 -58 -63 -13 
9 -35 7 12 -21 20 -23 -5 -22 -19 22 -18 0 -37 -58 9 
-6 6 -1 7 4 -29 63 15 -29 -38 26 36 -13 17 19 -6 
10 -21 7 -46 -18 -23 60 -32 -17 -61 -12 -17 -7 4 -18 43 
-7 -11 0 -25 1 -19 -16 -7 13 22 7 -18 -47 -5 25 38 
-4 29 -4 -9 8 -39 27 7 -10 -1 4 13 24 57 -45 33 
-18 7 44 -6 51 18 22 -3 -57 -33 -77 -41 50 -20 -24 12 
-20 -34 -3 -44 -16 18 -6 9 -30 -3 11 -47 4 -21 -29 -7 
-13 -37 13 49 -55 -5 9 -2 68 -24 -15 36 -13 -5 -13 -8 
-5 -49 -17 -33 -17 12 5 -24 -9 -15 -40 19 7 -16 -10 1 
-16 20 -16 20 -9 4 23 44 37 25 2 4 19 -8 37 -11 
4 12 -2 10 -27 -15 24 33 9 16 32 -10 77 27 9 27 
-61 23 37 -33 6 28 28 20 34 8 19 6 -26 -36 -4 3 
32 1 -21 -57 36 -47 12 -1 0 -1 11 24 8 -28 4 20 
-21 -15 2 5 -3 -61 -13 8 53 -21 34 -9 -30 19 -51 -15 
20 -31 21 6 5 40 -37 2 -21 16 -38 -25 2 10 10 50 
-38 10 1 11 4 -31 36 56 -5 19 -18 -10 21 13 35 -8 
11 6 -13 -28 4 -25 13 -2 -5 -7 -3 31 -16 -10 24 -19 
-48 -15 -1 -33 11 -6 47 -24 -13 -3 13 8 -20 1 -17 -20 
9 -50 3 17 26 -5 21 -22 29 3 -8 -30 23 -24 15 0 
-12 -42 -39 8 -30 7 22 -2 -11 -24 -11 10 -44 73 14 36 
-18 -11 -36 40 45 13 -22 31 -13 -5 13 13 7 7 -16 18 
-42 40 32 -36 -6 -30 25 -40 4 -10 23 -4 -11 -4 10 14 
-10 11 7 -21 12 19 4 -11 -5 60 11 12 9 -31 -5 12 
7 26 -7 1 5 -24 0 -13 -16 12 22 -11 -42 8 -11 -20 
23 12 3 13 60 -20 -51 4 20 7 29 -29 -30 -5 -3 -21 
-19 -7 -22 -5 -12 -24 13 -4 22 36 -2 9 -24 22 4 42 
-14 -7 25 -8 36 -29 -28 37 23 44 -3 -4 16 16 -17 -6 
33 -2 28 -28 -5 -23 51 0 -17 -4 10 19 32 45 19 23 
37 10 -34 -11 -1 15 25 15 -30 -44 -32 39 -17 30 40 -41 
40 24 -11 -43 -22 1 8 7 18 0 21 4 -19 -20 15 -42 
-5 27 4 -14 -11 17 0 -18 3 27 3 -10 -9 58 10 41 
29 -2 -20 13 25 6 -13 -4 16 -19 -22 14 11 -18 -35 18 
-28 3 -11 29 -23 -32 -11 38 -13 0 -10 -7 -8 -37 -43 6 
-34 -8 6 28 7 0 18 -3 20 24 5 -21 -25 -15 3 -15 
5 19 -13 -40 30 -7 -12 -44 2 6 -10 -3 -17 -20 -7 -16 
-28 20 -32 25 0 -26 9 -42 -26 0 -14 -3 11 -2 -3 -9 
-13 -30 -6 64 22 32 -25 12 8 8 6 4 23 -6 4 -32 
22 18 -21 10 -18 51 34 13 7 33 1 -16 -11 -13 -15 5 
-36 -7 -11 -10 7 10 -11 5 -12 4 -7 -9 2 -24 -14 -22 
-12 2 -2 1 4 -12 7 1 -5 -13 15 6 7 19 -4 16 
-11 4 -6 -10 5 -32 -29 8 -4 4 20 22 -10 11 1 -21 
-14 4 -11 -2 -12 3 -11 -2 9 -3 6 4 7 -1 18 -11 
-1 -25 14 -7 -23 12 21 5 -5 1 -10 0 6 -8 16 -4 
12 -7 3 0 -17 2 -24 5 -22 -7 -33 -8 -4 15 18 -4 
1 -4 13 -8 -4 -10 -16 -38 12 3 -35 -13 13 -8 1 -35 
0 -16 -1 -5 -26 2 32 3 -8 16 36 -10 22 -5 -25 17 
8 3 -11 -24 6 -37 6 14 -26 -4 -5 6 6 27 -12 1 
-28 8 -18 -2 0 14 -22 10 3 -15 1 -1 5 -12 23 8 
-7 -9 4 -25 2 3 26 3 12 23 5 18 17 -15 -1 -5 
-21 4 8 -5 0 4 -14 6 10 -11 -7 -5 30 2 9 -3 
45 -6 -17 -13 -12 -51 79 6 -23 -6 -6 17 -21 17 -3 4 
1 -33 -43 -8 -3 2 -40 -22 11 34 -69 31 5 25 -5 -34 
19 0 -28 6 -41 15 37 -68 18 -30 60 -25 44 -2 -13 22 
56 33 -13 -6 -17 22 4 -3 34 7 -53 -36 48 32 43 31 
-15 -21 3 -12 -2 -17 -25 89 -6 -30 14 33 23 -9 51 -1 
19 -9 -7 -15 31 41 -59 -45 32 7 -34 -11 26 -25 -18 -14 
84 -14 18 10 -16 -3 -1 -46 8 -25 45 -20 25 33 19 23 
22 17 26 -11 -23 -12 -24 -3 18 26 -62 4 10 -22 -32 -34 
-21 -44 11 7 -18 53 18 -45 29 1 18 -33 -40 24 10 2 
6 9 -22 -16 7 -28 0 10 13 10 9 33 14 38 6 -20 
8 60 34 54 -19 -7 33 20 27 -38 7 34 0 -39 32 18 
-24 -37 39 -48 6 16 23 -17 41 34 -8 2 20 -43 27 33 
21 1 -5 -2 24 -6 34 -16 4 -17 -15 -2 21 1 17 -34 
15 -22 -16 -8 3 -6 -21 -11 -26 8 -9 -24 5 8 7 27 
-2 -2 14 -1 3 -22 4 -1 -13 20 7 -5 9 9 -8 5 
30 8 -6 2 -2 -8 -22 13 -1 17 -30 -7 -18 11 21 15 
-9 20 -24 -15 -2 -48 6 6 20 -23 25 -22 13 7 -3 22 
1 -18 -14 -2 4 -12 9 14 19 -15 0 13 11 19 -25 9 
-7 15 11 -61 19 55 18 25 -29 -23 5 17 -44 -14 -11 14 
1 30 13 25 35 -45 -9 8 5 -15 -18 -17 7 -34 -3 -29 
10 9 5 22 14 -23 0 -28 4 -30 25 20 -3 -36 41 38 
-43 14 -31 15 1 2 -9 41 22 -3 -10 -17 12 -50 -5 -31 
-22 13 35 14 -12 -12 2 9 -63 27 52 -17 -5 3 -33 -13 
38 -12 -11 7 -37 2 32 13 23 0 72 -7 -22 53 -32 -30 
14 -10 0 22 -13 11 13 -15 -16 -12 21 1 -35 -12 17 35 
6 -3 7 18 28 20 -13 29 35 10 -16 1 -25 -11 -40 -31 
1 -35 18 0 -12 -13 -36 -32 -1 7 7 9 -42 -8 12 17 
-25 -14 1 1 6 -35 4 14 2 -11 -9 -15 -8 12 -31 -7 
9 1 50 17 -31 24 22 -14 15 31 7 17 8 -15 -3 28 
-3 -7 -11 -14 -39 -8 24 -25 17 7 16 -21 -27 9 36 -21 
-2 50 -28 -13 -56 13 30 7 14 6 4 -48 -29 -41 11 -11 
-4 -35 -43 -30 -21 39 19 -13 10 15 -36 -2 44 -9 -5 -8 
18 22 26 -13 -39 55 32 0 37 -37 11 -38 -11 30 -21 35 
1 -31 -20 -10 21 65 14 -4 40 -49 43 27 14 47 41 10 
11 53 10 28 8 38 18 -20 -18 -29 -63 46 -10 31 50 4 
-4 13 25 42 -44 -2 2 37 -27 -38 -41 -56 -7 -12 -4 -8 
30 15 2 20 -8 -12 29 -57 -59 -45 -12 28 -16 -44 -31 34 
-3 -35 15 -16 18 60 49 -19 43 11 -42 -29 -29 -20 18 -27 
-23 -11 23 -28 39 48 35 -44 -26 -7 55 -3 21 17 -4 26 
20 14 29 31 44 3 8 20 -20 -79 5 9 -17 0 -53 47 
-10 31 21 6 13 10 -29 -19 -12 -48 -2 -17 -31 3 12 15 
14 -12 -21 29 -59 -30 34 3 4 35 -24 -9 27 -8 7 -9 
-8 11 9 -10 -25 -18 -32 3 13 24 -4 -36 4 4 -26 15 
12 5 8 -9 -10 -15 -24 -3 36 -20 -16 -8 -16 15 -1 -23 
37 28 6 -26 -16 -14 -28 -37 -23 19 -15 8 -37 -14 13 -5 
-37 15 9 39 -13 4 2 -2 -25 -21 5 6 63 18 27 -47 
26 -25 34 7 16 30 4 10 7 -10 -29 -35 15 -35 41 0 
-1 -35 11 -9 -38 32 15 12 -8 24 -28 -21 -27 10 31 4 
5 19 0 34 9 -38 -28 -25 2 -3 -2 -11 -26 -1 9 -22 
-15 52 15 -26 -26 11 20 -12 -21 11 5 18 13 -29 -55 19 
-1 -5 18 -27 22 -19 -1 3 -16 25 -4 8 13 0 20 7 
-12 -16 -7 1 4 18 -17 41 -15 3 30 22 -38 -4 -29 19 
22 25 -5 -16 6 -30 -6 -36 37 12 14 21 -24 3 -7 6 
-33 36 -26 -2 36 -46 10 31 10 5 4 0 24 7 11 14 
-17 -3 13 0 -20 -20 3 13 26 -4 4 -3 20 14 -15 12 
3 -24 -12 0 -2 -2 -8 12 -25 17 17 2 -1 -7 1 4 
15 -3 2 -33 -10 -2 -7 -11 -13 -25 -11 -2 -26 -25 5 -1 
-11 -6 -4 32 -6 -3 -22 -22 -39 3 -36 -16 25 -7 2 -13 
-5 -9 9 -10 2 12 -3 -15 7 4 -6 -14 7 16 -7 6 
11 -11 11 6 -20 3 11 3 1 -34 -7 10 -38 13 4 -8 
-13 14 -39 22 31 -4 -25 20 2 11 21 6 -16 -2 15 44 
34 13 -1 -18 17 -8 -4 -55 -21 -1 -7 23 -22 -27 27 15 
22 -2 -23 -31 19 32 -14 -22 0 29 33 2 10 -83 -9 -21 
47 26 -44 10 -20 -30 39 -9 35 -15 -6 1 -57 -41 -16 3 
-14 -24 -4 24 15 20 14 16 8 7 54 -30 -3 29 -7 -30 
-16 57 16 -14 -18 -6 36 11 35 -16 44 49 -8 -28 -39 -12 
1 -3 1 0 -4 0 1 -1 2 -1 -4 -1 -1 1 0 3 
-3 1 0 4 -3 3 4 0 0 3 3 -3 0 -1 -1 0 
-1 -1 1 0 2 -1 1 5 -1 0 2 0 3 5 -1 1 
-4 -1 3 -2 0 7 -3 2 -1 -1 1 2 -2 -1 -1 1 
0 0 -1 -1 -1 -2 2 -1 -3 -1 -2 0 1 -1 -1 -3 
-7 1 1 3 -1 -3 -1 2 5 2 0 -3 -1 1 2 0 
5 -48 -49 -19 -43 27 -1 20 19 -17 9 1 52 13 -1 6 
48 -49 -38 35 30 -25 -32 45 34 -4 6 2 -16 -21 14 -8 
15 46 -41 23 -21 17 15 5 15 -39 -82 4 -26 -9 18 -14 
-4 -39 -2 -23 17 -16 48 -25 -9 -7 -44 6 0 4 -28 20 
-52 -21 7 16 -8 11 -30 9 -19 -35 27 36 -16 51 -8 7 
-37 -31 -23 3 -18 32 -53 16 53 -43 -11 7 -28 -7 27 17 
-56 -5 1 -42 15 23 -6 7 -70 24 -33 22 -26 -50 -42 -5 
-16 -38 19 -38 14 -1 -12 -11 19 14 -33 -37 25 48 20 -37 
-39 6 18 4 -7 38 -18 41 55 -21 -20 -16 52 58 15 -2 
-8 -9 0 30 -10 32 -6 2 24 -5 21 -6 24 28 46 -11 
-19 11 20 -52 38 35 -13 10 -11 9 -35 2 7 16 50 -45 
27 3 9 21 -45 -9 -3 -25 -4 -27 4 -26 -21 15 -26 -15 
9 -6 -14 -35 -14 -1 12 -14 -14 12 -15 -4 4 -11 -26 12 
4 -5 9 28 0 10 13 -24 -1 4 4 24 -6 4 15 -1 
11 17 -12 -22 0 9 6 -14 -19 -23 6 0 -16 -11 0 16 
1 14 8 32 12 -10 7 -5 -3 -3 -13 -13 24 5 9 -10 
5 5 0 -11 0 9 -23 1 -16 1 7 0 6 -9 7 4 
35 -10 14 12 -33 11 10 7 17 -24 -11 3 -13 7 -17 -14 
2 -9 12 -9 11 -18 10 -17 9 6 -22 -12 12 -5 -6 -14 
11 -12 -4 -11 -14 3 0 14 -10 14 0 -8 8 4 -18 -3 
10 8 -10 -10 -2 -14 -4 12 -17 -8 -1 15 3 25 8 3 
-30 15 2 -6 -14 8 -22 18 7 -1 15 1 1 -13 4 5 
11 -9 11 -39 2 -17 25 9 4 16 -11 12 -1 -8 -10 5 
-11 -14 -10 -1 12 -10 -29 8 8 -7 3 6 -4 6 8 -5 
8 13 6 4 4 -6 9 1 -2 -3 14 -4 -8 -11 4 -5 
5 -14 -1 0 8 18 -5 2 12 3 -4 -4 14 2 20 1 
3 -15 -5 -6 -9 17 19 -3 8 0 7 5 4 -2 4 -7 
23 -14 -4 4 -9 -2 10 12 11 -19 -4 5 -6 -15 -6 5 
-9 -7 13 14 -17 21 -2 2 -7 12 -10 7 2 22 9 -10 
10 -1 -5 -6 9 3 -16 -4 0 -17 -5 10 1 -19 -2 1 
-2 -2 5 1 3 4 7 1 1 -1 3 4 1 7 0 -4 
2 7 1 -1 1 1 -4 -2 8 -4 -3 -2 -1 -1 2 0 
-1 6 -3 2 -4 -5 4 -2 0 2 1 0 -2 1 5 1 
0 2 0 -2 -1 -4 2 -3 -3 2 -2 0 0 -2 -2 -2 
-3 -1 -1 -1 0 -3 1 0 -2 0 0 -1 -1 4 0 7 
2 0 2 -1 2 3 2 2 2 4 1 0 2 -5 0 3 
59 -10 33 10 1 -11 -22 -31 -21 -3 -18 12 30 19 29 9 
28 -3 -14 2 3 -74 -14 26 -12 -19 -22 -17 -7 18 -8 -9 
-21 -2 -10 -17 -17 -29 -46 20 9 -5 12 -18 -24 23 -11 18 
-12 5 -18 1 -7 16 12 12 -14 26 14 6 -15 -13 -37 37 
13 13 -46 28 0 22 13 -27 -38 18 -5 -23 4 -41 -2 -49 
7 12 3 -33 9 4 45 11 6 -4 12 -4 -10 20 30 2 
34 14 4 -27 11 -25 -19 0 34 -52 -32 25 -17 -31 19 -10 
33 -23 12 -28 17 18 -53 -17 -44 70 -18 -28 5 11 23 -7 
55 -30 -32 20 -50 18 -63 -2 -3 -18 7 -20 0 -32 -21 -39 
-30 -6 -43 10 -66 25 -35 -12 6 -24 24 -5 61 18 -22 15 
-21 -54 18 23 -20 42 12 -41 39 19 -33 -25 -7 22 44 -38 
-10 -10 38 -6 27 28 33 12 29 -17 -53 -9 -12 -30 -4 -65 
16 -42 -54 -16 10 28 -17 -48 39 19 15 17 -61 -6 -32 -10 
27 37 42 -47 -10 11 13 -58 -10 1 29 41 -4 5 -19 -63 
35 -12 -9 45 25 -6 33 -26 12 4 -3 52 -17 35 5 -27 
11 25 -9 16 -17 -15 63 -25 -17 -42 31 -4 17 24 -11 -35 
-1 -44 -6 -4 -15 19 3 0 37 17 -7 -11 -13 23 11 -27 
25 41 6 4 26 -22 16 7 22 -10 -16 32 14 -14 4 18 
-21 -33 -30 -14 -1 5 42 -19 5 -14 26 0 -2 2 -9 -8 
26 16 -9 17 18 55 -33 18 -6 1 -19 4 -26 9 5 15 
-11 -11 1 20 -3 30 0 -19 20 -13 -7 -8 -24 -40 34 16 
29 -11 28 -29 -8 -24 40 -10 25 -5 -25 -4 -4 0 -31 23 
6 29 -6 26 1 -12 -6 9 -4 4 10 3 10 29 -2 26 
24 -37 12 2 2 0 1 0 -9 -34 -15 36 -19 -28 -39 -26 
5 -11 16 12 3 16 7 -34 -3 20 0 -13 2 -14 4 0 
0 22 -13 13 -14 -21 8 16 1 -6 14 39 29 3 -2 12 
-3 1 -15 11 -4 -16 2 1 -9 20 4 -13 14 1 12 -1 
12 29 -24 -15 30 -5 12 22 2 -4 -12 28 -18 -20 4 12 
7 16 3 -28 8 6 5 3 9 -1 20 6 12 -10 17 42 
31 3 29 2 30 -14 8 22 -3 -26 10 -6 23 11 -17 14 
11 -7 -2 -6 12 8 25 1 30 -7 -7 -28 -8 28 -12 -3 
17 -9 -11 1 4 2 -8 -15 -8 -20 16 9 -19 7 3 13 
23 15 -13 -8 13 -11 -6 -41 -10 -7 7 -4 -30 -14 -4 -2 
-6 16 13 8 -33 -6 -2 2 -18 -1 -16 -20 32 -1 2 3 
20 0 28 -1 14 2 -7 25 26 -12 0 -13 2 6 -13 0 
2 -23 28 -3 -8 11 33 8 20 -1 -3 6 -13 1 21 -2 
0 6 -2 0 5 -3 -8 5 -3 3 1 7 5 -5 2 -3 
-1 6 4 -4 -2 -7 0 -6 3 1 6 0 -3 -3 2 1 
-3 -7 6 -5 4 1 -8 -2 -2 -6 2 -1 2 -6 -4 4 
2 0 -1 -4 3 4 -7 0 -4 -1 4 3 0 2 2 -6 
2 3 -6 0 -2 -5 2 2 3 4 1 -7 4 -7 -6 -2 
1 2 -8 1 -7 -5 -2 -8 -2 0 3 -3 1 -5 0 -6 
3 -10 -3 -8 44 2 9 -2 -30 9 -12 3 -12 -1 -9 28 
-4 39 29 -40 -13 -24 -32 -10 23 12 -17 10 9 23 -15 -5 
20 36 30 8 -6 33 -40 -55 -8 25 39 2 -16 -14 16 6 
11 8 -15 -22 -45 -16 22 -9 -5 11 -8 -3 31 19 7 10 
-15 -19 9 31 -2 5 -13 7 33 5 20 -12 -3 -5 -4 -4 
-30 -40 2 -31 -33 41 22 24 -19 11 11 9 62 -39 24 1 
3 -4 5 16 10 -11 -1 12 0 -2 13 -10 3 0 16 4 
-2 3 2 7 -2 3 2 -3 5 4 -8 8 4 6 7 4 
1 -6 -7 14 -12 4 3 1 6 1 -2 -12 0 9 0 -7 
3 9 -4 8 -5 2 -17 -3 10 8 0 13 -6 10 -1 -11 
6 14 -2 18 5 -5 -1 -14 -23 2 -1 11 -10 10 -6 -6 
3 0 10 0 10 1 1 4 3 5 4 -3 0 1 2 12 
0 0 0 0 0 0 0 0 0 0 0 0 0 0 0 0 
0 0 0 0 0 0 0 0 0 0 0 0 0 0 0 0 
0 0 0 0 0 0 0 0 0 0 0 0 0 0 0 0 
0 0 0 0 0 0 0 0 0 0 0 0 0 0 0 0 
0 0 0 0 0 0 0 0 0 0 0 0 0 0 0 0 
0 0 0 0 0 0 0 0 0 0 0 0 0 0 0 0 
-2 2 1 0 1 -2 -5 0 3 2 -5 2 -1 -4 -1 -3 
-4 0 3 -3 -1 -3 2 -1 0 1 2 0 -1 -1 -2 2 
0 0 1 -4 4 -4 -3 0 -1 -1 1 3 1 1 0 -1 
-1 -1 -2 -3 1 1 -1 -2 0 1 -1 0 -3 1 3 0 
3 1 -2 -1 -1 -3 0 -1 2 0 1 -4 -1 -3 -1 -1 
-1 3 -5 1 0 -3 -2 -1 -2 0 2 -3 4 -1 1 -2 
19 8 14 45 37 6 0 30 9 22 33 28 -18 6 33 11 
-14 6 20 16 -5 -31 30 -16 31 -18 -9 14 -12 3 16 -11 
-21 -31 -30 28 22 29 18 -3 -2 -3 22 12 31 -10 19 -23 
30 18 -17 17 -30 -17 -2 19 14 -9 -19 5 -12 -5 -5 -54 
-20 33 19 19 -7 -16 4 7 19 30 12 -30 -19 2 -16 -7 
-17 16 28 -28 -6 25 -26 -4 1 28 24 6 9 -11 -41 15 
51 -3 1 36 4 -28 -9 8 12 -12 15 18 19 5 -11 -18 
11 14 9 -3 -16 1 4 -3 1 21 -17 8 25 4 -6 8 
16 -6 -23 2 -11 -16 -17 16 16 15 1 13 -12 -17 -16 -40 
-1 8 -43 -6 -18 -38 -24 -14 0 -10 21 -6 -23 7 -1 -21 
5 -25 -12 41 -6 4 10 -4 8 2 12 -14 -6 -21 30 -5 
6 9 -3 -9 11 22 17 2 -10 0 10 11 11 -9 6 24 
0 0 0 0 0 0 0 0 0 0 0 0 0 0 0 0 
0 0 0 0 0 0 0 0 0 0 0 0 0 0 0 0 
0 0 0 0 0 0 0 0 0 0 0 0 0 0 0 0 
0 0 0 0 0 0 0 0 0 0 0 0 0 0 0 0 
0 0 0 0 0 0 0 0 0 0 0 0 0 0 0 0 
0 0 0 0 0 0 0 0 0 0 0 0 0 0 0 0 
-12 -8 -1 -9 4 26 -27 -1 4 13 -3 23 4 -9 -20 -22 
22 0 18 -3 8 -38 -10 -32 10 -11 6 9 -6 32 -23 3 
36 12 -22 6 -9 14 -6 -13 -25 3 -9 17 11 -21 -24 -39 
-17 -12 -42 6 -42 -38 0 -15 30 14 -20 -29 9 6 47 -35 
-11 -8 -15 -5 -19 11 29 39 -3 32 23 -26 2 -7 21 5 
2 10 35 3 -2 17 -7 -2 -17 0 26 -4 43 -17 -14 -19 
3 -7 -4 -11 5 -6 14 1 -3 6 -16 -10 1 -6 0 6 
-5 -1 -9 2 1 1 8 14 7 -2 0 6 -5 5 7 4 
3 9 10 -5 4 -1 -3 -10 -6 -4 5 5 5 -4 -6 -2 
-6 9 2 -4 -2 3 -1 -10 9 -6 -6 -3 16 -4 4 5 
5 -3 2 -1 11 8 -1 0 -2 -1 -6 -6 1 6 2 -3 
5 -1 12 11 -7 9 -9 -7 3 -11 -17 -4 0 6 5 -8 
5 -1 -5 -30 0 1 -3 -21 -9 -3 -18 8 2 21 -10 1 
-13 -5 -6 -3 -9 -9 -1 18 -12 2 9 3 -7 4 0 11 
8 5 1 -19 -3 -4 -1 16 -6 -10 -4 4 -10 -11 -6 13 
5 -15 21 -7 15 -9 22 -7 -35 1 0 8 10 2 -18 25 
10 -22 -7 -20 -15 1 -11 -7 16 -5 11 -11 13 -1 -12 -15 
-4 2 -18 5 -9 -5 10 1 5 -31 -1 5 -2 2 10 8 
7 -4 9 1 5 -10 -1 -28 -25 8 -12 3 -23 -13 24 2 
-24 10 -3 26 -2 21 -7 7 28 -4 -14 8 6 -13 -8 -32 
-24 -9 15 -26 -7 28 12 -1 -5 9 5 10 -24 -14 7 11 
31 -23 8 -1 26 -5 11 22 20 -13 -10 -9 15 10 -22 11 
10 -4 -10 -1 4 18 -18 23 6 0 -8 -4 0 2 -9 9 
4 -27 2 -15 -14 -4 -2 0 -8 -10 -2 2 10 6 9 -22 
-13 22 -17 20 -4 -6 6 7 13 1 17 6 -9 -19 8 -4 
21 1 -11 5 1 3 24 -31 12 -23 5 -5 -3 -16 2 2 
-18 -3 0 -6 -5 5 13 34 3 4 24 -2 10 26 3 -5 
9 4 15 23 9 7 -6 22 15 -20 20 -6 -8 -11 0 -19 
-26 10 22 -9 -20 3 -25 -2 -16 10 -4 3 -42 30 9 5 
2 23 10 -17 12 4 -2 -4 8 14 3 -3 0 -17 -18 3 
0 0 0 0 0 0 0 0 0 0 0 0 0 0 0 0 
0 0 0 0 0 0 0 0 0 0 0 0 0 0 0 0 
0 0 0 0 0 0 0 0 0 0 0 0 0 0 0 0 
0 0 0 0 0 0 0 0 0 0 0 0 0 0 0 0 
0 0 0 0 0 0 0 0 0 0 0 0 0 0 0 0 
0 0 0 0 0 0 0 0 0 0 0 0 0 0 0 0 
-37 -17 -29 -23 -19 31 23 -3 30 -1 -20 -19 -19 67 -17 27 
10 -15 -12 13 12 2 26 5 -41 -33 -9 20 -30 -22 6 21 
-6 -7 25 3 22 -6 11 -39 -31 7 9 7 -33 9 12 38 
28 -16 20 -2 25 -10 51 -20 -40 -14 -17 -9 14 -13 -17 21 
8 25 9 -19 -7 -21 -5 -59 11 -30 -19 -35 -8 -17 -33 18 
24 16 -7 -3 28 -14 -5 22 0 -9 -14 -3 -41 18 -15 0 
26 -1 0 -8 1 10 17 4 -27 -25 1 -5 9 -17 26 20 
-18 4 -1 12 2 10 -35 11 15 -4 -21 -19 5 2 18 -15 
-16 -7 -3 7 -5 -3 -10 13 5 -13 12 -13 1 -1 31 12 
-9 12 3 2 18 8 16 -1 -11 4 0 14 -3 -10 -29 16 
4 12 6 22 6 8 -4 -20 2 -10 5 -5 3 14 -3 8 
-7 -25 18 -6 -18 11 39 22 2 -10 12 9 4 17 1 4 
-19 -9 1 -7 24 17 6 7 -2 -13 15 -3 -9 -30 -13 -4 
-5 3 17 17 14 -2 -21 -18 9 -4 -4 2 -2 2 -13 9 
-6 -11 21 9 -5 9 -13 -39 -2 -1 14 -15 -7 -26 9 8 
4 -1 -1 14 9 -5 1 1 9 -15 -16 0 -2 5 -2 3 
-3 -8 19 22 3 3 -4 8 -12 -23 24 -4 8 -3 -5 -13 
-1 -16 9 -6 -27 8 20 7 -16 9 -2 8 -9 -11 -16 4 
-2 1 2 -3 3 -3 -14 0 4 -2 -1 3 1 0 3 1 
-2 5 5 -1 2 0 7 -4 4 -1 3 7 -8 -1 -11 0 
-4 -9 7 -9 3 -1 -1 -5 0 -3 -1 -1 -2 -6 -6 5 
-2 -1 -1 2 8 2 0 4 -5 5 -6 -1 -4 1 -1 -2 
2 -2 -9 1 2 -6 -2 6 1 -5 5 -7 1 -1 -9 2 
0 9 0 -6 -1 -4 0 -2 -3 2 7 1 0 0 2 -1 
15 22 21 52 -9 -3 1 20 24 26 32 19 -18 27 3 -6 
42 43 -10 4 -9 17 14 -18 27 -35 20 17 5 -9 -28 7 
9 -40 31 -5 -23 -25 -7 7 7 5 -18 5 -41 3 17 1 
5 -57 8 4 41 -31 -9 12 -13 -11 13 32 -49 5 -12 9 
-21 -6 -4 35 -27 21 -16 -48 -40 -3 9 3 26 17 33 -5 
-10 42 -6 11 9 -10 21 -17 -38 5 11 -48 -15 1 20 -8 
15 10 -8 6 9 22 7 -20 -13 -23 -9 19 3 22 12 -16 
12 -4 1 15 4 4 1 6 -2 -16 -9 -11 -11 -7 -8 6 
-26 -17 3 -15 8 4 6 -5 1 -6 2 -1 -8 -10 8 25 
24 -12 6 7 23 -28 31 5 -16 -2 -21 -7 -10 -9 -13 -4 
-6 15 1 23 15 -19 4 -2 1 -26 12 -20 -12 -1 -13 -1 
-1 6 1 -20 14 -8 15 10 -3 -13 7 4 11 -7 -13 8 
12 -18 0 3 26 6 -36 22 -21 -15 -14 -8 0 -12 9 52 
-20 -38 -14 54 7 29 23 20 -1 8 -1 23 -11 28 -17 -31 
-19 -21 -9 -10 19 33 -14 -22 14 -16 4 -25 3 13 -24 -38 
-11 -4 5 41 -24 6 -31 -4 17 -27 16 -12 -2 13 -5 -29 
11 18 18 13 28 33 -9 10 6 -18 -53 22 -2 -1 -8 -12 
-11 -22 13 -31 -7 4 -11 6 2 -3 -6 -6 22 34 29 -9 
-10 -13 -2 -22 -34 8 0 -36 4 29 -23 -21 -9 14 -30 16 
-34 -18 -28 45 24 -12 -1 9 -12 -31 1 44 -1 14 -7 -5 
-19 16 -4 -37 -11 -30 -11 -34 -17 8 15 14 -48 -20 4 -19 
-10 -7 4 -6 7 -9 16 4 -20 12 -2 -14 2 -24 -12 1 
17 -9 24 -21 15 20 6 -15 4 12 6 -12 44 -14 17 36 
9 6 -1 -4 -29 3 14 7 -17 1 10 -21 -20 28 3 -20 
-6 18 -11 18 -3 -63 56 -7 -20 -6 -59 20 -1 -18 14 -1 
-17 38 -21 -33 -27 -4 -40 -17 16 -16 -10 -23 12 22 26 5 
-17 -12 -13 -46 -18 -24 12 -37 9 0 23 35 36 13 6 -9 
2 29 -6 -4 3 28 -4 4 23 -24 2 -36 36 -15 12 47 
-23 -3 25 -35 5 1 5 21 -17 28 -21 1 30 8 46 6 
-2 8 25 -2 4 33 -13 -16 -26 1 -40 6 20 -36 4 12 
-3 -5 2 -2 -3 -4 -10 1 -5 -3 -1 2 4 7 -5 8 
4 2 -2 -6 5 -4 -1 12 -2 -9 3 8 2 6 -9 1 
-4 4 11 -6 -10 -2 -10 6 -1 3 -5 -5 -7 -15 2 -1 
-10 -4 -4 7 -4 0 -4 3 0 3 4 -6 5 -6 -3 10 
4 -9 0 -9 -1 4 -5 -7 1 8 5 2 -6 -6 -3 2 
-3 -2 0 -3 1 6 11 -3 -1 -2 13 3 -1 1 8 2 
-46 -1 24 -2 -10 38 -4 29 2 17 7 20 -19 3 -21 10 
7 -20 19 -7 28 0 21 4 -16 27 -14 0 -12 6 -7 7 
4 6 -3 41 4 -13 -4 42 13 -51 6 10 -18 -28 12 -18 
-17 -29 -2 -32 -27 13 -10 -6 -20 7 -22 13 1 -16 5 0 
-32 -6 12 39 -46 -3 -8 -48 -24 -30 50 5 -6 -7 15 -39 
-24 3 25 -3 -1 1 -34 13 -6 -12 -11 -12 -28 27 -23 -17 
0 1 0 0 0 -1 0 0 0 0 0 1 0 0 0 0 
-1 0 0 0 -1 -1 0 0 -1 0 0 0 -1 -1 0 0 
0 0 1 0 1 0 -1 0 -1 0 0 0 0 0 -1 0 
0 0 0 -1 1 1 -1 0 -1 0 1 1 0 0 0 1 
1 -1 -1 0 0 0 1 -1 1 0 0 -1 1 -1 0 0 
0 0 -1 1 0 0 -1 0 -1 0 -1 0 0 -1 1 -1 
-23 25 -3 -11 -13 9 -13 -4 16 -7 6 -4 -34 0 -9 -20 
3 8 31 12 -11 4 29 -24 -1 6 -17 2 -3 -44 -9 -15 
-13 5 2 18 10 16 27 -1 0 10 17 39 -20 1 5 -11 
17 -19 -4 14 35 -25 31 14 6 3 -26 -3 -17 14 -21 -19 
-15 17 3 1 -19 -7 -4 8 2 2 14 -19 -42 10 -6 6 
30 19 -16 17 -7 -18 -20 -15 -11 32 -1 -13 -6 17 0 -15 
4 0 4 3 4 -1 0 0 0 0 5 -3 4 -1 -2 3 
0 2 1 -1 -1 0 -3 1 3 2 1 -3 5 5 2 4 
3 1 0 4 -8 -1 -3 5 1 2 -2 -2 1 -1 3 -5 
0 2 1 4 -5 -1 -5 -1 4 3 5 2 0 -2 4 -1 
-1 -1 2 4 0 2 2 -2 -4 0 1 2 0 -2 1 -2 
1 -5 0 0 1 4 0 4 1 2 -3 1 2 -2 1 5 
