-229 106 -97 50 -32 -69 76 -213 -10 234 84 -527 -188 -58 -66 -171 
-48 -58 -96 46 -50 29 23 -73 37 -54 20 11 -24 -27 10 48 
75 -3 -34 -107 -10 43 122 3 84 96 -92 4 -79 -148 -95 -100 
-67 65 -33 31 -39 -25 -78 28 -105 -4 29 46 30 72 -4 -94 
85 163 10 -3 160 22 122 15 -42 101 83 -51 -101 190 -18 -109 
130 -112 -105 -88 -53 -20 4 130 -166 26 11 -63 -182 -89 -98 -91 
-96 -1 -29 -49 -82 69 -114 35 -3 39 34 -20 57 29 113 -87 
61 -69 -77 -100 11 -74 -5 -62 0 0 0 0 0 0 0 0 
103 -11 70 -12 -33 -146 1 -31 -17 70 32 65 16 -41 -76 -78 
54 -29 46 41 -75 0 80 14 0 0 0 0 0 0 0 0 
-79 -50 78 45 56 -69 -38 69 36 8 33 12 -6 38 -36 45 
-71 -18 -51 14 15 52 -15 37 0 0 0 0 0 0 0 0 
12 -38 -77 -12 29 30 -8 21 57 -20 59 -5 -40 78 -34 -25 
111 -89 -27 72 8 1 -68 -7 0 0 0 0 0 0 0 0 
-28 41 13 50 45 -8 41 35 -46 -65 -32 -58 -30 29 -39 56 
-39 24 45 28 -34 -33 -22 -54 0 0 0 0 0 0 0 0 
10 7 11 -6 -76 -64 49 73 1 52 45 -73 -98 44 -21 14 
33 25 -79 9 -77 7 -9 30 0 0 0 0 0 0 0 0 
1 84 71 24 -88 62 57 14 7 -33 -26 -15 -74 35 91 38 
49 -82 -26 19 -137 69 -39 3 0 0 0 0 0 0 0 0 
-11 2 72 -121 27 20 -41 36 -51 -44 -3 -71 39 -5 -37 -53 
-44 15 -8 -40 -46 -1 80 91 0 0 0 0 0 0 0 0 
-40 13 46 -45 -2 -19 -23 31 31 18 14 7 9 -46 17 37 
9 89 72 24 30 12 8 -89 0 0 0 0 0 0 0 0 
-124 114 41 -20 -72 -58 -22 -36 0 100 -79 163 -51 147 -213 34 
51 79 22 20 91 52 18 45 0 0 0 0 0 0 0 0 
-58 39 39 40 12 -20 -2 11 -59 57 -23 35 -42 -3 17 17 
-31 99 2 -38 38 65 95 -8 0 0 0 0 0 0 0 0 
-105 1 6 46 18 62 -24 23 128 3 75 -74 62 22 33 -56 
59 74 28 -13 -13 -99 -27 -5 0 0 0 0 0 0 0 0 
35 -67 -68 -34 -77 -25 -38 39 -55 -22 23 82 76 -38 31 -6 
71 -26 69 -54 60 -27 -21 39 2 91 98 107 59 -29 49 -36 
-107 -72 5 6 -11 -3 -42 -146 0 0 0 0 0 0 0 0 
-88 83 11 16 20 69 -20 -85 52 -72 6 -23 40 -41 26 -57 
-70 -6 139 -91 -60 -70 59 31 -58 -104 -5 113 -29 47 93 -54 
-116 -35 -109 -63 -19 72 7 30 0 0 0 0 0 0 0 0 
-39 -16 -13 103 -33 -20 57 12 29 -32 28 94 -34 -7 -28 -29 
20 -48 -58 33 -13 17 -44 -28 21 17 88 75 27 46 -7 -54 
25 -45 -31 56 77 -74 -27 -70 0 0 0 0 0 0 0 0 
-4 -5 41 63 90 19 69 19 56 72 8 123 -94 18 -118 -43 
-18 45 -8 13 48 -24 -102 -26 -1 16 -1 59 16 21 -40 62 
2 -28 28 59 -4 -46 -33 22 0 0 0 0 0 0 0 0 
-40 46 69 -68 12 1 -48 64 86 28 -3 -2 -75 32 -113 10 
-116 -7 93 -124 -54 -93 45 -11 3 -4 3 -62 68 76 111 -70 
-91 51 106 51 81 97 -6 46 0 0 0 0 0 0 0 0 
-81 -86 32 -27 -25 -46 70 9 -32 29 -6 49 -87 56 3 44 
11 -23 -58 -31 -29 -14 -51 31 -6 38 92 109 40 -42 77 17 
-63 -28 -34 -26 -40 42 40 -48 0 0 0 0 0 0 0 0 
9 -3 20 -25 -59 28 -2 21 -42 8 -59 -5 32 -28 89 10 
-52 6 36 -25 -10 13 5 13 -38 14 6 3 24 -8 10 8 
-5 44 -13 -22 -79 -34 -4 -33 0 0 0 0 0 0 0 0 
-3 -8 -4 80 -12 43 -28 62 48 43 78 4 -18 -72 21 40 
30 -4 8 1 -79 -7 23 -3 15 48 -32 23 -94 36 -34 -33 
44 -66 68 20 -19 75 69 -33 0 0 0 0 0 0 0 0 
-104 46 -61 -23 81 65 -66 -18 22 -51 25 -9 50 -95 -18 -34 
-120 -102 83 -59 -87 4 93 32 47 31 60 -14 33 -19 2 -10 
-36 -47 35 -119 42 43 -11 -31 0 0 0 0 0 0 0 0 
1 -157 -65 -22 41 -17 -73 23 -24 71 74 34 -88 -36 74 17 
12 -61 0 100 64 -6 112 -34 7 55 55 -19 -60 -87 -86 3 
53 -62 -45 48 58 28 67 28 0 0 0 0 0 0 0 0 
-38 -103 -10 20 99 -25 2 41 -39 -17 -24 61 3 -39 -55 23 
-57 -76 21 36 43 102 102 30 -16 -31 50 -74 73 64 80 -43 
59 9 -28 96 -95 -33 -14 -27 0 0 0 0 0 0 0 0 
30 -26 111 1 -144 87 22 189 -5 124 -35 -72 -80 45 78 102 
-114 47 15 85 -16 -66 58 21 43 -54 -103 58 -51 -13 47 -41 
31 6 31 19 49 90 76 93 0 0 0 0 0 0 0 0 
-14 -84 -45 29 130 -81 12 -38 26 75 35 202 1 -56 -40 34 
53 -51 -57 50 68 72 -30 -42 19 -11 16 -18 19 -22 36 124 
-3 -94 -32 -24 23 -80 -69 -2 0 0 0 0 0 0 0 0 
0 -22 -24 -13 16 82 31 88 52 42 -35 51 -44 80 -48 -46 
7 -33 -48 -9 -20 -15 18 -14 -7 -8 9 -60 -53 37 -5 34 
5 -32 26 63 38 -28 64 26 0 0 0 0 0 0 0 0 
-64 -2 -8 -72 34 85 18 -40 43 -112 16 -4 5 -35 -22 13 
-104 43 -1 -74 45 -51 9 108 7 -75 -23 35 91 -23 -2 -38 
-53 27 16 -71 7 48 46 -53 0 0 0 0 0 0 0 0 
-19 42 -34 -57 -14 27 67 -66 -30 -35 -84 -19 32 40 33 -42 
10 -38 30 -48 -94 -18 -47 4 -4 -55 -46 1 41 66 16 -40 
-30 8 -51 -7 61 -61 -30 -3 0 0 0 0 0 0 0 0 
18 -71 98 -32 39 20 9 -11 -63 19 5 3 -75 39 -60 7 
37 17 80 30 -76 13 3 -24 -3 -29 33 -44 -35 -4 7 61 
25 -60 23 12 -9 75 15 37 0 0 0 0 0 0 0 0 
25 26 -32 -30 -10 18 21 79 -12 48 16 -14 41 -51 -38 -8 
59 -40 27 -45 -24 -32 15 -44 31 -35 46 -37 17 -7 -66 29 
48 -37 24 -40 49 77 -35 -40 0 0 0 0 0 0 0 0 
79 -38 48 25 48 20 -12 -56 32 -4 -54 27 56 8 2 -86 
3 -62 -28 -33 -37 0 7 -12 39 68 30 7 -25 81 34 18 
22 29 -41 -40 -1 25 4 35 0 0 0 0 0 0 0 0 
33 35 39 -51 22 17 -53 -14 27 66 -22 -8 31 -29 -8 54 
-33 -26 37 -28 47 0 15 89 -18 -69 -63 -2 18 -66 15 -35 
42 14 55 66 0 74 41 72 0 0 0 0 0 0 0 0 
56 85 -27 -19 -77 -24 3 58 59 -95 -13 -18 23 39 -83 -31 
10 24 101 9 -39 -47 -130 -9 -43 -20 16 40 64 -29 -93 46 
-93 23 16 -94 -8 70 79 61 0 0 0 0 0 0 0 0 
14 -56 3 -97 54 -1 17 -77 -12 25 -29 -50 22 25 36 -24 
-4 -31 28 -6 -5 17 -19 38 -20 2 15 0 92 -40 -27 -61 
-27 46 -59 -4 -65 -3 9 9 0 0 0 0 0 0 0 0 
11 51 0 18 63 22 -31 68 48 26 -28 -17 33 -40 42 48 
-38 -69 -2 -48 -17 5 21 66 34 -54 53 32 99 -69 18 6 
-52 35 -26 -27 -4 16 -59 6 0 0 0 0 0 0 0 0 
-2 -23 13 41 2 50 28 5 4 11 41 -76 -4 80 -7 -9 
-6 -36 -48 16 -32 -3 44 -11 -93 54 33 0 -10 36 -41 2 
52 23 -32 79 22 -16 20 29 0 0 0 0 0 0 0 0 
-55 27 -39 2 -32 -2 31 4 -48 23 29 47 31 -22 -10 -51 
5 32 7 51 -8 11 -4 3 13 1 -26 -1 -47 5 -8 62 
-45 -18 71 29 40 -36 55 -2 0 0 0 0 0 0 0 0 
10 65 -41 77 30 45 2 -53 41 -103 9 -46 38 13 -77 -17 
-18 -14 -32 2 4 -61 23 -47 -33 38 18 9 -8 -35 -25 52 
-23 63 -21 95 -1 42 48 -44 0 0 0 0 0 0 0 0 
42 36 79 34 59 50 43 57 24 -36 41 24 -20 -18 -32 -74 
-137 58 -101 93 -9 2 4 -86 0 -63 -20 -102 -32 50 8 -38 
57 33 -56 9 49 -15 -47 -27 0 0 0 0 0 0 0 0 
-92 42 -74 -38 50 58 -5 50 -9 -13 29 -4 -5 -22 25 24 
8 75 -54 47 92 -49 -65 0 -23 18 -19 7 -12 106 35 71 
-25 63 37 -9 71 5 30 -43 0 0 0 0 0 0 0 0 
-49 -23 -34 44 -44 58 -79 -31 -62 23 104 33 -72 -26 -9 27 
-10 33 -13 39 47 76 33 31 6 -55 -42 -51 40 -88 41 16 
-35 -25 69 47 -47 0 -1 -13 0 0 0 0 0 0 0 0 
7 -4 -2 63 14 77 81 43 -49 37 51 -96 -77 -11 -23 -22 
58 76 9 59 -15 23 14 -4 43 51 -2 -10 -40 38 -70 45 
-54 -34 84 43 1 91 -7 -18 0 0 0 0 0 0 0 0 
-24 -21 42 37 -10 36 20 -17 -5 18 -31 47 -8 -4 -27 24 
20 -1 0 6 -65 -29 17 -34 -26 -32 29 -53 -45 -39 -9 -16 
51 -26 -38 7 16 -37 51 62 0 0 0 0 0 0 0 0 
32 5 20 -17 -25 23 6 -39 -55 -13 -2 -17 0 42 -13 -26 
-46 21 2 26 -61 21 -20 10 11 -27 21 13 31 15 19 -33 
-34 13 -44 0 -38 -2 -32 7 0 0 0 0 0 0 0 0 
-26 4 -1 -92 41 40 -59 -8 -6 -31 -10 -9 -33 51 30 15 
16 47 -68 36 77 15 -1 -40 2 7 57 -47 -17 -30 9 32 
-48 -39 -66 70 -2 -28 -12 33 0 0 0 0 0 0 0 0 
58 -10 -59 -25 63 23 -26 -31 24 -19 -23 2 22 21 37 45 
-6 5 39 19 -32 52 -45 25 -3 -10 -16 -3 45 -61 -17 -23 
-13 23 -37 3 -11 -5 -10 14 0 0 0 0 0 0 0 0 
35 -71 -19 -10 59 43 18 -38 -8 54 39 -2 29 7 -62 1 
-7 23 -30 -11 -2 -39 -50 -48 -29 13 18 -5 2 26 5 57 
-69 -34 1 -14 -42 -42 6 46 0 0 0 0 0 0 0 0 
-25 23 18 51 11 31 -7 8 0 -35 19 51 -11 20 -30 -6 
-67 18 -69 12 10 36 61 -50 -82 26 -4 -2 -5 25 21 -4 
40 -5 -47 -45 -36 -69 -10 5 0 0 0 0 0 0 0 0 
16 -46 6 52 30 -7 66 -29 -56 -59 31 -30 -37 -28 9 -18 
38 66 7 -42 22 17 12 22 -32 5 -30 22 6 20 40 -21 
5 1 -83 68 9 -28 43 -19 0 0 0 0 0 0 0 0 
-39 -36 2 -26 -22 1 -23 -4 -22 -11 -40 31 -51 10 -31 -71 
-34 -38 -41 29 21 23 34 5 -36 39 -61 -42 -22 14 -12 -2 
6 8 3 -8 61 -3 57 17 0 0 0 0 0 0 0 0 
63 17 -28 45 39 65 -41 58 37 -77 68 -141 2 -57 -86 28 
3 121 -20 21 -89 -32 14 -44 74 0 -105 17 28 96 -31 46 
25 68 -46 130 95 27 -20 -48 100 -63 -10 15 105 12 45 34 
-102 7 -69 41 -47 -14 -31 -70 79 78 -10 29 -89 34 97 -5 
87 37 -27 23 -39 -34 -30 36 110 33 79 26 -43 -40 26 -36 
-26 5 36 -39 -61 -4 -23 -46 31 -20 -13 59 11 -84 -6 39 
20 -18 -111 -89 -13 36 41 109 -49 -23 1 15 18 62 -128 -67 
80 -10 -43 -50 -82 3 -9 37 85 -69 48 -70 -3 -61 39 -27 
-57 -47 -84 23 49 10 135 97 79 31 -43 -51 -5 -17 -61 -2 
-16 -73 -74 -12 -28 32 110 64 24 28 112 22 -29 88 -85 -9 
13 -37 -56 3 -62 4 -47 28 33 -1 66 -126 -74 18 -17 117 
-92 -20 -61 -11 31 9 -44 5 25 -15 46 -55 46 72 -30 -33 
-49 -13 -61 -51 66 -66 31 -39 -29 39 -55 -86 49 -46 55 47 
-67 14 -38 12 -50 -58 -2 9 8 -40 0 -4 -25 64 91 -33 
17 -45 42 6 -40 3 -33 -55 39 -36 -66 11 -11 -4 -17 -25 
-41 84 56 12 -29 27 -100 -61 49 -134 -6 10 7 -42 -18 12 
33 -8 -90 56 16 48 -46 -57 95 89 -56 -5 50 44 -7 -57 
1 55 -38 -12 -7 -49 29 29 99 22 -14 77 -67 -54 15 -17 
-29 87 -6 5 30 -26 -93 -54 28 -40 -84 4 -134 -41 59 58 
86 -19 24 -15 -127 28 29 -11 18 13 28 46 38 71 94 -21 
24 71 30 93 71 -32 -43 -24 -52 -18 44 -8 11 -32 32 89 
57 -64 -59 -10 5 -32 -3 -59 -52 -92 -111 -14 -19 -48 -49 71 
36 -68 140 61 -45 -80 0 10 -7 -62 -80 -2 -95 -26 84 47 
47 -2 -27 8 -18 50 43 29 69 2 -95 82 56 73 30 -33 
19 -24 -17 33 39 5 32 -76 28 -20 18 73 0 -18 66 40 
20 22 113 70 14 104 96 -20 -94 3 37 74 -17 -84 138 -15 
-69 -7 -50 -18 74 52 -18 5 44 90 -8 -52 38 -158 -22 -68 
-12 85 -75 -18 26 -7 -47 -52 9 -70 -6 -20 72 37 42 -63 
-40 -14 56 -37 -33 -94 34 -98 27 -31 -52 8 -83 2 97 1 
4 -51 -39 10 -63 -31 -76 30 21 100 14 -1 30 18 -12 33 
-59 0 41 -62 13 9 14 -16 -5 -21 24 39 -23 21 -22 -7 
-29 -15 -3 34 -1 44 -10 22 49 -6 1 -19 12 13 60 -14 
7 -63 27 27 -1 -13 5 42 -18 -8 -25 16 -2 39 -33 25 
-9 25 -37 7 -33 59 -106 -52 12 -3 21 41 52 22 -20 -51 
83 53 16 -19 -5 -77 -39 -28 -41 -19 -10 -32 -32 32 83 -93 
-19 52 -14 47 7 54 -27 21 78 70 -5 -51 -43 8 -44 -63 
10 58 -38 13 -126 35 42 17 -45 18 8 55 -39 64 16 -30 
-4 -4 -47 -16 -34 -17 -58 -40 6 -60 24 -13 -27 -22 0 -41 
27 -16 -22 64 15 22 -23 0 -19 2 65 -51 -18 -23 24 15 
39 35 -10 -5 13 -14 -2 -31 -49 -12 29 50 31 4 2 -2 
-69 -8 -45 1 34 12 -50 -75 -1 -54 13 49 27 -8 -5 -5 
-39 26 26 2 -28 -43 21 77 -28 30 -23 -40 39 27 -11 -28 
-8 7 39 -4 -66 -4 -27 35 -28 -59 -6 -31 35 -14 -20 -39 
14 8 -12 -33 31 78 -21 -24 4 -28 -54 -25 -36 -4 10 33 
-37 52 -21 -3 29 -22 37 -13 -67 5 9 45 -24 -72 105 29 
-6 -19 16 39 -1 -105 27 6 -14 -2 -89 3 7 1 17 -56 
-53 -7 91 -21 3 -30 12 -67 -37 -58 -7 51 -6 15 51 63 
35 4 79 1 63 -35 3 -19 -12 19 -48 3 31 -19 -65 4 
15 51 -56 -51 49 91 -24 50 9 33 -14 -34 -34 10 -46 0 
48 -44 -46 -59 16 39 19 -20 5 47 25 10 -64 -42 -63 9 
-34 22 -2 -9 -1 26 17 -26 -26 69 -33 -1 50 3 -14 24 
-33 -53 -46 -8 -8 32 62 -25 2 -12 -2 -22 33 -25 68 52 
1 -43 -45 -16 -30 -37 -26 -35 28 -9 6 27 -82 33 -63 15 
58 -37 -17 46 45 -51 -7 -106 49 3 -4 16 24 23 -43 37 
37 1 35 34 -31 -61 -44 -50 22 11 49 -10 29 -20 9 56 
-20 67 29 -44 16 -25 19 -38 -43 21 20 48 -19 77 11 -24 
53 50 -30 -18 -10 31 -63 21 42 -4 -13 44 37 -32 -40 23 
27 36 41 -6 48 60 -24 33 7 1 -52 -17 -28 -23 22 -33 
5 55 -62 18 3 70 -10 -31 -36 55 20 -62 35 -16 0 26 
52 54 -38 4 -41 41 37 -10 14 86 -57 70 -28 -32 53 57 
-49 -24 36 -30 44 17 46 -19 -48 12 -8 -7 -42 -37 0 -81 
-43 -3 56 -3 -11 -81 54 -17 -15 -4 -57 -10 -71 61 37 101 
46 -19 -43 29 -17 -77 35 28 -46 8 9 -61 -22 7 50 33 
46 -24 9 8 23 -22 -27 -7 -14 -15 44 50 -29 29 -16 9 
-26 13 -23 -13 39 18 26 -9 56 32 -37 18 40 -23 -2 -28 
23 8 -17 -8 20 47 22 1 22 23 24 -1 -39 32 -22 8 
53 -69 56 109 1 -4 -34 29 52 -18 0 18 -23 48 49 -20 
23 -34 -6 -23 99 -13 -6 -101 -13 -43 22 -5 -16 -40 27 3 
-54 142 -26 9 34 75 -23 -38 0 14 -99 2 7 11 -20 -3 
-71 -55 -32 -3 0 26 -82 -34 -51 -42 33 4 83 -57 -19 -31 
80 -9 -55 20 -53 12 -38 8 -50 48 24 -56 -5 5 -16 15 
-2 52 23 -5 9 65 -12 -6 -1 -7 -6 -49 0 9 57 63 
31 -56 -19 42 -7 -91 70 25 -14 38 13 -26 30 38 51 -25 
72 -19 -62 60 57 -12 -6 36 -31 39 -5 -20 -55 41 1 -49 
43 25 -2 -25 -1 -34 81 -5 -12 -22 -29 59 -63 -19 -29 12 
-4 -31 -20 2 -29 17 -5 11 -25 -45 -15 -5 -5 5 36 29 
-41 -69 -15 28 -21 27 -4 -31 -4 -34 -26 -27 2 -15 -9 12 
-19 4 -22 -15 -16 -39 48 67 -36 42 29 18 5 -14 33 22 
-39 17 -12 24 46 -5 -43 28 -15 -46 -51 2 0 54 67 -74 
-21 -4 22 -56 14 -13 -22 14 45 -27 1 39 -69 -25 -22 95 
-38 16 -44 30 59 -19 71 73 -24 -36 -19 -20 3 55 -13 -25 
31 23 22 21 -32 50 -37 -13 -30 7 -37 16 17 -16 6 8 
-66 19 -12 -21 0 16 29 25 -4 7 -9 -22 57 8 -24 -13 
3 -12 4 -39 -4 14 2 -19 19 -14 -17 20 7 -2 19 -12 
-15 3 -4 -28 1 -6 27 30 -9 21 8 -10 -4 35 2 -15 
7 -4 1 -8 40 2 -1 16 52 4 -16 -23 19 -7 4 16 
-31 26 14 -19 9 4 18 -7 6 13 -3 -28 -19 32 -26 -8 
-15 -3 -37 -28 -1 -3 12 3 3 20 -34 1 0 0 -16 11 
-32 6 22 15 -7 13 6 9 -63 17 35 -21 -5 16 -30 11 
4 19 -19 31 22 -23 -5 -2 7 -21 -6 13 14 4 5 -15 
7 33 17 -2 12 -1 -13 -16 -27 -6 -8 -7 22 -23 8 23 
-6 10 6 -3 1 -39 11 -2 -3 -42 -10 -1 5 -17 19 6 
-9 1 -20 53 36 -2 -47 23 17 -26 -46 28 -1 15 -3 -11 
-26 72 -6 16 -54 2 28 27 44 -22 72 -8 23 36 4 13 
9 -11 -46 -15 -4 -26 -19 -46 -56 -28 -24 -5 -25 -3 18 -17 
-32 -12 47 32 16 22 24 -17 18 -81 27 1 -36 -47 -3 48 
40 -9 15 6 3 11 -39 34 -34 -5 -32 -1 29 5 33 38 
16 39 11 51 -8 20 21 -38 0 -41 -11 -12 -39 10 -14 2 
-17 48 39 14 -9 4 32 -55 -15 -30 -1 -9 -10 -22 -7 -8 
-26 -36 -9 -59 39 -12 13 35 -25 -2 -10 -15 -18 -25 -67 5 
5 24 -5 22 26 -1 26 -9 49 -5 13 -15 -16 -5 70 18 
-8 -2 -19 17 -1 20 -16 -4 14 -14 -4 20 9 -31 -1 -27 
30 13 7 9 17 -4 33 -5 11 -16 8 -20 -4 -13 4 -30 
-27 12 -3 -26 6 32 -61 26 -29 19 -19 12 -18 35 9 -7 
54 -37 -37 -14 -41 -20 16 -14 50 -31 4 38 -9 -11 -28 -11 
13 -11 6 10 26 -29 11 3 -7 -19 14 -8 7 46 -12 25 
47 23 -36 1 -15 24 -4 -21 -21 -40 1 26 -25 -24 -37 -7 
-22 18 26 21 13 -5 0 6 0 -20 10 -20 -41 10 -15 -16 
23 11 -1 1 -6 -8 -28 18 -36 8 -13 -16 13 -26 -11 18 
-14 10 1 2 -15 29 -13 -59 -58 -11 -32 56 14 13 5 15 
6 -14 -11 28 12 -2 -27 -11 -19 22 -28 8 -4 5 70 -7 
4 3 5 8 9 4 -14 0 7 2 6 3 0 -2 6 10 
5 -1 0 2 3 -1 -4 9 -5 8 -6 3 5 0 -8 7 
12 -8 -2 -5 -5 -1 -1 3 -1 0 2 -7 -3 -8 -4 -12 
-7 0 0 -9 -2 -12 2 -2 -6 -1 -1 2 -10 -2 -1 2 
5 -2 -2 17 -5 7 4 -2 5 -3 3 -5 -1 -7 -7 2 
-4 7 1 -3 7 0 3 7 2 -6 16 8 -1 3 7 -1 
35 17 -51 -1 16 -65 12 -13 33 7 8 19 -34 -13 -22 -20 
37 -7 24 -33 3 -35 8 -67 5 -22 -8 1 0 -11 26 21 
41 10 -3 -7 -5 -3 31 -13 -26 2 7 30 10 42 17 -30 
48 35 -18 61 41 -17 -12 -16 -21 -47 -18 1 -23 7 20 -27 
-12 -12 34 20 -22 -14 -27 22 -27 -5 -4 -56 -12 41 30 1 
59 55 8 25 28 -6 10 -30 33 -22 -41 24 24 -54 -9 -37 
-11 34 20 7 -14 12 -13 28 5 -7 25 30 -4 7 -25 -5 
21 -31 12 -74 33 1 -11 -4 -25 3 -3 -27 5 -14 9 5 
22 -16 -19 -11 -6 -3 -12 30 -32 -19 14 -4 19 -20 4 -11 
-14 30 -7 -5 -28 -8 -12 14 -18 2 -30 12 -26 -46 3 4 
-14 -21 3 -29 6 -48 -1 -8 2 6 41 -4 -7 34 -55 9 
15 21 -11 27 21 -18 7 17 -8 -15 38 13 -28 21 -59 -24 
-30 2 17 26 -10 3 -56 25 24 -2 46 -16 -37 -37 -56 -44 
9 24 22 -13 21 -54 -2 12 18 -23 -12 15 -35 31 -39 -26 
46 8 -7 -22 -3 34 -20 -40 8 -18 -32 -1 -23 -18 8 -31 
6 16 -64 24 -19 -28 52 2 11 15 19 18 25 -4 11 -53 
-19 -1 10 35 26 49 -12 -22 19 36 17 -3 -41 1 6 -10 
-5 -6 19 5 20 22 11 28 2 40 71 -14 -5 -23 14 3 
-12 35 -55 66 -43 -55 7 6 -30 15 24 -22 -28 1 11 15 
-20 -50 -12 -67 1 29 3 -15 -18 -10 -28 -9 6 6 27 -31 
-34 -3 -6 -42 50 74 13 1 63 -9 -16 18 13 -6 -18 -9 
23 -20 -15 5 -1 -5 8 -11 -40 17 0 -48 0 37 10 -4 
-3 13 -6 26 46 44 -7 17 46 -11 -14 38 -41 25 2 -9 
-5 17 8 -24 -8 6 -25 -18 -24 -27 3 -25 6 8 -11 -10 
-34 3 18 -40 -5 -31 -24 10 4 23 -51 -4 -21 -45 -3 10 
-20 34 -6 -4 20 -21 27 0 45 -33 19 4 12 8 8 18 
40 29 -4 -43 0 -20 -25 8 -21 25 19 -17 25 48 -12 -18 
-35 22 7 -16 -24 41 -12 39 14 -17 33 -6 12 -2 29 -17 
20 5 -10 -63 -10 9 -8 25 7 19 -3 17 -11 -58 30 12 
16 20 -10 6 -34 13 -24 -12 -17 6 -33 -34 1 14 21 -17 
-30 18 -28 18 19 -43 -18 35 -12 -50 5 15 -20 9 11 24 
10 32 3 -18 17 21 11 -48 1 -38 -19 12 -31 -10 -7 -3 
-37 -2 36 40 12 23 -25 -19 -3 -38 18 5 0 -39 -34 -5 
9 22 8 39 -32 19 -28 -1 11 -29 -12 -10 -25 12 -19 -9 
-4 8 5 2 19 19 -9 -36 -43 -2 46 0 -39 16 5 -62 
-27 19 -7 9 -28 -33 34 -21 9 18 3 7 -17 -33 11 -14 
43 -25 -4 -17 36 -10 15 5 6 -19 47 -60 48 68 -25 73 
18 -8 -8 -4 -40 -11 26 1 -41 52 -15 -3 -6 13 22 -16 
0 18 -16 -21 -10 27 6 29 -25 -10 10 4 -21 -25 -46 14 
38 -3 -13 67 48 -4 31 -31 -24 -36 10 22 68 10 22 10 
-4 13 -29 -5 -2 31 -32 -15 -29 -6 -33 38 21 -2 -33 3 
34 -25 23 -40 -49 -24 27 -45 8 -56 5 -7 -30 -47 24 35 
-15 10 -4 21 -6 -33 -31 8 23 3 21 14 -24 5 6 -2 
9 10 3 -10 -14 9 -10 3 -27 -21 0 0 3 7 -11 17 
-16 -18 38 -1 15 -16 6 17 -4 -2 3 9 -16 4 -2 -16 
6 -9 10 1 -13 1 -8 9 -16 7 8 -13 6 -4 -1 10 
23 -16 22 0 -5 -13 12 -16 23 -8 -17 -28 0 7 -20 6 
4 18 -13 -4 38 -23 -13 -22 -41 1 -10 7 -8 -22 29 12 
12 49 -4 -36 11 19 -19 -60 -31 8 -44 31 -17 -36 23 -8 
-27 -9 19 -25 14 8 34 26 17 -16 35 22 39 31 8 -8 
-10 9 37 -8 -20 23 -32 -7 8 -25 13 26 15 31 20 2 
-40 23 1 -45 -20 -46 4 26 46 -44 22 -18 13 28 33 25 
14 -1 35 -54 18 20 -33 -13 14 63 -30 -27 2 25 13 21 
29 -9 24 2 33 -8 1 -26 -5 -8 -31 -11 -6 46 -8 -6 
-5 5 25 9 -19 34 8 -29 20 4 7 2 7 -18 0 -21 
5 4 -3 4 -52 -1 12 24 10 48 6 -49 6 -13 8 29 
9 0 2 15 -8 24 37 46 14 27 -22 -23 34 23 -16 -13 
-20 -24 -38 -60 -4 15 28 -15 -4 39 31 57 -44 15 22 -18 
-47 58 -10 4 2 -7 -9 -7 3 -10 -27 -9 -2 50 2 29 
-41 28 0 -22 47 -11 -25 -5 9 0 -2 1 43 -30 -41 17 
38 23 -33 79 -25 -59 24 28 -16 12 -25 23 43 22 10 -1 
-22 12 -49 -16 -22 39 17 -6 -24 -15 -34 -18 80 43 9 -24 
-23 23 -47 -37 36 12 -10 -34 20 9 22 30 -4 -10 -35 -25 
52 7 -15 18 12 -44 -11 15 -48 40 33 -25 -10 35 -25 27 
12 -40 -36 26 51 -15 38 7 53 -10 58 39 -22 19 9 -17 
-71 29 4 -14 9 27 29 -6 18 26 13 17 11 12 -4 35 
4 -2 -30 -16 -5 3 -1 35 10 18 6 -17 -6 -11 0 17 
-22 -26 -25 24 21 16 26 -10 -11 -13 0 18 -36 9 16 -15 
-12 3 0 28 4 12 -3 -23 21 9 6 -39 -3 32 1 -2 
-8 -17 7 18 -35 11 -21 -7 24 -17 27 9 18 21 2 -10 
-4 30 -1 19 -16 4 -46 -2 -4 -15 -17 14 -2 -3 19 3 
18 -7 37 28 2 12 -22 -30 -23 0 -38 -18 0 -47 22 9 
3 29 16 18 -33 -3 -22 8 42 3 14 -17 -36 14 23 66 
-15 47 -42 8 37 -27 -33 28 25 -23 -64 24 -3 31 -35 -25 
18 -40 43 13 5 -3 -24 -19 38 -14 51 -9 -13 -42 -16 24 
28 1 5 6 -48 11 -7 58 -17 -4 38 -2 5 -14 -5 -39 
23 -29 23 7 -5 -1 19 -13 -18 32 -5 9 -8 28 23 -5 
-28 22 41 -33 19 -22 23 -27 3 -11 31 -4 -31 -20 20 5 
42 -7 -54 26 -29 -15 24 1 40 -26 -18 -39 24 59 -12 28 
-41 33 -3 6 -17 28 53 -49 -19 33 0 37 8 -22 25 18 
-9 21 -28 -18 30 17 59 -17 2 31 -3 16 -15 5 10 6 
-1 -7 34 -25 -1 -21 8 -6 -29 9 34 -1 3 43 -14 2 
47 27 -1 -5 42 -3 -37 -3 19 -35 -3 8 5 35 10 -24 
-42 -2 -37 10 17 -27 -1 2 39 12 -7 26 0 -29 33 48 
21 14 -13 -6 -8 88 -1 15 -24 20 21 11 28 6 32 -11 
10 -14 2 8 -9 5 13 37 -33 1 2 -1 54 27 38 -8 
-5 -26 26 19 2 39 -1 39 18 -54 -30 -31 -10 -25 69 12 
41 -40 -2 -52 3 -17 32 -13 -34 6 40 14 24 -16 19 -2 
-66 33 12 -5 -7 27 -7 9 -33 -48 -7 3 -17 17 4 -11 
14 -14 32 -19 -18 2 -9 -9 -19 -33 7 -3 -37 70 -20 -11 
-7 20 -2 -27 -64 -3 23 27 -20 -26 -21 26 -22 -10 19 -28 
-1 -9 -8 33 35 7 -51 -5 19 -24 2 -17 -16 -26 4 -3 
-9 -21 4 29 23 -51 -16 25 24 -33 -5 19 13 -10 -6 -15 
5 -5 20 -18 0 -10 29 -8 -16 15 -24 -5 -20 -33 -3 -3 
-14 -37 -26 18 -9 3 -13 -27 28 -24 27 -44 -2 -4 25 -35 
19 42 -8 28 15 -7 6 8 -22 -20 -19 -27 -42 -31 2 -41 
8 0 3 -16 37 -10 -7 -10 -15 -12 -25 -6 -11 -16 23 11 
-27 -35 -33 -34 20 42 -15 -14 -30 5 15 -6 -21 -10 -5 44 
26 -35 1 -27 23 -7 -40 -43 -27 -6 28 6 23 -21 -5 -2 
-6 10 2 -37 -59 5 28 21 1 -34 31 -12 3 -31 35 30 
36 -15 31 1 5 15 33 -9 21 0 12 -10 -3 -11 1 10 
-5 10 31 -33 0 -32 22 -19 -36 -11 -10 12 -13 -14 -2 -8 
-10 -7 24 30 31 20 -28 -14 7 -8 31 4 -6 15 1 8 
21 10 24 -10 1 -6 -7 2 0 11 -6 0 4 5 -8 2 
-11 -27 -5 18 18 10 -9 -15 -8 15 31 -7 5 -21 1 7 
16 -4 -5 -9 -11 -8 -15 13 29 9 -2 11 -16 -12 8 -27 
1 22 18 24 0 -5 32 19 30 -1 0 -12 2 -21 -7 11 
-21 -13 -10 -8 2 -27 4 -11 -23 30 28 10 22 -11 -7 24 
25 -15 9 -9 0 2 24 15 -3 -10 -10 -2 -9 1 1 12 
0 39 9 -19 -37 17 16 -10 -2 5 -20 2 -34 26 26 -29 
6 -2 -2 18 44 52 0 -13 1 24 33 43 -13 -14 -26 -6 
-25 -3 -21 -26 -70 19 -19 12 73 -13 4 -1 6 28 19 5 
3 12 -23 11 33 36 21 55 -21 -14 -23 3 -21 4 1 -53 
1 -12 17 4 10 6 -48 -19 10 22 30 15 -2 -26 -34 -8 
-24 -9 -11 -10 -11 -6 3 -1 13 -10 38 0 -9 18 5 -49 
22 15 20 -9 1 12 28 -30 18 2 4 8 -10 -32 26 8 
-12 -8 -1 19 11 20 30 33 12 11 1 12 8 1 9 23 
6 -8 -2 -10 22 21 -4 -14 -6 7 0 18 -31 1 -28 -10 
-40 43 1 -25 -8 -25 -15 6 -12 21 11 18 -21 24 -4 5 
-10 -13 -19 -8 7 -42 7 22 25 -2 -22 37 -2 1 -20 11 
-4 -6 5 39 60 42 -51 -5 -9 12 -29 -14 -9 1 24 75 
-26 -51 46 48 1 2 28 60 18 19 -25 -9 33 20 -23 -6 
5 -77 9 -26 -23 -13 0 33 45 -51 30 5 0 7 2 -19 
26 -29 43 -53 17 -5 -5 36 53 -60 36 31 -33 -8 -4 -17 
1 17 52 61 -33 6 43 30 61 17 -11 58 17 -48 24 27 
-28 12 29 -40 -24 -31 -34 -52 -17 -36 29 -6 5 4 4 41 
0 44 23 -5 36 11 -11 -2 -31 -8 16 15 -8 -8 8 -5 
21 5 26 -26 -5 9 -22 -23 -39 14 13 -55 -17 -15 63 37 
-24 -10 24 20 15 50 21 1 -11 3 -21 -2 7 -23 8 5 
9 -14 -4 20 -16 -14 0 22 -16 11 9 -11 32 10 14 16 
-9 8 6 9 2 7 -34 -22 -37 -9 18 -1 -13 27 -21 1 
-5 11 -12 21 -3 -2 45 0 -14 -14 -3 -1 10 12 -1 15 
-7 -18 -2 -20 -16 -2 31 -5 34 -6 -6 -1 -11 -40 -57 19 
23 21 -1 10 35 -30 -29 -61 6 33 1 43 2 5 16 25 
30 15 -21 -13 -14 18 -24 -18 -4 6 -1 9 -39 -31 -43 -49 
9 -34 -39 -5 -55 -43 29 0 -12 16 5 6 30 -7 40 11 
-45 -14 31 -4 -59 36 10 1 25 0 -2 -15 -39 -31 48 20 
2 25 5 -3 6 14 1 -10 1 -10 -3 26 38 -31 12 -6 
18 5 2 -5 -12 18 1 -11 -13 -4 4 22 -6 -13 -8 -22 
6 -22 14 16 11 1 2 -9 19 -2 -9 -18 12 -2 6 -20 
-6 12 -5 0 -5 6 0 -3 -5 0 4 5 12 8 12 -3 
11 11 -3 19 7 -15 16 -10 -3 -21 -13 -4 12 3 12 -2 
-9 6 6 14 3 8 -7 2 -4 4 1 14 1 2 12 0 
7 7 5 11 -11 12 10 4 11 1 10 -3 8 -10 -11 -5 
-13 1 27 30 5 6 8 -24 7 2 22 6 14 2 -57 -5 
15 30 17 26 -24 -28 -34 -13 -10 -20 -5 10 3 18 -9 -13 
-17 27 3 6 -10 3 -37 4 -22 32 19 -8 -16 -29 7 -20 
-26 -16 -23 8 5 -8 21 -24 -14 -12 -29 16 4 -5 19 0 
-27 -1 4 -10 -1 14 20 -15 11 13 4 -26 -12 -5 1 18 
-21 -15 6 -2 17 -18 -21 8 13 47 19 -8 31 -9 15 44 
24 3 -45 -17 22 -6 15 78 -15 41 -21 -53 13 -23 15 60 
-25 -31 16 22 -8 -20 29 13 28 8 -15 -41 -21 15 -18 -10 
-22 -9 -30 30 -22 45 22 -17 56 -8 9 -51 29 44 -39 -15 
44 11 31 -20 39 21 3 2 -17 12 -2 -7 1 12 -3 -26 
-38 64 -37 17 2 -5 -30 6 2 -22 -25 52 12 12 47 -34 
-5 0 16 -25 -4 9 -32 -4 7 -30 -9 -40 20 -8 -20 1 
13 23 12 32 -56 -34 25 -20 -10 -12 -12 -10 28 17 11 -46 
-60 -50 -15 -14 -22 27 -44 13 -8 -11 -8 -12 32 -20 18 -17 
-18 39 -19 -8 16 -20 7 20 4 -9 4 37 9 33 -15 -5 
-14 -25 1 7 11 15 3 -20 -7 10 14 -11 23 19 -11 30 
28 -11 -1 6 26 2 -9 -18 5 -15 -39 -21 33 -11 19 -14 
-15 -27 -13 34 -3 7 0 -2 -38 4 -26 -19 -32 11 -4 -4 
-14 16 -2 10 15 -29 -8 -16 -7 -19 10 20 -5 22 41 5 
-8 0 -18 -2 -2 -16 -21 -2 -2 2 -3 17 -22 -14 22 40 
-28 -34 1 27 15 -28 2 10 -3 -12 18 -21 11 -13 -10 7 
-25 -12 18 -16 -18 15 -7 29 0 -22 9 -1 -11 8 9 10 
-2 8 -10 -11 -5 6 26 -29 10 -5 21 18 12 -16 -2 -12 
1 15 12 19 12 -39 4 10 -17 17 -27 -3 -18 9 35 16 
-1 -17 -4 -30 -38 17 -24 -31 28 8 3 14 -19 -14 -38 11 
24 -7 -1 -31 33 9 -14 -16 -10 3 -30 25 0 -1 23 0 
60 -19 -2 -8 -8 13 -7 -28 -20 -32 32 11 -13 -4 19 26 
22 27 -25 34 -37 -21 6 -1 -11 -38 -33 -23 54 -29 -14 5 
-4 -35 73 -4 -1 39 -10 1 2 25 6 7 -27 14 -13 6 
33 -30 30 -6 -21 17 26 -16 14 -15 1 53 10 -21 -10 1 
-27 1 -5 14 -38 32 -6 5 31 48 -18 -19 -22 -1 12 48 
-12 52 44 6 45 2 -3 6 41 2 -14 45 -14 -20 30 -5 
3 17 24 -3 -33 -42 32 13 1 -21 3 20 -27 -42 14 -42 
43 9 18 -36 31 -46 48 -34 2 -9 -50 16 -45 -16 -34 -43 
-36 -5 50 37 6 17 -13 47 17 7 37 -70 -3 26 -4 11 
50 12 7 11 30 -8 17 -2 21 9 14 34 -5 7 -25 7 
-31 -1 -16 -6 -9 -15 -8 -24 37 12 -13 -5 -16 12 -31 19 
-8 7 14 30 12 14 -6 1 -12 1 24 24 -3 -12 -25 13 
-25 -11 -12 1 22 -15 -3 -3 -21 -16 -8 13 -29 -12 -9 -13 
21 -13 41 -5 -3 -30 3 7 -40 -11 -19 -8 -21 -4 12 15 
0 -21 10 -2 -9 -14 -17 -4 4 -15 26 -26 40 6 5 -1 
-5 14 -10 31 -22 -14 -5 6 -17 -20 -6 7 13 -16 1 10 
0 1 2 0 1 -3 4 0 0 1 4 1 1 -2 0 -3 
1 2 -1 1 -2 0 -2 6 3 -1 1 1 0 -3 6 3 
3 5 2 4 -5 -2 2 3 0 -1 -1 -1 4 -2 1 -1 
0 2 0 2 -1 2 -3 -1 3 -3 1 3 2 -3 1 4 
0 1 1 2 -3 4 1 -1 -6 3 -1 3 0 1 2 -2 
2 -1 0 2 1 1 -2 1 -3 0 -1 -1 -1 -3 0 -3 
-12 17 11 2 40 18 14 -16 4 23 28 -16 -33 -8 5 4 
20 3 3 -17 3 1 23 -1 4 6 -17 -3 7 -19 4 -33 
-3 -16 7 4 7 9 20 10 -19 19 15 -1 -15 -24 10 14 
26 -6 -20 -2 28 -16 -8 38 2 -15 13 19 -8 -3 -4 -11 
-6 22 -8 14 -25 1 25 -1 19 -2 2 15 -13 13 -7 11 
8 20 9 -13 7 -8 2 10 -21 -29 14 12 17 -4 -15 -12 
-26 12 -17 6 -27 -29 -5 -17 -5 11 -30 12 -21 -1 -1 5 
-8 -5 -7 -21 -28 14 12 -41 -15 -6 -9 -7 -11 -13 19 5 
-14 14 -13 11 8 11 2 -2 8 1 7 22 4 5 -17 -9 
7 -12 8 7 2 -9 9 -8 -3 -7 -1 5 -14 9 22 36 
-20 -16 -16 -10 -2 2 34 -23 7 6 12 -9 12 5 14 -45 
-11 46 1 13 5 -3 -14 -14 15 2 -11 10 39 -2 -3 -9 
9 -1 22 -22 21 34 22 4 -22 18 27 -16 -6 -8 29 -6 
32 -46 20 10 16 -17 21 25 33 32 6 0 14 1 30 1 
9 8 -11 4 -12 0 25 10 -7 -21 -3 7 -10 3 24 -16 
22 -18 -7 -5 8 -18 2 4 12 -14 -12 -2 10 -12 3 1 
-36 3 28 48 -44 18 16 4 -6 -24 -2 27 22 -18 4 -1 
58 -20 38 -13 -14 24 -12 17 -40 -34 -2 -24 -10 -3 11 -5 
3 5 11 -19 32 -9 -3 -20 -56 0 21 27 -18 -16 12 13 
2 -23 3 -10 4 -9 -3 13 26 -15 1 10 -3 31 -1 -9 
5 -36 18 3 2 17 -11 3 9 -28 4 16 -6 6 9 12 
24 -6 11 15 2 12 18 22 19 -27 9 -14 24 2 -32 31 
6 -7 -16 17 -29 4 7 -7 -12 -7 -4 3 -2 0 -18 -19 
3 -17 11 2 -19 -11 17 -14 5 -24 -14 -16 20 -3 -8 -8 
-2 -5 -8 4 -6 6 -2 5 7 -1 1 -1 -3 3 10 7 
-13 -1 -6 9 6 -3 1 -1 3 -8 3 0 12 6 -2 7 
-3 -5 -9 8 -4 -8 -4 4 8 1 -5 -8 -2 -1 0 -11 
10 0 3 -8 2 -11 7 -10 -1 -4 -1 -1 -6 -1 11 1 
5 5 -2 3 0 -2 2 -5 6 -4 0 0 -2 8 14 3 
-12 -3 -3 2 -1 1 7 5 1 -7 6 -1 6 -4 -3 13 
20 -1 19 0 16 -11 -12 -8 3 -4 -11 5 -1 -8 13 -8 
-2 3 -1 0 3 -8 3 -1 2 5 11 -14 1 15 5 1 
2 -25 -6 -24 -4 7 -17 5 0 -13 18 2 -14 1 -2 -11 
-1 -11 -5 -5 -11 5 -5 15 8 5 13 5 -16 -8 8 11 
3 3 -1 12 4 9 16 -13 -6 -3 -8 -4 -3 9 -12 -5 
-17 4 3 -17 10 6 18 1 -1 -1 9 -3 12 2 -1 2 
-9 -28 -33 -23 -29 -16 -29 8 12 16 -39 -5 -9 -21 29 20 
-38 7 -27 66 40 -3 38 -9 27 -13 15 11 19 -1 -10 19 
-3 -1 -1 -4 -18 -24 -42 -15 3 -4 38 -22 -20 5 14 -9 
1 26 16 -15 0 6 23 -26 -18 10 -2 -20 -29 -33 13 -25 
1 -19 38 8 9 -25 -15 -5 26 -17 -4 -37 19 -10 47 -5 
-5 14 17 13 -24 11 16 43 -8 -12 4 -18 4 13 -13 -20 
26 -8 -29 -29 29 -61 26 -6 -18 -23 -47 -6 -4 -33 6 -1 
-33 24 17 -17 -17 -2 23 -10 8 6 19 -14 0 3 46 14 
-26 21 -9 -12 -11 5 31 13 -28 24 -10 41 7 7 4 14 
-2 79 -16 -7 -23 -20 6 -24 17 -42 7 -14 -13 -37 -9 27 
0 14 26 -26 39 18 28 17 -14 11 -54 21 18 28 47 -5 
-41 -33 -41 43 -14 14 18 15 14 -35 -12 10 39 -11 -15 -30 
0 1 0 0 0 0 0 0 0 0 0 0 0 0 0 0 
0 0 0 0 0 0 0 0 0 0 0 0 0 0 0 0 
0 0 0 0 0 0 0 0 0 0 0 0 0 0 0 0 
1 0 0 0 1 0 0 0 0 0 0 0 0 1 0 0 
0 0 0 1 0 0 0 0 0 0 0 -1 0 0 0 0 
0 0 0 0 0 0 0 0 -1 0 0 0 0 0 0 0 
-21 25 -7 64 -25 -29 -14 20 17 33 43 19 -7 18 15 -14 
54 11 -23 14 -9 31 17 -11 25 -39 2 18 13 -22 -7 -8 
20 -6 8 -7 -20 -3 16 26 2 13 -13 5 -37 -15 -1 -41 
58 -12 15 11 3 -34 15 -9 -18 -1 30 -2 -31 -13 4 -9 
-20 0 11 4 -36 25 -8 0 -19 -13 -29 24 -7 28 23 -2 
8 47 -10 5 16 3 -1 -14 -43 -2 -12 -42 10 -27 31 10 
-10 49 19 -19 23 -41 7 28 -14 -23 -23 -42 4 -8 28 -10 
-19 -21 -23 -5 41 -4 -2 19 -1 20 -18 -24 1 27 3 -3 
-12 9 -17 -23 -14 -1 -6 -17 15 -13 -8 -29 14 5 -41 -25 
-22 6 -21 14 -14 59 -67 32 -12 4 6 11 56 -2 30 67 
-37 -17 -1 -14 4 35 -8 -14 -40 1 -3 54 11 -31 12 -4 
-24 3 58 -1 -38 44 18 -17 -24 -14 -18 29 57 -20 -10 15 
12 -27 -13 -14 -2 -16 22 -28 45 7 25 -49 18 21 -17 7 
40 -34 -12 1 4 32 -2 3 -34 5 -11 1 18 1 1 12 
25 8 -11 17 -7 -12 14 -19 -24 -34 14 -7 -23 2 -22 18 
7 -6 -18 35 -14 -14 -7 2 -15 -6 -1 20 17 23 3 17 
-1 3 21 -11 -7 20 -18 -4 -20 10 -2 21 -4 -10 26 35 
19 -10 2 -33 2 -20 18 -34 6 -51 -8 0 -23 -6 2 -3 
0 6 -5 -21 -2 -20 8 35 -18 -6 -7 -2 -6 -26 -14 15 
-12 1 4 14 25 -2 -7 -9 36 -4 -25 -26 3 19 -15 -28 
-19 -24 6 -30 -1 -19 -21 -24 21 -24 9 1 -22 -18 -5 -14 
-10 -22 -18 2 -13 22 2 7 11 -11 -12 2 0 20 -10 4 
6 7 4 19 -9 19 -5 17 -25 -14 -10 30 23 -14 5 -9 
3 -27 22 -35 -33 36 27 -9 19 -3 -3 -23 8 -47 15 -17 
1 -7 5 -11 -10 -27 -12 2 6 -38 -26 -26 9 20 -43 19 
-13 -2 -4 -6 -10 -8 -47 7 -7 4 -12 13 -6 27 -24 12 
22 45 -17 -27 -5 -14 -15 -13 3 12 -11 -3 -40 19 6 -1 
-27 4 -24 17 -14 -9 3 3 -28 20 0 -12 41 14 21 -1 
-2 -52 15 -30 10 3 -11 7 -9 -19 -12 -9 -7 -31 9 -2 
-20 -24 -11 -2 -11 21 3 5 -3 9 -10 10 6 11 5 -16 
0 1 -3 2 0 0 -1 -1 1 1 2 -1 -2 2 0 0 
-2 -1 1 2 -1 -1 4 -3 -2 2 0 -1 -1 -3 0 0 
-3 -3 -1 1 2 2 2 2 1 2 1 0 -2 -1 2 1 
3 -2 0 0 1 -1 -1 0 -2 2 1 1 -2 3 -1 -2 
-2 4 0 0 -1 -4 -2 0 1 -4 -1 -1 -2 1 -2 1 
1 0 1 -3 1 -2 -2 -2 -1 2 -1 -1 2 3 0 3 
5 0 3 -4 7 -2 -9 -1 -1 3 -5 9 4 0 1 0 
-2 9 8 -4 -3 -3 6 -3 2 4 9 -1 -8 -5 -2 1 
3 -2 7 -7 2 3 -2 -2 -6 -5 -3 -3 4 -6 -5 1 
-1 -3 1 -3 1 5 -1 -1 -2 -1 2 4 -3 2 1 -2 
7 2 -3 1 -3 -7 1 1 -3 0 -1 -10 9 -5 -9 -1 
2 2 -4 1 -5 -5 -2 -4 1 0 0 -2 1 -1 8 -5 
21 -7 -6 23 34 -33 11 30 -15 25 -2 -7 9 -22 6 -6 
-12 -11 20 12 -8 11 25 3 7 -5 12 -32 7 24 50 -12 
-15 -1 0 14 8 5 9 5 8 0 -5 8 27 15 27 -46 
25 31 -1 11 15 -4 -28 -31 18 -5 18 1 -16 -4 0 -4 
9 24 1 4 24 0 15 -7 -12 -10 -17 7 -8 -2 -5 -11 
-1 -32 -10 1 9 2 -28 -16 -8 -7 -17 1 21 -9 10 -3 
0 0 0 0 0 0 0 0 0 0 0 0 0 0 0 0 
0 0 0 0 0 0 0 0 0 0 0 0 0 0 0 0 
0 0 0 0 0 0 0 0 0 0 0 0 0 0 0 0 
0 0 0 0 0 0 0 0 0 0 0 0 0 0 0 0 
0 0 0 0 0 0 0 0 0 0 0 0 0 0 0 0 
0 0 0 0 0 0 0 0 0 0 0 0 0 0 0 0 
3 -4 4 6 10 -10 3 -5 -4 7 1 -1 1 -17 0 -7 
-5 3 4 1 -4 1 -5 18 12 1 -4 -10 8 4 13 -1 
4 2 3 7 -14 -7 1 15 -4 3 -7 9 11 9 10 -3 
-3 4 3 10 0 3 -6 -1 8 -6 11 8 4 -3 3 4 
-2 0 -1 11 -10 7 3 1 -6 4 -2 10 2 0 7 -1 
6 -12 1 1 -5 0 -9 9 -8 -3 -12 -5 -2 1 0 0 
-4 20 -13 20 -34 -47 -11 9 15 -10 2 13 -17 -16 -23 -25 
8 26 -28 -22 -33 -16 -2 -40 3 -18 21 -20 41 8 3 -2 
23 12 -20 -25 -14 -20 -33 37 -7 33 27 6 -3 18 -26 -27 
19 -23 -15 33 -6 14 -31 15 -20 -33 37 -19 -12 -10 12 -17 
0 10 -2 -16 -33 12 -18 -22 -39 15 -33 24 -43 27 56 -22 
1 67 -32 20 22 -8 22 -19 -6 -10 -16 -25 5 -21 39 -2 
-1 21 -23 0 -39 3 0 -1 15 18 -14 -17 -2 -28 19 -6 
-17 -60 -6 -6 -8 43 14 17 -28 8 15 12 -2 5 -15 -23 
6 -5 -13 -37 -20 30 16 -7 48 -11 3 -2 -8 -33 8 10 
-42 -16 -20 -1 -27 -7 -30 12 0 6 37 -16 18 29 2 17 
-2 -38 8 11 -15 1 -18 19 21 -3 16 41 23 15 26 -4 
-10 17 18 2 -5 3 -21 -2 -31 2 5 -2 -9 34 -26 13 
0 0 0 0 0 0 0 0 0 0 0 0 0 0 0 0 
0 0 0 0 0 0 0 0 0 0 0 0 0 0 0 0 
0 0 0 0 0 0 0 0 0 0 0 0 0 0 0 0 
0 0 0 0 0 0 1 0 0 0 0 0 0 0 0 0 
0 0 0 0 0 0 0 0 0 0 0 0 0 0 0 0 
0 0 0 0 0 0 0 0 0 0 0 0 0 0 0 0 
0 0 0 -1 1 -1 -3 0 0 0 -3 2 -1 0 0 1 
-1 1 2 0 0 1 0 0 0 1 2 1 -2 0 -2 1 
0 -2 2 -1 1 -1 -1 0 -1 -2 1 -1 1 -1 -1 1 
-1 -1 1 -1 1 0 0 0 -1 1 0 0 -1 0 0 1 
1 -1 -2 -1 0 -2 0 -1 2 0 2 -3 1 0 -3 0 
-2 2 -1 1 0 -2 0 -1 0 1 1 0 0 1 1 -1 
9 10 20 10 -24 -12 5 -23 21 -25 5 17 -7 -10 -5 -13 
3 -9 -7 0 6 2 40 -20 -17 26 11 -34 -9 13 -6 -16 
-19 -8 -18 16 44 -6 1 -8 21 5 14 23 4 38 -22 -7 
0 6 5 2 -37 30 -47 8 -5 -15 48 -12 3 23 25 -14 
4 37 -10 -39 19 -8 7 -11 8 2 -9 7 4 -1 9 -11 
-19 6 0 -21 6 -8 -2 -20 21 17 -11 -1 17 2 -7 -2 
-14 -31 -15 -32 -4 60 8 51 8 20 -1 -4 9 49 -13 -9 
-14 -7 -10 29 -4 -5 -8 31 -28 12 2 -4 -30 25 -13 -6 
-16 -3 -3 15 -8 8 9 12 35 -23 -27 -7 -17 27 20 -21 
-22 -37 16 -19 0 -15 -10 -28 -27 12 20 29 18 -1 2 -12 
3 -12 2 17 -16 -25 -3 -30 0 -28 -17 -2 -15 5 -13 2 
-11 -17 1 16 30 21 -22 20 -16 -18 -50 10 -31 19 11 -9 
2 1 0 1 1 0 -1 -2 1 1 0 1 0 1 0 0 
2 1 0 -1 -2 -1 0 -1 -1 1 1 2 0 -1 -2 1 
1 0 2 -1 1 0 -1 -1 -1 1 0 -2 0 1 -2 1 
0 -1 -2 0 2 0 -2 1 -2 1 1 2 -1 0 -1 -1 
1 0 -2 -1 -1 -2 1 0 1 1 0 0 0 -2 -2 -1 
0 3 -1 1 2 -1 -1 -1 0 1 0 -1 2 1 2 0 
0 0 0 0 0 0 0 0 0 0 0 0 0 0 0 0 
0 0 0 0 0 0 0 0 0 0 0 0 0 0 0 0 
0 0 0 0 0 0 0 0 0 0 0 0 0 0 0 0 
0 0 0 0 0 0 0 0 0 0 0 0 0 0 0 0 
0 0 0 0 0 0 0 0 0 0 0 0 0 0 0 0 
0 0 0 0 0 0 0 0 0 0 0 0 0 0 0 0 
3 7 5 -5 -15 -2 20 6 9 10 -17 -7 -8 -3 -1 4 
11 3 -7 10 2 -6 20 -20 12 -4 12 9 2 6 10 4 
6 22 -2 10 -6 -17 4 -7 -12 10 3 12 -9 6 -10 -2 
5 4 -23 1 10 -6 -10 -1 9 -1 -2 -1 18 -1 21 12 
-2 -1 14 -22 -10 11 1 -8 6 2 -7 7 0 -18 26 3 
-1 -7 0 3 11 -3 5 -17 -1 -10 -21 -18 -7 7 -6 2 
0 28 25 -28 26 -65 22 -28 -3 -47 -15 -2 -13 12 38 4 
-8 4 8 -35 -8 26 -61 1 1 8 -17 -31 16 16 39 -17 
-5 2 -16 -27 13 14 -6 6 16 3 14 -20 37 42 -18 3 
7 1 32 22 -18 26 -48 28 4 -15 52 -19 65 -2 13 26 
-3 11 14 -52 -27 23 -27 55 -29 8 -17 15 -9 -30 27 13 
37 14 -22 -5 -9 -15 -21 -20 -44 -17 -20 25 -7 5 -22 35 
0 12 2 -15 4 11 4 11 2 -7 3 12 -5 -12 -2 0 
5 -9 6 3 6 -1 -12 4 -2 11 1 -9 -6 3 7 -7 
-1 -7 4 10 4 4 -6 -2 5 -16 -9 -3 0 -3 -5 -8 
6 -7 7 -4 -3 1 7 5 6 -2 -11 2 -4 -5 1 5 
-5 2 0 17 -11 5 4 0 -4 7 7 2 8 11 0 1 
5 -6 -1 8 -9 -2 -7 -2 0 -2 -3 3 5 -17 4 -5 
1 1 4 -2 9 6 -4 4 9 -16 -27 10 -10 13 -7 36 
10 19 -14 6 3 4 25 17 -1 20 1 -23 1 -9 25 -24 
14 2 8 -10 -11 15 19 27 22 -4 6 1 6 20 -9 -4 
-14 5 2 -28 -31 20 2 -3 19 -3 28 6 -26 -6 -7 -21 
0 27 -6 16 2 18 -23 -15 -22 -10 -14 6 1 6 0 -40 
-1 -4 12 -11 -19 -11 10 -6 38 -28 -14 -21 -17 10 -15 -13 
2 2 1 1 0 2 -2 -1 -1 -2 1 -1 -2 1 3 1 
0 -1 2 0 3 0 0 -1 1 0 -2 -1 2 1 -3 -1 
-1 -4 3 -1 1 -1 -1 0 1 0 2 1 -1 2 2 0 
2 0 0 0 0 -1 -2 1 1 1 0 -1 0 0 -1 -3 
0 1 3 1 -2 -1 0 0 2 -2 0 -2 -3 -2 -2 -1 
-2 -2 1 -4 -1 -1 1 -1 0 1 2 -2 1 0 0 1 
3 22 4 31 -4 -1 5 -6 41 39 11 -3 -8 -7 10 -4 
13 10 14 4 -13 -23 21 -37 -8 2 24 4 -4 -33 2 20 
-4 -32 -29 18 -1 12 7 -12 -1 32 7 9 -31 -7 -24 -29 
3 -24 -18 11 15 -13 -11 5 -1 -9 17 2 -23 -10 18 -15 
-27 -7 -6 17 -19 13 4 3 -2 -4 25 8 2 -1 20 21 
26 71 34 6 22 6 -5 0 -13 12 16 0 18 -25 -16 -23 
10 18 -1 18 -8 -1 -13 -10 1 6 16 12 -2 13 14 -8 
13 -6 0 -21 8 10 -12 -12 -1 0 3 7 5 -9 -12 1 
7 -5 0 18 -1 6 -3 1 -8 11 -8 -7 2 -6 -3 -15 
3 8 1 9 -14 -8 -9 4 1 -2 -13 4 -16 -3 -7 -15 
-17 -10 -6 -2 -4 7 5 -7 -4 3 3 -3 -20 7 -5 -10 
-1 -2 18 4 18 3 2 2 2 13 11 17 2 3 -5 -8 
