105 -12 270 -266 8 10 -28 147 -114 284 54 -272 -153 143 -26 -152 
-113 -38 28 73 7 123 69 -158 -11 -127 -68 71 17 76 30 -73 
-113 24 118 -31 -42 71 -52 -65 54 -44 -75 -117 -52 31 -115 3 
-15 53 18 -73 -20 -5 58 -19 -47 36 67 -19 -18 19 -78 45 
25 11 -153 -87 -61 -9 -44 28 -87 -7 -72 163 -105 5 89 -28 
-20 11 24 63 -61 94 -226 -26 77 -38 4 -16 141 -82 13 116 
-66 7 17 1 26 13 22 48 -25 35 -71 24 -24 -74 29 25 
-97 -1 60 73 53 61 41 57 0 0 0 0 0 0 0 0 
23 -84 -35 5 -52 21 -6 -61 -44 -26 85 74 -52 15 13 9 
68 -8 -48 -13 44 32 4 -9 0 0 0 0 0 0 0 0 
25 -14 25 -81 -83 -39 -23 13 24 29 -54 -135 -12 -47 -10 -38 
61 -31 -34 30 21 3 -67 -83 0 0 0 0 0 0 0 0 
47 88 -1 -76 51 74 46 34 -71 -20 10 41 41 41 -76 81 
74 -56 -63 -49 -31 -15 -95 58 0 0 0 0 0 0 0 0 
63 -69 -106 35 -21 -6 -24 7 -37 20 22 -74 -55 79 70 4 
70 -42 71 73 -107 64 -44 -62 0 0 0 0 0 0 0 0 
-19 66 -40 -22 29 12 32 -22 10 8 27 -67 -6 9 -4 -8 
-14 -61 41 10 7 29 3 53 0 0 0 0 0 0 0 0 
144 -18 27 -126 32 70 -101 -34 -7 54 15 -24 -40 7 -42 86 
71 -83 -92 -167 92 13 87 -47 0 0 0 0 0 0 0 0 
4 34 -29 -12 0 62 -41 -76 -98 21 9 84 -12 -15 2 -86 
7 69 -48 -11 -48 55 45 43 0 0 0 0 0 0 0 0 
-13 -44 20 63 21 -14 95 56 17 2 18 -39 -11 82 -12 64 
56 27 -53 -17 -64 16 80 20 0 0 0 0 0 0 0 0 
-67 -10 10 58 -11 -50 47 30 -19 -58 24 56 116 67 -40 77 
-31 -129 -12 27 -17 6 13 -28 0 0 0 0 0 0 0 0 
-5 98 17 130 -6 67 -16 -51 96 -164 -78 5 -61 -61 -103 -23 
49 73 -42 80 -135 12 -55 31 0 0 0 0 0 0 0 0 
19 72 -46 57 -22 -33 12 24 94 -12 -58 74 -16 76 45 -17 
17 44 41 29 9 18 34 -23 0 0 0 0 0 0 0 0 
49 -22 -15 47 -100 7 -36 98 47 91 -34 -109 -73 55 -62 -39 
-19 -25 34 -78 68 87 42 -44 8 19 69 35 -160 15 -90 36 
20 24 -5 55 -15 36 -6 114 0 0 0 0 0 0 0 0 
-45 65 18 -61 -45 13 0 27 32 -13 47 32 -31 -29 45 10 
-75 -77 -143 53 19 103 60 19 -67 -22 -54 -98 104 -2 65 61 
15 32 6 -79 16 -124 13 19 0 0 0 0 0 0 0 0 
43 -40 11 -53 -51 -40 -104 -15 -23 70 -78 -98 9 -44 39 3 
27 104 122 38 7 -35 37 16 -84 -86 -28 -67 52 44 59 3 
55 48 -27 62 29 -83 -78 26 0 0 0 0 0 0 0 0 
28 -10 29 -20 87 27 43 -20 -33 24 -16 50 -19 89 -30 35 
-20 -106 47 -65 9 31 -43 -17 12 -26 2 6 -55 14 -30 21 
16 -114 3 -101 -109 117 80 99 0 0 0 0 0 0 0 0 
-22 -25 -45 -2 8 54 -45 62 -63 20 56 4 2 73 -16 29 
-19 -79 -105 17 47 49 -39 37 11 -22 -16 60 -43 55 -89 -30 
79 -82 53 85 95 3 93 13 0 0 0 0 0 0 0 0 
-83 -76 -32 45 -9 31 35 8 30 -59 -85 0 26 43 -18 -62 
13 -28 -48 -50 -137 6 42 -53 -138 2 -9 -6 -53 50 -9 39 
-13 -57 -15 40 -2 -82 28 20 0 0 0 0 0 0 0 0 
-13 -24 94 -4 20 84 18 -42 -37 -26 -10 -62 -29 -55 -4 133 
128 16 78 27 -45 -46 -90 91 91 -28 33 -12 -29 -85 19 63 
-33 -49 60 79 -86 151 16 -39 0 0 0 0 0 0 0 0 
32 -25 10 66 -60 -64 115 25 11 -13 23 37 -77 21 -151 23 
-40 4 19 66 112 91 -9 -95 47 16 -24 17 145 19 25 -40 
8 -20 -49 -3 160 10 -4 -19 0 0 0 0 0 0 0 0 
92 -25 0 -23 -43 60 6 -3 96 -34 -51 21 32 -32 13 -57 
-28 -30 5 103 -63 -10 36 13 49 62 -53 37 -3 -39 -52 98 
-57 45 -71 -37 80 0 64 46 0 0 0 0 0 0 0 0 
-71 -73 114 62 6 93 77 149 -44 -11 53 102 -29 41 -22 87 
-24 66 -117 63 -20 -35 -40 64 17 -59 9 20 55 -13 60 -67 
77 -127 22 26 59 -75 -45 31 0 0 0 0 0 0 0 0 
-19 13 5 -56 0 -50 -27 -50 13 34 55 11 -54 31 -73 -46 
39 -37 -79 15 -43 -38 4 -42 -77 -21 75 7 31 53 -28 32 
-41 12 -113 39 71 -51 10 46 0 0 0 0 0 0 0 0 
-36 95 -2 91 -29 -47 -69 -117 116 -131 35 6 102 -91 -4 11 
24 109 -66 43 -4 -31 63 -128 -25 23 -22 64 -17 -21 -10 3 
-6 -45 -17 -14 114 -5 -26 23 0 0 0 0 0 0 0 0 
-157 47 23 -89 7 67 41 76 -102 199 6 -60 93 -46 89 78 
-11 10 -15 25 -56 -51 47 -83 -105 100 -25 -21 -42 5 -60 84 
-66 -49 -84 -61 -81 20 -108 1 0 0 0 0 0 0 0 0 
97 7 -9 -72 23 -40 -24 -65 -28 -26 -8 44 -14 50 3 -65 
21 88 29 52 -28 32 19 7 -71 -16 2 -28 0 -29 83 26 
56 33 -37 -6 0 -5 -50 -40 0 0 0 0 0 0 0 0 
-129 -53 -64 -67 -70 69 34 107 26 -72 2 -54 43 -50 -73 44 
44 -65 -53 40 6 -77 94 -18 -38 -58 10 -46 -29 -48 -69 17 
19 -31 -5 -24 89 -40 19 54 0 0 0 0 0 0 0 0 
0 0 7 -10 -8 102 -29 38 -31 -16 56 -14 17 17 -31 5 
63 -4 30 44 -15 -33 17 16 9 30 18 43 -43 -2 -43 -8 
25 -10 10 -1 -23 51 4 16 0 0 0 0 0 0 0 0 
50 -63 32 -17 -11 -43 11 -36 55 -19 0 43 -57 -52 -4 -62 
-74 17 2 -31 60 -27 38 40 28 -31 43 36 24 27 41 -82 
-42 22 -36 -18 55 -50 -11 6 0 0 0 0 0 0 0 0 
15 -34 -44 -13 121 -3 -44 22 71 10 -18 16 -29 4 -4 12 
3 50 63 -58 -15 -16 -15 -46 -27 5 -43 -75 -16 0 -68 -41 
46 10 -28 77 -7 -64 17 51 0 0 0 0 0 0 0 0 
51 -12 88 62 -41 73 55 -49 -76 -125 39 44 -66 26 3 -77 
26 -19 -21 -10 31 -30 0 -26 33 11 -55 -12 -14 100 7 -71 
16 -60 28 -79 19 75 -29 8 0 0 0 0 0 0 0 0 
96 -20 68 -5 -30 17 24 1 86 -1 -47 7 -70 -8 9 -38 
68 -21 87 -34 -37 -11 -56 51 16 85 -13 -32 -33 17 -8 -23 
-21 -42 -1 31 -13 68 -18 27 0 0 0 0 0 0 0 0 
19 28 1 -36 -15 -23 7 10 11 24 -7 -41 0 3 -33 19 
20 0 -29 57 -8 58 19 0 92 -7 24 56 -35 -62 -24 -21 
13 -63 -5 52 -8 29 -72 -45 0 0 0 0 0 0 0 0 
-12 -13 -21 4 -7 49 -2 -7 -29 53 -14 0 -52 20 -27 5 
47 28 -36 32 55 2 79 -29 -31 17 -34 7 20 15 -29 17 
34 -133 -3 26 -34 23 11 2 0 0 0 0 0 0 0 0 
83 12 5 -45 -28 53 14 -48 -4 1 78 14 -56 115 -7 -41 
-32 -9 57 -63 6 0 19 5 -82 -66 23 -29 -31 -34 86 -82 
-2 -13 -76 81 3 50 51 39 0 0 0 0 0 0 0 0 
7 3 4 12 -1 -44 17 -11 12 -54 -59 -11 49 -5 58 36 
-59 48 -40 -27 -40 46 67 -24 -13 2 7 -54 11 -34 -40 42 
-20 -26 -3 11 39 -14 -27 -8 0 0 0 0 0 0 0 0 
-66 -25 17 -27 -14 -34 -48 42 -33 -35 -19 -16 29 14 29 150 
14 -67 -41 -80 -8 38 -58 34 -71 -23 -15 15 69 13 25 12 
-29 -50 77 -27 -7 -65 -41 -45 0 0 0 0 0 0 0 0 
37 -47 39 -11 -84 -9 29 -62 34 68 63 -35 66 30 -41 71 
0 33 -9 -30 -61 36 -41 36 8 -20 -27 66 -13 -37 -19 -16 
-14 -66 32 -1 10 -29 38 -11 0 0 0 0 0 0 0 0 
-1 28 -53 -12 40 24 30 32 -17 -2 51 -8 8 36 -32 -13 
74 46 -12 -26 20 -33 10 -69 -5 21 31 -14 29 -34 -54 54 
37 -59 15 85 -34 38 10 42 0 0 0 0 0 0 0 0 
35 -59 42 8 -101 -22 1 -1 -9 35 19 19 -59 59 -59 -62 
-57 -24 6 72 7 17 40 5 55 55 -26 57 -38 -33 33 -34 
-21 15 -35 -43 -40 -26 -44 24 0 0 0 0 0 0 0 0 
-32 123 27 -31 -8 -12 141 -41 -28 45 -27 70 -45 42 -26 -78 
29 27 -34 -19 -11 -68 50 47 -66 -59 3 67 28 20 -7 89 
20 -24 -28 67 -36 -78 -37 -11 0 0 0 0 0 0 0 0 
34 30 -38 -23 14 -11 27 27 -17 -31 -61 1 26 47 78 8 
-77 18 53 -59 68 -39 105 4 3 43 50 -51 -38 19 -4 28 
-28 -9 53 -12 -33 24 14 5 0 0 0 0 0 0 0 0 
-49 28 70 5 53 18 25 9 -49 -32 33 45 -34 52 -23 -13 
-68 -29 -5 24 49 18 93 -15 -72 -21 43 18 24 67 23 -24 
12 -20 17 -12 -49 14 25 21 0 0 0 0 0 0 0 0 
-17 9 -67 5 36 14 45 -35 -30 -26 -34 -28 5 -6 -22 -16 
48 22 -17 8 29 34 -45 31 36 -55 -49 -34 19 -6 -43 62 
29 70 -50 22 -16 31 2 5 0 0 0 0 0 0 0 0 
-7 -92 29 38 -4 21 14 62 -5 34 -80 35 51 -11 -3 25 
-79 -9 -35 -28 -6 -19 68 -10 -22 12 -8 19 3 -16 -8 11 
40 8 17 -29 13 14 -15 -12 0 0 0 0 0 0 0 0 
-76 -40 -64 -44 -8 32 -22 -18 -6 -4 -10 43 -9 -9 -38 27 
-16 41 64 16 43 11 38 43 22 -29 -6 -15 -12 -40 -2 -56 
9 35 -19 46 36 -14 -36 -49 0 0 0 0 0 0 0 0 
28 55 -29 -3 23 15 76 -43 32 10 61 35 30 -10 -42 4 
-34 46 68 -36 -14 0 -39 51 -3 40 6 -47 38 -10 62 44 
-36 37 16 -16 -8 -79 13 23 0 0 0 0 0 0 0 0 
0 15 -18 18 8 -2 -2 16 5 25 7 18 -22 -7 -5 -11 
-2 -26 -30 -28 10 -9 -19 -48 -49 32 21 0 36 50 0 -8 
5 -19 5 32 -1 -26 57 32 0 0 0 0 0 0 0 0 
-57 34 40 42 -38 -85 -46 25 58 -48 -52 26 -29 -28 -6 -33 
-54 -45 -58 -43 25 60 -12 -8 29 37 -2 -1 41 3 -18 -19 
-39 25 -11 60 44 18 55 -7 0 0 0 0 0 0 0 0 
40 -2 -28 -50 19 -45 9 14 -49 -19 -53 24 30 -13 45 -34 
11 20 32 -41 -46 48 13 9 -10 -24 20 35 -38 -49 56 -7 
-25 -20 2 -57 0 23 22 45 0 0 0 0 0 0 0 0 
38 -31 -20 22 13 3 26 -44 47 41 -6 24 -10 9 25 83 
-45 -18 -11 29 69 51 -74 -26 21 -39 -34 -7 43 8 15 -50 
3 -50 -15 -44 -3 -5 -24 2 3 57 -24 -29 25 9 -6 -12 
-123 66 -3 -39 70 1 -47 5 -99 25 22 16 -35 -36 13 -25 
51 -11 46 83 -6 56 109 116 44 115 29 21 -20 -41 60 -7 
-29 -40 84 66 -2 -22 67 -13 161 20 14 -2 -38 105 51 -83 
-62 -43 -10 -86 -29 -65 -23 -79 34 -72 10 -26 16 -40 -79 47 
10 -29 -45 98 -76 57 20 75 127 7 117 -4 9 75 15 -2 
-83 37 -20 1 37 41 -81 -13 36 -30 -34 10 25 68 30 47 
24 5 -79 -34 -6 -30 71 36 -93 50 30 23 -2 45 8 37 
20 -10 19 29 62 69 1 49 -49 4 5 -35 -79 -8 -45 81 
-15 -21 -37 -15 22 60 -11 111 -12 5 37 2 -82 68 2 46 
21 -40 -50 -44 -10 -10 52 -30 40 23 48 5 85 0 3 -2 
3 -75 22 -17 47 -1 -24 -58 6 -17 43 -65 6 -45 -75 81 
29 6 -79 40 113 29 -45 21 -64 47 -11 -31 27 81 51 31 
-25 -27 111 46 -75 -29 -45 77 -11 29 118 51 6 59 23 78 
-75 -66 -65 28 29 82 -70 -50 -33 -21 -80 -7 49 -39 -31 -98 
76 -25 67 -43 -7 80 16 42 -37 24 41 -8 -30 -2 70 -108 
10 15 -93 -74 15 73 -55 -46 39 117 -50 57 -28 91 40 -15 
37 5 -10 17 106 27 -45 23 101 -63 83 -35 -13 -54 -23 -27 
35 -35 46 -87 -34 -26 -104 -34 46 21 -42 23 62 -25 23 -29 
-32 9 -11 26 1 -3 -55 -55 -57 -25 -15 -52 -51 -50 23 41 
24 9 -26 -7 -36 -6 30 -3 -28 26 66 69 31 10 66 -16 
-41 -40 71 7 -79 -1 58 -10 -56 7 -17 26 80 16 30 -31 
-6 -99 45 13 -95 16 -3 -26 -79 30 4 -9 -14 -52 99 21 
-74 -42 -57 14 102 -6 -77 20 -3 -10 33 27 99 -27 -51 12 
28 -43 34 -61 -77 -16 9 9 -30 52 -76 44 -69 2 44 -66 
-20 -2 -21 39 -25 16 -38 4 18 31 -5 41 -60 24 15 20 
-20 21 -37 20 0 57 1 14 28 -9 -34 20 57 2 -25 10 
-1 5 -23 32 26 40 26 32 -40 81 40 -4 6 11 23 17 
-21 -56 42 35 0 -14 1 57 7 -20 -17 -24 21 41 68 -33 
0 -22 -29 -13 87 -9 -39 -49 -18 7 40 62 89 5 54 30 
-88 101 -55 -60 -27 16 69 13 -46 6 37 69 15 14 32 -62 
34 -40 -35 40 -3 5 -17 36 -17 9 31 2 -43 19 -1 -47 
10 23 -37 -42 12 -50 37 32 -19 -6 1 -40 -22 -29 20 -22 
28 3 3 -30 -45 47 -2 13 -57 -46 82 23 -12 -3 -3 56 
-12 -51 7 -32 2 -35 32 13 -1 51 6 60 -14 -11 17 10 
-58 -42 -20 -19 42 110 53 5 80 23 -25 -13 -60 -29 14 26 
40 19 -30 -4 -48 46 106 45 33 9 64 93 -16 63 56 -44 
-8 4 4 -139 61 1 28 -23 3 35 19 -4 -49 12 -75 8 
2 17 35 -13 2 -11 56 4 71 -37 21 30 28 -25 9 -23 
12 27 45 -93 15 -30 24 -14 8 -50 14 -30 -39 -9 3 33 
13 -26 39 48 -102 20 4 10 -53 44 -32 56 84 23 58 -41 
5 -14 8 -26 32 -24 -61 -63 -44 -20 -41 4 47 -6 12 1 
11 -27 23 27 -12 -66 10 34 -44 25 35 -3 -17 12 -17 -76 
56 -53 31 -42 -14 -43 11 29 -32 -7 3 1 37 50 -17 8 
34 12 1 -56 62 -23 12 -47 -70 62 -5 -14 -21 6 -22 -4 
-61 44 -61 -13 -30 -14 -16 14 -43 -35 -11 -32 -36 -25 29 0 
40 15 -29 -37 -20 -71 35 -27 -20 -6 29 -71 23 17 -37 -48 
28 38 36 -35 -24 44 40 -50 -8 63 5 -11 -29 -55 -56 39 
-1 -7 -62 50 50 -13 -23 -23 34 5 -5 27 -19 10 -6 9 
-6 -19 33 5 0 74 1 -13 39 -40 1 32 -21 5 -27 25 
-67 13 26 54 -30 43 -46 29 11 -15 -37 -36 -42 -17 -28 -40 
15 -21 -70 -36 31 34 -32 8 -2 39 -25 10 23 11 18 57 
-37 26 21 35 67 37 36 -23 18 -49 46 -24 16 22 -12 35 
43 26 -28 16 -46 19 13 -10 23 21 -9 22 -41 -60 -38 54 
18 -5 1 -9 -7 -23 17 -75 43 24 -65 -40 33 63 -10 -77 
-23 -8 4 -4 111 -15 30 -35 -19 -72 -50 23 -62 -18 -39 12 
-25 -25 30 -63 22 -12 3 27 5 23 -2 -4 -71 33 34 -9 
11 45 38 28 -74 -5 -52 7 20 15 -43 13 15 31 -34 15 
-11 -8 50 78 -37 42 -65 71 -12 -8 -27 62 -38 2 -24 17 
-6 63 40 32 -46 12 12 20 2 -11 35 -23 -26 -14 2 -2 
127 59 -86 -44 -31 6 17 -35 -30 21 -21 -7 10 -14 -39 7 
-17 -57 -46 -27 21 -6 -4 25 -48 23 39 -23 -59 0 7 17 
-1 67 -8 47 -44 -32 1 47 -27 -27 6 -7 -16 -14 62 2 
60 -33 50 25 -43 -3 57 -37 59 29 29 -11 -25 77 27 -27 
52 2 -9 -66 -70 -44 21 12 15 99 -44 34 109 -36 34 -28 
42 95 -22 -71 -7 27 -49 -36 -17 -47 -36 -7 27 -11 44 32 
18 -39 -58 -31 -38 -3 15 53 -43 55 7 -62 -52 -41 40 -9 
-45 -49 -63 -64 -3 0 14 11 -40 39 -79 -41 55 -16 3 -8 
40 38 -20 -7 -73 -18 26 -22 -30 29 59 -33 -3 56 107 11 
-72 40 72 3 -66 -6 -11 21 -10 -41 -41 -35 -81 4 33 14 
14 26 78 11 -29 45 -21 -36 40 48 9 43 33 10 -1 72 
49 5 -51 9 4 -12 -49 -29 -62 -21 5 -7 -3 8 -6 -22 
5 11 14 -55 9 11 -11 33 -72 -13 14 40 -13 -19 -31 -19 
19 -45 -9 10 -43 -22 47 -52 35 39 3 -38 -16 -9 -18 -8 
-8 21 -29 0 47 69 -3 -28 17 -52 33 49 84 4 -4 -14 
15 61 -49 18 51 44 7 18 24 52 -51 108 6 -33 36 37 
-33 11 -53 -37 -6 3 -4 -24 -23 30 -26 -3 -5 22 62 -71 
-6 -35 23 2 21 -35 -80 -62 79 -107 5 -72 45 -4 62 41 
8 -16 37 28 83 -47 7 -20 1 39 50 92 -43 12 30 -76 
-2 -16 29 -31 15 4 -19 -6 -16 17 -35 16 0 -7 -7 14 
11 42 48 30 -21 -25 38 7 11 -9 57 -16 -18 -8 23 15 
6 15 7 -2 1 -33 4 22 -41 29 -34 34 -19 4 -15 -37 
15 18 28 5 -12 -22 3 -6 -7 1 -1 -26 -27 2 -4 13 
7 -11 12 -8 -12 33 -6 39 -29 14 -15 -60 19 -43 -18 -22 
5 30 9 2 -28 4 -17 12 -19 13 2 -2 18 -21 42 -39 
7 -10 3 4 -24 16 -33 66 15 19 36 -14 18 -30 -38 17 
21 4 -23 13 -4 -54 -28 -19 43 -24 -1 9 -25 40 -5 -21 
29 26 -29 12 -19 -9 -42 -11 6 -16 -19 -39 7 -49 -18 -44 
-14 37 -69 58 -64 13 -5 -22 24 9 6 2 18 -20 43 -36 
-10 -30 13 4 12 72 11 -13 -18 22 31 18 -15 -17 10 -17 
7 -54 1 16 -59 72 34 0 -19 26 4 -8 -22 -28 19 9 
-5 30 -44 -16 -46 -8 9 -10 -41 -44 -32 14 -22 -8 -26 49 
-49 -35 -23 36 40 -4 28 23 63 -4 12 -40 -4 -6 64 -25 
-2 21 50 -11 -22 -8 -32 -31 -4 -5 -22 -27 1 -24 -46 -3 
32 36 -5 51 51 -10 47 -13 -58 -38 -35 -35 45 -46 -17 18 
-7 -59 33 12 28 17 -7 -2 -14 -43 -5 -33 11 -40 31 -36 
7 2 16 59 -80 39 76 9 20 -53 -32 -45 -25 -12 30 -39 
-5 -1 8 -11 5 18 -18 -7 -1 -2 -7 4 -9 -13 21 -18 
-9 -20 0 -9 15 -1 5 25 -5 2 20 2 8 -12 -12 14 
-7 5 2 -4 11 -8 -6 36 -8 -7 -15 5 -3 -4 8 11 
-38 -10 15 -26 -5 -1 3 9 2 -2 13 -4 -9 -3 -13 1 
9 3 1 -13 -12 20 6 -11 9 7 -10 -3 15 0 2 14 
5 15 -2 0 7 -5 14 10 -8 -13 11 -9 1 25 -3 3 
56 79 0 23 -15 -2 26 -32 -36 11 10 -31 -22 7 24 -20 
32 -6 33 -52 -19 16 16 -10 12 -1 3 -13 51 -26 -50 -23 
-25 20 -7 -10 -6 22 32 -3 -1 11 29 -5 28 45 5 50 
-16 24 -25 3 22 29 -71 43 7 46 -12 25 11 52 28 19 
-25 43 -6 -25 -3 -2 27 51 -5 30 -8 39 28 -37 -4 8 
-18 15 5 -4 -12 41 -20 -2 -8 39 27 -45 51 14 -6 -5 
-31 17 -9 -48 11 0 -15 -8 15 -21 -4 -1 -13 38 -15 17 
13 -22 -5 -9 21 -34 34 3 -17 -22 -16 24 -40 -8 6 17 
2 8 15 -8 29 -40 30 0 -26 -30 3 42 -10 -4 -5 41 
-12 0 46 14 -19 0 3 -8 3 -48 6 -9 -4 -8 -32 8 
22 -30 19 -8 -9 -7 10 -40 -11 0 9 -25 2 7 2 6 
31 2 -15 35 1 -51 15 -1 -13 -15 -13 -9 -45 8 26 -26 
11 51 14 39 -87 35 94 -25 -50 -53 -24 27 24 10 35 29 
-35 -8 -18 17 36 -47 -52 -29 -7 33 -48 -44 0 -9 25 6 
-23 -11 20 5 -5 -4 13 -1 -33 41 20 -10 -23 -17 -43 24 
16 40 39 -18 38 -30 -51 -6 -31 -18 -65 -30 53 39 -11 -2 
-29 -24 -11 -10 46 67 -30 -22 20 13 70 -49 -16 -11 16 -74 
-5 15 29 37 -68 4 69 -11 30 38 -37 53 27 32 -18 -29 
5 -17 -3 -3 19 5 -22 55 29 4 -13 -3 1 -7 -37 66 
26 9 -22 25 28 23 -8 -2 24 -8 13 -19 -3 40 12 -6 
52 0 -12 -13 2 42 7 -21 -14 -32 -33 -10 -33 -17 -60 -50 
-11 -12 -8 -22 -54 -4 -25 -16 -46 -6 38 13 43 -24 51 -13 
-16 15 15 29 -43 41 -29 -7 -34 17 -6 52 4 -32 8 -15 
-29 -16 -6 -30 -15 35 -8 -21 24 -19 1 -19 -23 -37 30 -27 
-10 17 30 31 13 -70 5 9 12 -50 -14 -17 6 17 12 -22 
-4 0 -26 -34 -9 17 17 -8 -10 -23 6 -14 -2 24 6 22 
-5 1 12 7 49 -29 1 -17 2 30 8 -10 2 16 -45 -3 
0 -3 26 6 -37 2 -58 1 -20 5 -3 -33 7 -7 12 6 
21 -43 -8 -16 -5 3 -2 -6 -26 6 -17 15 -39 -15 -17 -14 
-10 1 -9 -15 19 -13 -6 -2 -20 35 -37 -4 -18 -24 32 -28 
-5 14 -14 -35 21 32 59 -65 -37 -33 -3 2 7 -42 -7 -17 
-30 57 43 30 -32 1 -6 -21 -44 11 23 -15 7 -50 50 5 
-31 -16 -5 -35 -15 22 34 33 -55 -2 39 64 -34 37 39 43 
8 9 45 -9 64 -9 37 14 23 -30 10 13 -19 8 -6 -3 
-45 23 7 5 4 3 -33 -38 28 10 23 -27 27 18 -21 -13 
14 16 -13 5 -37 -59 84 14 24 -46 -14 23 -4 13 -64 27 
-15 -3 -40 -16 -18 66 33 -17 -44 -12 10 51 12 -16 7 -40 
22 -44 36 58 13 17 2 -19 15 -17 21 -13 -27 -33 -20 -6 
-8 -23 -36 10 -9 15 13 6 25 -32 0 -25 24 -9 21 47 
35 5 37 -11 -4 8 8 -3 -3 -35 -38 -9 18 -12 6 -26 
-47 15 14 13 -25 -8 -15 32 3 -12 23 -1 7 4 -15 -12 
0 -6 16 -1 -3 6 0 23 44 -30 -20 -6 47 -7 -20 -6 
30 -22 5 10 3 25 -3 14 -8 7 -13 4 3 42 -7 45 
3 11 -32 24 -20 -10 30 15 4 2 8 -9 -11 10 34 -36 
60 11 -48 10 -4 51 -8 -44 -14 -15 -21 -18 -41 -13 -29 -51 
-25 -34 -10 27 -22 -5 21 -44 -22 -9 0 15 13 11 0 1 
-26 -27 -6 46 -8 37 33 -38 1 8 -16 43 -16 -7 26 -33 
-39 -19 29 7 -6 51 11 2 14 29 5 -14 -53 48 6 -13 
-8 39 49 18 1 3 10 -22 5 -40 51 -15 2 -22 -26 -13 
2 10 17 -59 -14 -15 -14 -36 -14 18 -24 -14 -23 -39 15 -6 
-2 -3 -4 -6 21 29 -12 -19 -31 6 27 -3 -4 -38 -24 43 
-5 27 -24 53 -5 -18 2 25 -11 -29 -8 -4 30 12 4 15 
-9 -15 7 20 1 13 -16 15 7 30 -1 -38 -14 -26 3 28 
-9 -7 -12 36 6 -10 8 -7 6 20 7 -2 27 2 -18 -14 
-2 -10 -19 -27 2 8 14 12 24 12 11 -49 10 15 -42 52 
8 -12 8 -1 -11 -3 52 -9 -12 15 30 16 -20 -1 9 -11 
23 18 -11 -16 5 16 15 -30 -36 -26 23 -2 -51 -11 -23 6 
2 -1 0 21 35 -28 3 -15 -66 -13 -7 18 -6 -8 13 11 
-9 -11 6 -25 10 21 -29 -20 2 -22 42 44 21 -17 4 11 
39 -11 12 10 -41 -2 42 -4 3 -22 -10 20 -22 6 16 17 
28 -55 2 -1 -5 26 -3 -42 -26 4 -30 48 5 8 -19 34 
-1 -45 -11 38 17 -44 57 35 52 23 26 53 -14 16 -8 -2 
55 15 -25 -43 -19 9 1 36 -1 2 15 -5 11 -6 8 38 
-63 -4 3 34 -8 -39 4 -48 -16 -5 8 6 -25 -45 -41 7 
20 -10 -11 -37 27 14 -25 -21 -5 53 -8 -28 -11 -17 15 28 
3 -10 32 33 -24 4 45 47 69 -7 21 -5 -15 48 -34 -5 
50 -15 39 -23 -11 13 60 -71 13 -48 -12 6 2 4 -11 13 
38 5 4 30 25 -22 -17 3 4 -8 -16 34 21 -2 44 -23 
42 -11 -13 -13 -18 -17 4 38 -17 -47 52 16 -22 22 31 58 
-13 12 27 5 11 7 -15 29 24 4 -6 -22 -14 3 -38 0 
10 2 33 -20 -49 6 40 -21 -25 43 2 -32 -9 -51 38 65 
-10 -51 -5 3 -38 -53 -2 -6 17 -15 15 23 -22 42 -22 10 
-45 53 21 18 -14 2 0 -10 2 -15 -4 42 3 18 66 5 
24 36 -38 -13 32 -36 -52 22 7 1 -6 3 24 -24 -32 24 
-27 -26 15 -20 19 -11 27 31 -20 27 -12 -10 -19 -61 -8 18 
43 -22 6 -38 -4 8 -9 76 -10 43 -2 -14 15 -23 -6 43 
2 20 -32 -6 -21 -30 -12 7 -3 8 29 -26 6 14 -46 14 
-24 63 0 -16 24 -31 -41 -29 1 -54 22 -29 -3 -28 -28 21 
18 43 29 4 22 0 -6 -51 -46 -27 -39 31 -8 11 24 24 
-6 -38 -16 -22 27 22 -23 -11 -11 7 14 0 22 -4 1 44 
-16 -5 19 -78 14 -9 -42 -3 -11 12 6 -15 23 -7 -2 11 
-13 -11 5 -2 6 -12 10 40 -24 -28 -8 -12 19 14 -4 15 
36 -1 -19 -25 -4 9 -8 -23 18 -41 13 -41 -5 -46 -10 12 
3 -7 -14 12 2 -14 48 6 4 9 7 -24 14 26 22 -4 
-4 -7 21 12 -16 -23 13 -18 -7 -10 17 4 -14 11 0 5 
4 -7 -3 -11 -1 -1 -8 21 7 -16 -5 10 -2 4 -10 0 
2 -5 21 -4 -7 -15 -4 11 -8 -8 -15 -17 -3 27 5 13 
-18 -8 11 6 10 10 -7 14 -13 0 -8 7 -2 -2 -25 17 
4 -7 -3 3 -13 9 -7 -62 -19 -1 5 8 -4 -4 -8 11 
-14 -5 -21 19 5 -20 -4 12 -14 5 -16 -4 -12 2 35 9 
-19 13 -2 1 26 8 -42 26 -24 -33 22 16 -8 -5 -18 8 
16 13 18 -13 19 -14 -32 -33 -4 -7 -19 -7 -23 18 -43 -11 
-26 -39 29 20 12 -19 -49 -24 18 -25 12 -12 -21 -24 -3 13 
-10 7 -15 14 -2 -9 -35 26 -5 7 -22 -6 18 1 -8 -23 
31 -6 28 48 -12 25 14 -20 -10 -1 40 -14 -15 -22 -4 -12 
-23 7 5 -13 -17 6 60 0 -27 30 12 2 14 -13 21 -13 
22 -4 18 44 25 29 -6 -22 19 -14 -9 4 13 29 -2 23 
9 -22 -2 -3 -16 36 11 13 16 61 -17 -4 12 2 -24 16 
-1 -28 1 0 -5 19 18 29 -2 -14 -15 -9 9 53 30 4 
-22 -20 8 -72 1 -16 -16 -6 15 -1 17 4 -73 18 -2 -41 
15 62 3 15 -8 -24 0 -17 9 -16 13 -1 -19 57 -8 34 
-25 -12 12 -44 48 -30 -10 9 28 20 18 30 -26 -16 -18 28 
15 37 -12 16 -31 -3 -15 2 31 20 -6 59 -28 -2 31 -46 
1 -8 22 -33 45 20 1 4 50 -22 -15 13 18 -35 36 -4 
8 -24 39 -11 9 -20 16 -6 -28 6 -32 19 -33 -41 27 -41 
19 20 -22 17 -12 -30 51 -26 -2 23 -17 -16 -73 -8 -24 -17 
-22 -22 26 -12 17 -7 -18 -1 41 43 60 -15 4 53 -16 -7 
22 35 -29 8 -6 2 19 5 -9 -32 42 29 -32 13 -37 -36 
-17 15 10 -23 -10 0 -1 6 -38 -38 -34 27 6 -20 -5 -13 
-2 -27 -4 -9 39 -35 -23 -13 -29 -53 -11 -23 -31 17 16 3 
-10 21 14 26 13 -7 -37 -5 15 -31 38 25 19 -6 -23 17 
9 13 3 -1 -39 16 12 -1 11 -37 -15 -36 34 -24 -9 18 
-1 -56 -2 -37 -4 10 -15 -4 -31 -4 10 -44 17 -25 -17 -20 
26 17 -13 10 -5 2 22 -28 -34 -5 1 7 9 -48 -5 -34 
-7 18 18 26 22 -54 -55 -78 11 6 9 13 -15 10 -12 -4 
9 94 17 -22 -39 -3 0 -22 -23 -24 -29 65 -45 -45 -56 -11 
-29 -29 50 -27 -4 -27 15 -51 -34 50 -6 -2 -2 -21 8 30 
-7 20 29 32 56 -14 3 11 -17 -6 -32 -7 -25 37 -41 3 
36 -5 -3 3 37 -43 -14 -15 -4 20 -10 7 15 -41 -18 -5 
11 23 -2 32 60 -35 -31 -2 -32 65 6 5 35 24 36 -7 
2 2 9 -4 -16 -19 -8 -5 7 -3 -24 3 -10 12 -7 -13 
-20 -3 2 -14 -7 13 10 3 -10 6 3 1 4 4 -14 2 
-9 -2 11 -14 21 -29 -8 5 -6 4 13 7 7 19 -7 0 
-6 9 0 9 -6 8 -21 11 -7 -3 20 -2 3 5 12 -2 
27 -14 10 -4 1 -3 6 -4 3 -13 -16 -15 -7 -34 -9 -6 
-1 4 0 3 12 -13 -11 8 -27 14 -23 -17 3 4 21 -11 
-13 -51 -26 -32 -39 8 -1 -21 -8 6 8 13 29 -13 -42 -9 
-16 -41 -6 -17 23 -65 -6 -40 -21 -11 14 61 -48 8 -4 9 
16 21 -21 8 -12 -28 -12 -28 -18 -26 3 27 15 30 -16 0 
12 -40 8 43 16 23 27 5 -29 -25 -31 -20 38 -19 15 -4 
-15 -35 -12 -46 20 -17 26 -6 12 24 -3 -65 25 12 5 20 
7 -9 44 -3 -28 0 27 -15 12 -5 -3 8 19 11 -4 -12 
34 -2 -15 14 36 -7 -67 10 -3 24 29 16 5 19 -15 -46 
3 -63 4 -17 8 -1 52 46 -17 -44 2 5 32 62 3 12 
18 37 16 19 -30 6 -35 60 54 -24 -40 31 -11 2 38 -45 
-12 23 -46 18 -51 -16 8 -58 -23 11 77 -4 -22 -8 -2 -8 
-24 -32 23 -5 8 1 -35 -2 -3 -33 -29 -2 10 -4 -21 -22 
30 2 -25 23 19 33 27 -13 -47 -8 9 -21 -36 2 36 23 
9 47 19 -5 51 52 -2 -17 17 -2 38 8 -10 -30 14 -7 
34 13 42 -29 1 12 -13 -41 -50 4 21 -8 18 -11 -4 12 
1 -23 18 25 -3 7 3 36 0 27 -6 -8 4 -24 -17 1 
17 -2 13 -10 -6 -33 21 5 -24 1 -11 27 27 4 18 -2 
-15 5 4 24 -14 -18 -26 13 30 -8 17 -35 -17 -3 -20 20 
-23 27 0 -15 0 -20 18 -12 -22 11 8 12 16 -3 -10 18 
26 31 12 37 21 13 16 -32 4 15 20 -22 7 -28 30 -6 
32 -33 -39 -37 14 21 18 27 -26 28 -22 -25 30 4 -16 5 
13 -25 10 4 -9 -11 26 37 -27 16 13 -3 16 -8 -24 42 
-23 -24 -19 -32 -14 39 -44 42 -35 40 -20 -9 -5 38 42 33 
17 56 24 -29 -15 -5 26 -26 52 -29 -43 3 -23 -11 -22 40 
-56 17 -20 -26 34 -5 -28 -6 -29 -16 8 0 20 15 -19 3 
9 49 8 -2 9 51 38 -11 16 4 -20 -36 23 38 -27 17 
15 -28 -7 -18 43 31 46 -5 28 28 -5 10 11 -8 -38 -9 
-10 -27 -1 -26 11 -28 28 -4 -3 -19 6 1 -33 8 -20 61 
-29 31 14 -34 13 -35 -4 10 -12 21 -34 -30 30 23 49 5 
-3 18 25 -21 22 2 25 51 38 -25 11 18 28 -5 41 45 
7 -41 9 25 -30 21 -35 -20 38 32 -52 -16 2 65 -20 -16 
-3 19 0 8 -3 4 9 15 -15 -13 -11 -8 14 -16 12 11 
20 1 -5 3 -9 -28 -10 -14 -34 6 5 -26 -6 -4 19 28 
-10 1 -16 4 9 23 -11 -14 -33 -3 5 -6 -1 -18 -36 11 
12 4 0 5 -29 19 2 5 -6 -11 10 19 21 10 21 11 
-17 7 -8 10 -14 9 8 11 -40 10 25 -24 -7 1 7 -24 
1 19 20 -1 -25 9 33 -10 -13 5 -22 10 11 -18 -28 -6 
-13 20 15 -13 -4 18 3 -19 3 7 -31 14 3 -31 31 25 
-16 -9 5 6 2 -35 -16 -11 21 -32 17 -6 -10 40 30 19 
-23 15 -57 25 -12 -16 15 6 30 14 -1 9 16 -5 -33 -18 
7 -18 8 -40 6 -7 32 -27 -25 9 -14 3 23 44 26 22 
-16 -26 -24 -9 8 18 38 33 11 8 0 -42 58 -12 16 21 
32 34 20 -21 -1 15 -19 -15 -28 -20 -36 -31 4 -14 -5 12 
3 48 28 25 11 -6 51 8 20 -31 53 -35 1 41 -4 -24 
35 -16 9 -58 -12 6 25 -27 -10 38 -3 -16 20 -27 -10 1 
-11 -1 -1 52 28 3 21 -15 -33 -14 34 5 10 -1 -5 13 
-9 19 -33 -6 40 -37 -12 -9 -22 -3 -43 -17 6 15 -9 7 
1 21 -2 2 5 -1 37 -16 27 -19 -4 0 -29 4 -33 9 
-27 7 -6 5 -1 -6 -21 0 6 -1 0 11 34 -11 -18 32 
22 3 -50 -8 -6 -30 13 -23 23 12 -2 -10 2 5 34 17 
-3 4 -38 -6 -27 13 -6 1 33 5 -23 15 23 -6 -7 6 
-5 13 -13 25 3 20 15 -3 18 30 -2 -3 28 37 -13 5 
-2 21 11 10 19 19 10 17 29 2 34 31 -1 -2 -12 -2 
9 19 11 0 1 -15 30 14 24 11 -22 21 29 16 49 5 
8 10 21 -7 7 24 -4 -1 25 15 -25 11 16 -21 5 15 
55 39 -28 9 -28 3 16 -29 0 -16 8 73 -12 -19 41 -32 
-11 12 11 -6 24 29 20 -5 17 0 -29 -54 65 18 6 -43 
-13 -9 53 -28 7 -4 -4 3 -2 -20 -10 -2 -18 14 13 12 
50 -4 16 -10 -3 -68 52 -14 -37 -33 -9 -25 -4 -12 -19 -20 
6 11 9 1 -13 11 -37 -1 30 -31 -11 -49 -27 17 13 -5 
7 17 14 24 9 -23 10 18 4 -39 2 2 -14 25 -2 2 
-13 -52 8 -28 22 33 1 9 -27 -29 -5 -42 -12 5 27 23 
-17 15 28 41 -22 -45 -12 41 2 -16 -1 12 -98 27 -24 -3 
-2 -4 -30 44 -20 21 -13 -33 -11 20 36 -65 46 -20 -34 0 
-42 -3 6 15 -17 21 -3 23 22 22 25 4 -23 -43 -6 45 
13 -1 -36 31 21 14 16 6 -22 12 22 45 10 -52 -12 41 
24 -34 41 -15 2 0 12 17 -2 -16 -12 39 -14 46 -17 -13 
-8 17 19 -1 32 -3 5 -3 7 -17 -3 -6 -17 -10 22 22 
-14 13 -22 15 22 30 -2 -19 -7 -3 -9 12 15 -1 -24 -19 
16 -23 -26 -11 -2 -11 -9 -38 10 1 29 1 0 2 -4 -7 
-3 5 0 -26 -29 -20 9 22 18 -10 16 -12 -6 -11 -1 -4 
-3 10 6 45 2 12 24 9 -6 -12 -12 13 -2 15 -15 26 
4 8 44 -44 23 19 26 -10 -25 -8 6 24 20 -17 -16 2 
0 0 0 0 0 0 0 0 0 0 0 0 0 0 0 0 
0 0 0 0 0 0 0 0 0 0 0 0 0 0 0 0 
0 0 0 0 0 0 0 0 0 0 0 0 0 0 0 0 
0 0 0 0 0 0 0 0 0 0 0 0 0 0 0 0 
0 0 0 0 0 0 0 0 0 0 0 0 0 0 0 0 
0 0 0 0 0 0 0 0 0 0 0 0 0 0 0 0 
-1 -1 1 0 0 0 -1 0 0 0 -2 0 1 1 -2 1 
0 1 -1 -1 0 0 2 0 1 2 0 0 -2 0 -2 0 
1 1 0 -2 1 0 -1 -1 -1 0 -1 -1 1 -1 -1 0 
-3 1 0 0 -1 1 -1 0 0 0 0 -1 1 1 2 0 
1 0 -1 -1 2 0 -1 0 0 1 0 1 0 -2 0 1 
0 -1 0 0 0 0 -1 -1 2 1 1 -1 -1 1 0 -2 
0 0 0 0 0 0 0 0 0 0 0 0 0 0 0 0 
0 0 0 0 0 0 0 0 0 0 0 0 0 0 0 0 
0 0 0 0 0 0 0 0 0 0 0 0 0 0 0 0 
0 0 0 0 0 0 0 0 0 0 0 0 0 0 0 0 
0 0 0 0 0 0 0 0 0 0 0 0 0 0 0 0 
0 0 0 0 0 0 0 0 0 0 0 0 0 0 0 0 
0 0 0 0 0 0 0 0 0 0 0 0 0 0 0 0 
0 0 0 0 0 0 0 0 0 0 0 0 0 0 0 0 
0 0 0 0 0 0 0 0 0 0 0 0 0 0 0 0 
0 0 0 0 0 0 0 0 0 0 0 0 0 0 0 0 
0 0 0 0 0 0 0 0 0 0 0 0 0 0 0 0 
0 0 0 0 0 0 0 0 0 0 0 0 0 0 0 0 
-7 21 4 22 5 11 -17 0 3 -1 34 6 -19 29 4 21 
-8 18 -14 -9 -14 13 8 -7 3 2 -19 8 -15 -13 -4 -8 
-18 -16 12 13 24 17 -7 -24 -1 5 11 5 -6 -5 -13 -10 
25 -13 9 -8 -2 -7 1 8 -4 -1 3 -6 9 3 5 -8 
-1 -12 -1 37 3 4 8 7 16 1 6 2 -4 9 -1 11 
-13 20 18 1 18 10 -7 -7 -39 47 4 -1 16 7 7 15 
0 0 0 0 0 0 0 0 0 0 0 0 0 1 0 0 
0 0 0 -1 0 0 0 0 0 0 0 0 0 0 -1 0 
0 0 0 0 0 0 0 0 0 0 0 0 0 0 0 0 
0 -1 0 0 0 0 0 0 0 0 0 0 0 0 0 0 
0 0 -1 0 0 0 0 0 1 0 0 0 0 0 0 0 
0 0 0 0 0 0 0 0 0 0 0 0 0 0 0 0 
-26 64 5 17 2 10 -16 -9 -20 -9 13 -8 -12 40 -13 -12 
25 -6 19 -16 -23 2 5 20 9 7 -8 -1 19 3 -7 31 
1 19 -6 -21 -9 6 21 5 -39 -14 -11 -32 -25 -25 23 -3 
46 -1 -14 2 4 -35 23 -23 -27 35 -38 2 -7 17 11 1 
-10 -29 -1 -19 -25 -18 -28 1 18 -19 -6 -27 1 12 -11 6 
-20 0 -54 29 21 23 -5 32 -49 18 -33 -7 22 37 18 24 
-27 -8 -26 -17 -16 -2 -15 1 -4 11 -9 2 1 -19 8 26 
1 -12 -12 10 29 6 41 -12 -1 4 8 13 1 9 2 -12 
2 -13 -7 4 -7 -12 1 -13 1 -10 -4 -9 -18 -23 -5 -17 
7 -7 8 7 -1 14 -17 -11 1 -19 8 -16 -14 -10 9 -5 
14 -11 11 -13 -7 27 -13 -21 -3 -4 24 24 3 13 7 -8 
-17 -4 10 4 -20 -10 11 -1 20 -12 -1 0 -12 3 5 -1 
0 0 0 0 0 0 0 0 0 0 0 0 0 0 0 0 
0 0 0 0 0 0 0 0 0 0 0 0 0 0 0 0 
0 0 0 0 0 0 0 0 0 0 0 0 0 0 0 0 
0 0 0 0 0 0 0 0 0 0 0 0 0 0 0 0 
0 0 0 0 0 0 0 0 0 0 0 0 0 0 0 0 
0 0 0 0 0 0 0 0 0 0 0 0 0 0 0 0 
-1 2 2 2 -1 0 -2 0 2 1 -3 1 1 -3 -1 -2 
-1 0 2 -3 0 0 2 -3 0 2 0 2 0 1 -4 -1 
1 -4 2 -4 1 -1 -3 -2 -2 -1 2 0 1 0 -3 1 
-1 -1 -3 -4 0 1 -2 1 -1 3 1 0 0 1 2 -1 
2 0 0 -3 0 -1 0 1 4 1 0 -2 0 -4 -1 2 
-2 2 -1 1 0 -2 -2 -2 0 0 3 -2 1 0 1 -2 
1 15 4 19 -8 15 23 -21 -14 20 -2 12 -3 2 -18 12 
11 14 0 -5 -6 -14 16 -35 -1 -12 10 19 -2 7 15 -17 
12 36 -18 10 3 -22 7 -27 -5 33 -2 12 -16 0 -29 -12 
27 5 -40 -2 12 5 -6 5 -6 -16 -21 -4 -2 1 31 8 
-32 -20 3 -12 -24 9 64 11 0 20 11 20 -5 -6 13 15 
-2 -3 14 19 21 -10 -14 -35 8 -1 -10 -28 29 -4 -6 18 
7 -1 0 27 -18 -30 -11 5 15 -9 -17 12 6 44 5 2 
1 1 -60 12 2 25 -32 -16 -20 1 -29 -1 6 11 -18 47 
21 4 -13 -29 14 12 -26 -11 6 19 13 5 -23 -5 -45 -13 
16 -28 -8 2 -32 -4 -23 26 -15 -2 31 -8 -15 -4 26 19 
4 -15 -16 0 14 9 3 4 16 14 2 -14 -17 -7 1 -31 
-62 24 -5 -21 31 16 51 -12 6 1 21 7 25 -28 -2 -9 
1 2 -3 -4 2 0 -4 5 -5 5 0 8 7 -7 5 1 
2 6 8 -4 -2 -6 -2 2 3 -2 5 -7 -5 1 7 -1 
-4 -3 6 -5 0 -1 -10 -1 -4 -4 0 -10 8 -6 -7 9 
-1 -7 1 -5 5 8 -5 0 -1 1 1 4 4 8 2 -3 
1 3 -3 2 -2 -7 -5 1 -4 2 3 -5 7 -7 -3 -3 
5 -3 -7 1 -16 -4 1 -7 2 4 2 -3 1 -4 4 -8 
0 0 0 0 0 0 0 0 0 0 0 0 0 0 0 0 
0 0 0 0 0 0 0 0 0 0 0 0 0 0 0 0 
0 0 0 0 0 0 0 0 0 0 0 0 0 0 0 0 
0 0 0 0 0 0 0 0 0 0 0 0 0 0 0 0 
0 0 0 0 0 0 0 0 0 0 0 0 0 0 0 0 
0 0 0 0 0 0 0 0 0 0 0 0 0 0 0 0 
20 -20 26 -44 27 2 18 -5 4 -35 17 11 -41 -11 -9 1 
-2 20 17 18 5 -24 -25 -11 30 -5 -36 -7 -37 -7 13 -36 
-20 -14 13 4 15 9 3 -13 -14 10 29 29 -17 7 10 6 
0 4 32 15 19 7 32 19 -13 -34 -32 -11 23 7 -46 -14 
11 6 5 47 -22 2 -1 -25 -12 -3 -2 -44 -46 -13 -28 11 
28 9 9 -22 -22 -9 37 3 -10 -12 20 11 -24 5 4 -32 
-6 -10 -12 -33 18 9 15 12 -9 -12 -3 -2 -5 -23 3 -8 
-3 -15 8 26 35 18 5 20 1 25 -13 -4 -1 12 5 -19 
-18 -6 13 25 12 -5 -1 12 14 -6 -12 5 22 34 49 6 
-39 23 9 -4 -9 -13 -1 -20 -1 7 6 -3 15 24 -21 -14 
17 -12 26 6 -7 -16 -41 13 -10 -30 12 -5 1 16 -4 -8 
52 -29 1 -9 -5 -7 -9 35 -12 7 -15 13 -39 6 2 -9 
0 1 -1 -1 -2 -2 0 0 -1 0 0 1 0 2 0 1 
-1 0 -1 -1 -1 1 -1 1 0 0 0 -1 0 1 -1 1 
1 1 0 -2 1 0 -1 -1 0 -1 0 -1 -1 -2 -1 0 
1 -2 -1 0 0 0 1 -1 -3 0 -1 0 0 1 0 1 
-1 -2 -1 0 0 0 0 0 1 0 0 -1 0 -1 0 -1 
-1 1 -1 0 -1 0 1 0 0 0 1 1 0 0 1 0 
0 0 0 0 0 0 0 0 0 0 0 0 0 0 0 0 
0 0 0 0 0 0 0 0 0 0 0 0 0 0 0 0 
0 0 0 0 0 0 0 0 0 0 0 0 0 0 0 0 
0 0 0 0 0 0 0 0 0 0 0 0 0 0 0 0 
0 0 0 0 0 0 0 0 0 0 0 0 0 0 0 0 
0 0 0 0 0 0 0 0 0 0 0 0 0 0 0 0 
12 -16 -22 -5 -36 11 6 9 10 17 -1 -10 -6 6 13 -7 
5 -6 -23 18 8 -8 17 0 15 -42 -16 31 -18 -11 3 -19 
-9 -1 14 1 11 -22 4 -19 -3 8 18 9 -11 21 0 0 
15 9 -4 11 13 15 29 -13 13 -16 -13 0 15 -11 -14 -18 
5 15 22 -17 16 27 8 -13 14 17 -27 -15 13 1 17 -6 
15 5 26 1 7 6 11 12 -7 -9 -18 -30 -17 -9 -9 -7 
1 0 0 0 0 0 -1 0 0 0 1 1 0 1 0 0 
1 0 0 0 1 0 0 -1 0 0 1 0 -1 0 0 0 
0 0 0 -1 0 -1 -1 -1 0 0 0 -1 0 -1 -1 1 
0 -1 0 0 0 1 -1 0 0 0 1 1 1 1 0 0 
1 0 -2 0 0 -1 0 -1 1 1 0 -1 1 -1 -1 0 
0 1 0 0 -1 0 0 -1 1 0 1 -1 -1 -1 1 0 
10 -3 -3 -19 15 7 -4 -12 4 4 12 -16 -9 0 -1 8 
-6 -10 13 8 14 4 -6 12 -8 5 2 -3 -10 7 12 0 
-7 -4 18 15 0 -12 6 -10 11 -2 -7 -8 6 20 33 -4 
-5 26 12 12 -4 -5 7 -5 6 5 -2 18 8 -1 -35 -1 
8 6 11 8 -1 -12 -9 7 1 -15 -5 -12 12 4 -23 6 
27 -41 -21 -7 16 -6 -10 26 -7 -23 -1 13 -27 3 3 -9 
0 0 0 0 0 0 0 0 0 0 0 0 0 0 0 0 
0 0 0 0 0 0 0 0 0 0 0 0 0 0 0 0 
0 0 0 0 0 0 0 0 0 0 0 0 0 0 0 0 
0 0 0 0 0 0 0 0 0 0 0 0 0 0 0 0 
0 0 0 0 0 0 0 0 0 0 0 0 0 0 0 0 
0 0 0 0 0 0 0 0 0 0 0 0 0 0 0 0 
20 -24 -36 -16 8 -26 32 -19 8 34 33 -8 -3 74 -22 -15 
56 -6 10 -17 -37 10 7 -19 -48 -18 8 -39 -1 -8 15 -3 
-25 30 -17 33 -3 -14 62 -14 41 -28 27 9 -24 47 -5 23 
31 5 -14 60 30 14 20 12 -32 21 31 12 16 11 -30 28 
-18 8 -4 -27 2 -8 -3 -29 -45 -35 -14 1 -17 19 -22 -39 
10 17 -24 8 18 8 -17 14 -19 4 -52 16 -14 -13 22 24 
28 -1 40 10 40 6 32 -17 12 0 10 -6 10 1 -14 -11 
33 17 12 -11 -8 -21 2 -1 4 -8 -5 -15 -1 22 45 -11 
-22 11 -15 25 -27 -30 -23 -12 9 4 5 -28 5 -28 -7 -27 
-11 31 -33 15 -7 -15 -16 -11 0 16 -1 -4 -1 10 4 20 
-42 -13 -8 -4 16 1 -12 -6 -4 -7 25 -10 -4 -19 -20 -14 
11 -25 14 2 21 50 18 16 6 10 -31 -2 -7 10 -20 22 
-9 -12 -44 11 6 -3 2 42 13 23 8 -28 -2 15 -2 11 
14 -3 -3 13 6 14 36 -9 20 -23 6 35 -14 -4 -5 -22 
8 5 -15 33 -12 26 24 1 17 24 21 -4 3 34 12 -18 
17 21 7 10 13 16 -10 -15 3 9 6 11 -24 0 -3 -40 
-17 6 21 11 7 -18 -4 11 5 -16 -7 35 -22 29 4 22 
15 10 25 6 44 -3 -32 6 21 9 17 0 15 -18 -9 31 
0 0 0 0 0 0 0 0 0 0 0 0 0 0 0 0 
0 0 0 0 0 0 0 0 0 0 0 0 0 0 0 0 
0 0 0 0 0 0 0 0 0 0 0 0 0 0 0 0 
0 0 0 0 0 0 0 0 0 0 0 0 0 0 0 0 
0 0 0 0 0 0 0 0 0 0 0 0 0 0 0 0 
0 0 0 0 0 0 0 0 0 0 0 0 0 0 0 0 
23 8 -8 27 -37 22 15 16 13 -4 7 11 -3 43 30 17 
28 -2 -5 9 8 12 -26 2 5 12 -34 3 -9 -13 -4 6 
43 2 18 38 -28 -4 -20 -10 17 -9 8 -16 -36 -37 -9 -10 
28 -24 10 -15 -4 -2 4 13 -21 0 16 24 -6 -3 -2 10 
-8 -30 20 45 -33 34 25 -14 0 -22 12 19 -1 9 31 1 
-11 -4 48 -1 -17 22 46 12 -20 -1 17 7 -25 1 -13 3 
0 0 0 0 0 0 0 0 0 0 0 0 0 0 0 0 
0 0 0 0 0 0 0 0 0 0 0 0 0 0 0 0 
0 0 0 0 0 0 0 0 0 0 0 0 0 0 0 0 
0 0 0 0 0 0 0 0 0 0 0 0 0 0 0 0 
0 0 0 0 0 0 0 0 0 0 0 0 0 0 0 0 
0 0 0 0 0 0 0 0 0 0 0 0 0 0 0 0 
13 -16 9 -10 13 -6 15 -2 5 -3 -4 1 -14 -21 -18 -9 
15 -3 -14 -29 -7 -15 0 -8 -5 1 -27 25 -11 24 29 2 
7 -2 -18 46 -16 3 -2 -25 -10 -18 13 32 14 16 10 -17 
-3 7 -1 19 -23 -18 -9 -18 38 -33 -15 -4 9 -7 -11 12 
2 -1 13 21 -16 24 33 -7 -33 24 -2 23 -10 4 -6 0 
18 -11 0 11 13 -4 -5 -9 8 -11 -17 27 -4 -18 0 -17 
21 -10 -4 -9 -3 10 11 -22 0 -7 37 -21 3 5 29 1 
4 -1 -6 20 19 -2 -16 21 1 -5 -8 25 12 9 4 -20 
5 1 -12 7 -18 -8 19 -3 -3 5 -10 -13 -27 4 30 2 
9 12 -12 -6 5 -12 10 -7 13 4 -8 13 6 -3 -14 1 
-5 10 14 16 -7 -5 15 -3 11 -5 -13 27 10 -4 6 29 
10 -35 15 0 -1 21 1 21 -6 -22 8 14 3 5 11 8 
2 -1 1 0 -2 0 0 0 0 0 -2 0 0 -1 -1 0 
-1 -1 0 1 -1 2 2 -1 1 1 -1 0 1 -1 -1 -2 
0 0 -1 -2 0 1 1 -1 1 1 1 1 0 2 0 0 
-1 -1 -1 -1 -1 0 0 -1 0 0 1 -1 0 1 0 0 
0 2 0 -2 1 1 -1 0 1 0 -1 1 -1 1 1 2 
0 -1 0 -1 1 -1 -1 0 3 1 1 0 0 1 -1 -1 
4 1 3 2 0 1 0 0 0 -3 -1 0 -1 -1 1 3 
-3 -2 -2 -1 2 1 0 -1 0 0 -3 2 -1 -2 -1 -3 
-1 -2 1 -3 4 0 -1 -5 0 -2 3 2 -2 0 0 0 
-1 0 -1 -1 -4 -2 1 -1 0 -4 -1 -5 -1 1 2 1 
1 -1 3 3 0 3 -1 -2 3 1 -2 2 -2 -2 2 2 
-1 -2 1 0 -1 0 2 -2 1 -1 0 -1 1 -2 1 -2 
-23 36 -4 26 -11 8 -27 -5 3 -16 13 -14 -9 36 -33 44 
19 20 6 -33 14 40 0 -9 7 -3 13 22 27 -13 -26 -31 
-20 -11 -1 -14 33 1 1 -2 -14 27 6 -11 -20 -48 5 11 
10 -20 37 36 -1 -48 -18 2 -15 5 -28 -26 16 11 12 -7 
-8 -48 -12 -12 7 -4 -5 -12 -12 -1 9 18 -34 14 -13 32 
-50 12 21 -8 -11 10 2 -5 -10 31 34 -9 3 7 11 58 
-2 -2 -1 -2 0 -1 1 2 2 1 1 -1 0 1 -3 1 
2 0 -2 0 -1 0 -1 0 -1 -2 -1 3 -3 0 0 -1 
0 1 -1 1 0 2 2 -1 0 0 -1 0 1 -1 1 -1 
-1 -1 0 0 -1 -1 1 -1 0 -1 -1 1 0 0 1 0 
0 0 0 -1 3 1 0 2 -2 0 -2 3 1 3 2 3 
1 0 -1 1 1 1 -1 0 1 -1 0 1 -1 0 1 0 
7 1 -6 -6 -3 -2 2 3 6 -10 -23 -1 7 5 -1 10 
-20 8 -6 34 -1 -5 -11 -1 -1 6 -8 4 9 0 -5 -13 
-5 2 -12 -6 1 -20 2 -12 8 5 -6 -6 -17 10 2 8 
3 0 13 -13 18 -11 7 2 -14 12 -5 0 -8 -9 -5 5 
7 9 4 10 4 -2 -5 -12 -1 -17 -15 -19 13 -12 16 0 
-5 11 2 -7 -15 10 11 8 10 1 -3 -11 -3 15 4 10 
