-195 -19 30 172 97 102 133 8 108 8 -120 -161 15 58 155 -82 
118 35 -42 -32 -57 -48 -28 64 85 15 99 127 -80 -76 11 74 
-54 89 127 96 45 30 -13 74 -13 116 -61 -46 -32 -129 34 -26 
132 43 -33 100 -131 139 -9 -100 48 -48 7 51 -98 -103 20 -91 
20 -47 6 -91 13 -63 152 -84 47 86 -26 74 18 -109 93 -64 
0 0 0 0 0 0 0 0 0 0 0 0 0 0 0 0 
-26 25 -66 -26 -32 -38 -20 -8 -60 -39 -87 -80 -28 19 -37 -61 
-70 96 -10 47 93 -32 78 -15 0 0 0 0 0 0 0 0 
58 20 17 7 -27 -32 20 49 -27 2 98 80 -3 -38 7 -77 
30 40 84 25 -16 92 33 43 0 0 0 0 0 0 0 0 
43 28 -60 69 -37 -63 16 -30 -42 -16 -81 -16 41 118 -11 -10 
-45 109 -50 43 14 -69 -77 16 0 0 0 0 0 0 0 0 
-16 61 -47 72 1 84 20 -33 30 12 -12 -43 20 -37 -31 44 
37 -60 22 53 60 59 -36 33 0 0 0 0 0 0 0 0 
36 -23 25 -41 -61 56 -18 15 -9 79 73 -33 -85 81 -20 -17 
64 -26 42 21 46 124 -22 10 0 0 0 0 0 0 0 0 
0 0 0 0 0 0 0 0 0 0 0 0 0 0 0 0 
0 0 0 0 0 0 0 0 0 0 0 0 0 0 0 0 
4 35 -82 70 59 -73 72 -15 -82 48 81 47 -39 9 -27 14 
41 63 -72 15 -111 -20 -7 78 0 0 0 0 0 0 0 0 
75 -53 -39 11 -16 -110 -117 -79 -53 -66 70 33 70 27 -88 27 
79 -52 48 121 -91 28 -180 -88 0 0 0 0 0 0 0 0 
-37 -103 11 162 26 97 -43 90 40 -153 45 16 -21 64 -23 -2 
-11 27 -18 -27 -31 -55 18 30 0 0 0 0 0 0 0 0 
-23 2 7 -10 46 -84 -85 128 -40 11 100 13 28 5 -48 40 
12 52 20 -41 -100 174 141 106 0 0 0 0 0 0 0 0 
32 -27 9 73 1 -7 18 -45 -36 -32 9 61 21 89 -59 -28 
26 -62 -34 23 44 -14 -14 20 0 0 0 0 0 0 0 0 
-88 -56 -44 119 44 58 -22 -14 -20 114 -102 1 73 -41 -35 60 
-36 -92 159 37 106 -121 -2 -85 0 0 0 0 0 0 0 0 
-74 17 -22 43 -55 13 -10 73 86 -47 51 57 82 -23 57 -29 
78 52 -13 -53 -36 -5 -49 -21 -89 -40 -45 93 -60 -39 22 -53 
56 -66 51 36 94 19 28 19 0 0 0 0 0 0 0 0 
15 -62 -50 2 61 -34 -30 5 -38 -22 60 63 -45 81 37 66 
67 -58 -18 49 -38 20 -61 -19 1 -33 -2 -76 -47 -69 37 45 
42 -40 52 7 -49 -14 69 -40 0 0 0 0 0 0 0 0 
2 32 34 -76 3 49 12 66 -44 -82 13 51 -54 -25 6 80 
13 -33 -28 0 32 -121 -109 9 -20 -14 -45 -4 8 -98 -74 56 
-8 161 160 36 -84 75 42 31 0 0 0 0 0 0 0 0 
-50 -69 44 -43 -60 48 39 113 -2 -53 -42 -138 28 -13 18 84 
-126 28 48 29 -78 102 96 98 -7 13 77 84 13 -11 -54 11 
12 31 -42 -24 73 6 28 94 0 0 0 0 0 0 0 0 
58 47 -16 -72 -83 55 -19 120 -27 58 -13 -64 -82 38 -12 10 
-98 36 -22 53 43 -29 68 -8 -14 0 -37 70 -51 52 -45 -18 
53 38 -18 -67 29 2 49 34 0 0 0 0 0 0 0 0 
-13 -19 -49 -37 47 47 54 59 69 0 -41 32 -128 12 -29 9 
38 -29 -66 -58 -59 -68 -25 -14 -63 -57 47 -3 51 106 -33 -55 
61 -47 -18 -3 43 35 30 -25 0 0 0 0 0 0 0 0 
99 -34 14 49 -128 -89 52 -45 13 95 47 -46 12 37 39 -114 
-8 -76 42 79 -29 65 115 -20 67 107 -32 107 -68 -50 -38 -43 
-35 -148 -74 -60 134 -18 -80 81 0 0 0 0 0 0 0 0 
-80 -122 17 71 0 -134 43 -2 47 -44 93 65 66 32 -65 100 
51 23 -66 -48 -9 -74 -46 -47 -122 62 -82 27 -61 79 40 -76 
-42 -72 27 30 17 53 2 -87 0 0 0 0 0 0 0 0 
-64 -67 23 71 37 27 -20 20 -36 22 24 41 -6 25 44 -30 
33 -121 -20 -61 -72 -21 27 -95 -54 -33 -7 -81 -99 26 5 47 
6 -28 22 25 47 -20 50 -15 0 0 0 0 0 0 0 0 
117 7 43 -6 -60 -47 -46 -25 54 -12 -3 17 46 -54 -6 -42 
58 2 23 -37 -84 -51 -4 -18 -63 7 17 25 35 -29 78 -22 
43 64 -33 29 -51 -55 -9 -44 0 0 0 0 0 0 0 0 
71 -35 90 71 18 59 31 8 76 19 -5 38 -6 -35 11 -37 
21 -30 48 78 -99 -1 43 -50 31 -5 20 106 -90 -40 -65 -5 
25 -47 -41 -83 69 109 126 106 0 0 0 0 0 0 0 0 
-35 -5 -5 37 78 30 34 66 -17 -28 -89 -25 -23 -53 25 -6 
-60 12 61 -64 20 53 -34 36 50 -1 -55 -79 67 87 67 5 
-46 50 34 34 69 7 24 -16 0 0 0 0 0 0 0 0 
39 82 -39 -60 61 8 52 24 -65 64 88 -13 -40 29 -15 41 
-56 -62 -30 -22 34 -41 -75 135 74 -88 14 84 -43 -113 -55 -22 
68 54 -13 56 -84 94 49 -18 0 0 0 0 0 0 0 0 
68 -62 6 17 -112 -12 27 -132 62 -37 -10 -31 47 59 23 -29 
20 30 10 36 -78 25 116 -36 23 28 52 -21 -56 57 -2 108 
-35 31 -94 7 35 -48 -27 53 0 0 0 0 0 0 0 0 
43 -131 105 61 -54 79 -13 6 -27 -8 -80 -89 14 -30 17 63 
-45 21 21 -63 -103 -16 54 -75 72 -9 -52 -18 -41 -23 -59 -37 
97 -44 51 60 -74 -8 9 -10 0 0 0 0 0 0 0 0 
-66 -53 -69 2 -8 66 26 -3 -39 -97 46 48 -63 30 -88 -41 
30 -48 -61 -7 29 -106 23 -9 -29 -37 4 1 14 -14 -3 -37 
-6 26 12 105 16 18 -11 45 0 0 0 0 0 0 0 0 
17 36 -6 90 -48 36 2 -6 64 49 88 0 29 61 2 -80 
62 20 -70 3 37 35 -47 18 -12 -56 42 22 -69 20 -51 63 
-12 -4 61 37 23 -44 29 21 0 0 0 0 0 0 0 0 
-6 29 14 -8 58 -23 -13 9 -54 46 -3 -12 -12 9 -5 -7 
30 0 47 3 -3 35 -26 17 -42 68 -51 -19 21 9 -23 4 
32 13 11 -21 -51 49 7 58 0 0 0 0 0 0 0 0 
69 24 41 -4 -42 -60 -18 -74 31 62 35 6 52 45 -3 125 
18 -15 -21 -54 24 119 -3 16 -97 -115 -50 -10 37 -68 47 -49 
-42 -20 43 -15 -60 -64 33 67 0 0 0 0 0 0 0 0 
-27 77 -97 -13 -20 -1 31 52 45 -41 -10 -23 22 51 -27 -73 
116 11 32 -17 31 -48 10 -49 1 -39 35 -40 -52 -61 18 64 
20 33 8 18 -7 9 -2 32 0 0 0 0 0 0 0 0 
67 -13 10 -35 2 -27 9 -32 30 -5 60 23 4 -2 -42 -32 
23 7 -1 -19 -59 -9 45 -11 -33 46 11 11 -6 5 74 -25 
-36 -37 11 -42 24 -33 7 70 0 0 0 0 0 0 0 0 
-13 60 28 37 104 3 -112 -16 8 7 -9 17 10 -54 15 -52 
-96 -20 46 -50 7 -2 60 38 -50 -25 -42 -43 38 3 -8 -25 
40 24 -1 -27 4 14 57 25 0 0 0 0 0 0 0 0 
-43 -13 -14 49 43 32 -19 106 -54 -42 86 21 -45 16 49 -5 
-62 -11 -75 53 43 59 -27 19 36 -49 20 2 16 -27 -51 -63 
20 -33 94 27 -15 -39 8 -39 0 0 0 0 0 0 0 0 
33 56 -4 -23 -17 -41 -95 -5 -31 -21 -55 -80 0 -110 18 -79 
-78 -14 -3 33 28 36 19 -66 4 7 11 -36 -29 -29 33 69 
-22 -7 -3 -58 -16 49 -35 -71 0 0 0 0 0 0 0 0 
28 28 -27 40 16 10 80 -45 67 4 -18 33 10 36 -45 14 
57 51 -14 -116 -31 -40 -16 -32 -39 46 61 59 6 65 68 -122 
-55 -29 11 -19 20 38 65 -48 0 0 0 0 0 0 0 0 
-37 78 -37 -37 36 62 45 38 -6 42 -19 41 -26 -70 -64 6 
42 41 104 -32 22 50 -86 -9 18 -109 22 -49 32 -22 11 -1 
46 8 54 19 -65 87 57 -18 0 0 0 0 0 0 0 0 
-45 -31 24 47 -18 42 13 -5 5 78 29 18 45 -25 23 21 
44 2 -50 1 -81 12 -19 47 -27 -11 -5 98 4 4 -19 -49 
51 30 -2 9 -30 45 -12 0 0 0 0 0 0 0 0 0 
-19 20 18 -77 -10 -78 -29 -30 -60 -4 -56 7 -76 16 43 4 
15 -25 11 -15 -41 56 -45 -9 19 -11 -64 -37 4 42 -15 36 
-3 -16 -67 -76 7 -40 -64 9 0 0 0 0 0 0 0 0 
-1 -7 -1 -3 13 -4 -25 -9 -34 8 -39 1 107 -41 -13 6 
-25 -19 8 -28 5 -89 -5 38 -68 16 3 3 35 -10 103 12 
-9 47 13 0 -49 -46 39 16 0 0 0 0 0 0 0 0 
-20 -55 41 22 26 -44 75 20 93 49 56 101 -42 21 -71 -22 
26 38 -106 -9 -9 -91 52 3 3 -6 3 -16 83 48 6 67 
-88 -57 -118 55 9 -2 -70 36 0 0 0 0 0 0 0 0 
-32 36 -2 -40 29 55 69 37 -44 -29 -58 -9 34 -17 -11 51 
7 2 9 -22 12 -58 -13 -13 29 -48 33 -33 23 -25 -6 -26 
-17 43 -16 -15 11 41 -1 12 0 0 0 0 0 0 0 0 
-13 -23 17 -5 14 46 -19 64 -20 -20 12 -9 -22 0 21 62 
9 34 -7 9 -6 20 24 61 1 -26 37 -15 -38 12 -6 -70 
26 -17 56 16 28 34 9 -54 0 0 0 0 0 0 0 0 
-42 -78 7 26 48 37 -5 47 -46 -36 31 -45 -46 -9 45 18 
-8 29 -22 23 -7 -5 9 58 -77 35 -30 13 -27 -14 -3 -17 
28 -30 25 -21 -91 7 49 -20 0 0 0 0 0 0 0 0 
-66 -53 46 -41 11 8 -2 24 -32 -24 18 49 3 57 -42 34 
9 -10 89 -6 4 2 -49 -24 -78 33 -43 -48 43 6 29 -25 
-70 -14 -13 14 3 -31 -23 -80 0 0 0 0 0 0 0 0 
-35 -3 -44 -3 -18 -2 -36 -12 -26 4 -22 -3 18 7 48 17 
-47 -29 34 19 -49 -22 16 20 3 -13 15 -27 18 -44 11 -23 
-34 40 -61 -53 18 29 -41 37 0 0 0 0 0 0 0 0 
-54 -27 -7 2 -8 17 14 7 88 36 -78 -32 -20 44 39 -32 
10 31 31 -19 -27 6 41 -65 15 -36 18 -10 -6 60 -51 -22 
-31 -12 27 -13 31 -12 -23 0 0 0 0 0 0 0 0 0 
40 33 -26 -11 19 -37 -44 24 6 -22 -27 35 -50 32 27 14 
-49 -21 -51 14 61 29 34 -5 -48 -41 -17 -50 31 -14 13 -26 
17 -4 -44 41 0 15 -22 61 0 0 0 0 0 0 0 0 
0 0 0 0 0 0 0 0 0 0 0 0 0 0 0 0 
0 0 0 0 0 0 0 0 0 0 0 0 0 0 0 0 
0 0 0 0 0 0 0 0 0 0 0 0 0 0 0 0 
-41 3 38 57 -9 -53 24 37 -5 -40 -27 -29 92 -2 -18 -52 
27 -39 -66 102 73 -31 6 -116 -3 60 74 -32 -1 -60 -73 24 
-121 23 -83 99 30 9 -14 84 0 -11 9 -19 29 -30 15 -56 
8 -48 41 -48 -14 33 61 -60 35 28 26 -39 52 -6 -151 28 
-69 63 -42 -23 56 -25 -19 -74 -75 72 40 -36 -7 -3 -39 -28 
105 -86 -50 25 -35 -105 -87 -5 2 104 12 -8 43 -62 100 82 
-52 42 75 -73 51 0 -10 120 74 37 36 -20 23 15 -42 11 
70 -12 51 -18 13 -11 58 94 -44 20 57 -8 -28 -24 -112 71 
35 -81 -55 64 -19 -89 52 -57 -41 -44 80 45 5 6 20 10 
-42 32 -20 84 30 9 -39 44 -47 -39 61 -44 -63 -16 0 -92 
-12 21 44 -37 -40 69 -33 35 18 -12 50 -13 -19 -75 -6 -45 
31 3 0 33 -2 -13 38 28 9 15 -6 46 18 60 26 1 
41 152 -13 0 100 0 -57 89 185 68 43 -64 49 -51 -39 -46 
-55 -18 -48 39 -7 26 -52 -52 -193 72 85 -6 -31 -29 -56 -16 
118 -88 42 -103 66 -22 -76 48 9 14 6 -42 94 -28 -50 30 
-88 59 30 75 26 -17 -43 45 -26 99 5 -70 76 19 -15 -41 
-44 92 -17 -7 -56 90 15 45 -89 60 -69 73 39 -87 43 -60 
41 -48 40 59 -111 22 -27 25 14 -22 -27 -50 -21 -16 -29 93 
36 62 16 50 43 -61 2 -23 -14 -11 -24 100 27 -31 60 52 
80 54 -27 21 48 28 44 71 42 -48 -140 24 -16 -40 94 -99 
35 26 37 -37 -55 28 4 63 -35 52 77 -45 27 94 -15 -39 
11 51 36 11 -39 129 43 -125 24 50 -85 29 72 -49 36 -68 
32 21 -96 9 18 -21 -78 -47 -15 1 -45 -21 -128 -83 -30 -86 
-43 35 27 23 24 -31 -169 6 18 -44 -75 -35 0 -6 -75 6 
-2 14 -52 30 -8 18 -55 68 -7 -43 44 -8 -3 -37 89 25 
44 43 50 29 23 -36 -29 63 -19 21 34 -47 87 53 62 72 
26 87 -48 24 -18 101 -76 -23 -69 24 -17 34 -19 13 84 -18 
0 -20 -41 -35 18 46 -15 -10 -27 -42 27 13 -34 25 -93 41 
-10 -14 -22 -21 50 -75 80 42 -58 -7 53 -41 -44 18 27 -41 
-61 -28 11 -16 -74 -39 42 -11 -1 15 9 29 66 -8 -50 -37 
-13 50 -30 4 17 27 -1 55 -30 10 27 50 -36 -52 -12 -19 
21 6 12 -17 18 34 5 -18 4 28 -24 -27 -8 -85 -3 40 
-6 -57 1 65 69 -67 18 52 -17 19 43 20 108 -13 -33 -12 
-36 -37 94 -35 52 -55 67 23 1 5 7 44 -91 -27 43 -70 
-14 -23 101 -25 15 25 31 -34 29 6 27 21 31 -28 56 -26 
49 27 44 41 5 -69 53 -15 23 14 -14 -1 20 -44 70 -9 
-55 50 -8 -41 -2 26 7 -43 -27 0 35 38 -15 31 34 9 
-10 -7 40 30 -16 26 36 12 114 -42 -31 -3 35 -11 40 -11 
-32 -5 10 42 115 -38 1 2 -27 -16 21 -15 -21 35 19 2 
10 33 -50 14 -18 8 34 -38 -10 58 -58 32 30 2 36 7 
-22 0 11 -18 -25 -35 -11 39 -6 26 -20 11 2 60 24 7 
-8 -9 44 -15 17 15 -30 30 -50 -32 -8 40 -60 1 -21 -35 
15 24 32 82 -28 22 -15 -18 52 -13 8 52 21 7 -6 -60 
-6 -19 38 -36 -7 -14 14 -57 -1 -61 -3 59 33 -46 -50 -54 
61 10 -43 -52 64 -5 24 -12 -41 15 -37 -73 25 66 -68 18 
-19 23 25 -68 1 -49 -11 -22 -21 -36 -49 6 22 11 5 -16 
-52 6 -38 30 8 39 -1 -11 26 6 5 13 -17 15 47 38 
-86 66 -1 -6 31 -19 -8 49 -18 -31 1 -23 -32 31 14 -38 
37 -33 -40 35 15 -37 -2 46 36 53 40 -33 46 9 -20 -15 
4 -6 -35 45 -41 5 -15 38 -23 53 15 -41 -8 12 18 35 
11 -13 -4 -34 33 6 52 47 -37 -26 69 -62 -4 44 -18 -30 
-2 42 -13 11 -22 -4 12 -53 80 -32 6 4 23 17 19 17 
-19 6 -23 19 -41 17 -30 -23 24 -9 13 35 -7 29 -43 17 
25 26 0 -31 12 -16 -58 -37 9 22 -4 2 50 -19 -21 -11 
54 -54 -14 12 -31 -10 15 -40 -1 18 -20 23 0 19 23 15 
-10 -2 -19 40 119 -3 41 34 18 -75 -3 -69 59 17 -92 -48 
52 38 -50 19 19 5 -14 19 21 -23 51 0 -23 29 7 36 
54 40 23 13 42 29 -15 -63 40 -34 -28 46 0 19 48 75 
-36 -10 -13 -52 13 1 -47 -47 -13 -17 -14 -4 -11 49 -34 -11 
-26 18 -10 -31 -12 3 2 -36 -30 -1 -50 15 -28 67 -5 -34 
5 20 41 42 5 -38 -24 45 11 -15 -13 -20 3 45 87 -23 
-66 42 31 -22 -1 -49 3 -16 -26 -60 -50 38 18 50 -4 -15 
69 -10 46 60 33 -13 17 -37 -37 67 -28 24 -21 35 -14 16 
-53 -18 51 -35 -45 5 24 -1 -28 -79 46 31 67 -39 7 -24 
-37 44 -34 -26 9 50 -41 15 49 39 -49 36 16 -5 -32 -21 
-24 62 -63 95 -40 -63 13 52 67 10 8 -54 43 -89 41 31 
35 -41 -32 58 -4 8 -85 29 -20 -54 30 22 -81 -30 -50 39 
-65 7 13 12 1 -4 6 43 9 -55 21 -23 -60 -47 9 -23 
83 2 20 -12 -2 37 22 -64 23 47 10 -18 33 8 1 -6 
-20 -16 -25 17 54 -3 33 61 54 25 15 -17 -45 -8 -50 53 
23 -3 34 -51 18 -12 46 2 1 -43 42 -62 -10 -23 -2 37 
45 -26 12 11 22 -9 24 12 21 -14 6 18 7 -40 -6 23 
37 -7 14 -48 5 -23 2 -23 38 8 -10 -7 19 5 12 4 
-27 -11 -45 19 64 -5 10 15 -19 33 20 5 -4 30 11 -3 
-36 -29 -10 -4 -47 23 1 8 11 -32 3 30 -9 12 -2 6 
-12 -28 37 -17 3 -73 -8 -33 17 -16 44 -40 29 -11 -46 -51 
-75 -10 31 -24 11 -26 4 12 14 11 55 6 -24 1 -18 42 
15 -71 67 -19 12 -79 52 -46 -2 -37 -56 5 4 29 -30 -10 
-15 -59 39 -70 21 -4 36 -90 -9 42 34 42 37 13 -12 47 
-30 -3 -24 -39 13 37 5 -15 -57 -19 -43 -57 7 -15 -67 21 
2 -67 10 -49 -10 67 -4 90 -1 -43 -9 -30 -17 9 -54 28 
-5 -14 20 31 2 47 -23 -7 -5 23 34 -29 -10 -18 -20 55 
45 -2 28 24 -7 -45 2 48 1 -7 20 -15 23 -5 11 -41 
31 -11 -2 -39 0 31 -23 -44 -23 -18 -21 -42 -75 0 39 -7 
-11 -6 -10 -8 25 -2 2 -30 -38 -12 -26 -2 16 -61 -4 -6 
-35 -51 57 2 -11 61 38 -28 1 5 -23 18 41 -16 -9 37 
6 -4 33 8 -25 7 7 -9 35 -31 12 -11 13 44 60 3 
15 -2 -16 -5 18 -17 11 -11 24 -13 27 -28 18 60 -47 -3 
70 18 31 10 -6 -8 21 -15 -45 21 3 -3 6 -7 -7 34 
-4 -2 24 19 -29 3 58 8 4 24 -26 -1 -29 -12 2 39 
41 12 -17 11 26 -2 -36 -1 -49 -1 -27 -16 -11 24 4 -7 
-23 22 -12 -29 -37 -46 -44 -4 -18 -20 12 32 2 -5 -26 64 
0 -19 -29 -25 13 -29 -21 -31 35 -3 -7 6 44 -5 31 35 
10 -19 -16 -22 32 -13 -2 -18 -39 5 -42 10 13 -5 12 -46 
-2 41 53 39 21 -19 -21 -45 19 -48 54 16 -31 6 27 23 
-42 25 -19 -29 1 -71 -11 -30 -21 22 -7 53 18 4 5 -8 
-8 58 -6 51 39 -29 33 -7 -8 -21 -34 -1 13 -11 -34 -35 
-35 -77 -8 -7 -1 -34 -13 22 7 8 24 -50 20 -30 -4 -6 
44 11 -27 13 -26 -8 36 4 7 10 -52 13 13 -24 6 -10 
-28 -2 -10 -37 -35 38 34 40 34 47 -7 -32 -8 -66 17 -25 
40 -13 -14 -27 20 1 38 8 -12 -18 34 0 18 23 14 8 
14 -43 -2 51 -14 38 -15 -16 -18 -56 -2 -29 -26 -60 -14 8 
31 -36 8 -66 -4 17 3 14 16 24 -12 1 -4 0 67 39 
-45 45 -25 -27 -20 36 17 10 -22 33 21 3 31 -2 44 14 
4 -20 19 -30 -70 23 -71 -16 8 -32 26 -2 -13 42 -19 -25 
-3 13 -4 13 18 41 -37 27 -14 0 17 -13 -27 10 46 13 
-3 14 28 -4 17 37 30 -28 -13 10 45 -12 8 1 -19 -23 
-38 3 42 -18 23 27 0 26 36 4 2 -14 18 -12 -21 -5 
-35 -24 26 20 15 22 -66 6 21 -8 37 -25 1 33 0 -66 
-12 27 9 16 -24 -20 -13 19 -32 23 -6 35 -42 26 -50 -47 
-38 49 30 -52 -1 7 -8 -19 -19 15 39 -44 -19 40 11 -8 
10 8 14 -26 24 -17 -20 7 -14 -11 -14 17 4 36 41 2 
-13 15 1 32 8 -7 9 2 -24 0 23 -3 -17 -8 16 33 
-31 -23 19 -10 20 -18 11 13 17 13 4 -17 7 -13 -19 -29 
-26 15 27 -3 -33 4 2 -4 -14 5 -3 -4 -21 21 -18 16 
13 7 -27 4 -12 -17 15 13 -8 -31 7 -31 19 -18 -3 -56 
19 34 -15 -5 1 -12 -1 41 3 2 -14 -17 -30 -10 38 -8 
64 -24 -10 -17 -35 -13 -15 -77 17 -6 -7 14 20 -4 23 -6 
19 -4 -41 -40 -6 11 15 3 38 -36 -42 29 14 -22 82 -2 
21 35 42 19 -21 20 50 9 -40 -47 -12 58 12 30 23 18 
-34 4 39 28 -23 24 3 -34 79 -55 3 4 -38 11 -10 47 
49 4 1 -16 -3 21 -7 -8 -5 45 -41 -17 12 16 44 46 
28 16 -13 14 19 -43 6 4 -10 -17 -29 -7 -37 25 8 -12 
26 -29 -53 -17 -10 12 27 5 -1 11 7 10 -4 -9 -11 -8 
-11 3 -23 12 -19 14 -21 -22 27 -24 -33 26 -17 -6 7 -9 
27 21 -13 21 -40 16 10 -32 25 -20 20 -7 5 37 -1 17 
-6 -3 9 -16 17 2 24 2 -3 -11 -3 6 9 -11 -9 -1 
-19 11 20 3 1 -14 29 1 20 -15 7 24 -1 25 15 13 
11 6 8 -23 13 14 18 35 28 -20 -1 4 9 -25 -8 5 
22 -40 1 -27 -50 34 61 -35 -26 -11 -11 60 -11 9 10 -51 
21 41 18 45 -8 6 -11 5 31 -38 13 2 20 -46 66 -13 
-15 2 -24 -20 -44 -21 4 25 -14 -15 45 23 -15 26 29 24 
-5 -28 35 -20 31 -2 20 -15 22 -21 -29 -35 -20 -3 -16 6 
-3 11 -8 21 -3 -20 4 -43 3 13 23 -61 12 14 17 11 
-5 44 -10 -26 16 -12 7 2 28 -36 -24 -38 -11 -24 -46 -8 
1 -8 -9 3 8 -58 -21 26 -16 -7 2 -7 12 18 -6 17 
-9 -12 1 -23 -13 21 14 -29 -24 18 18 -4 4 16 4 17 
-2 7 -3 -25 -3 25 -8 -4 16 -1 5 0 17 -10 -2 -7 
2 -2 2 44 -9 24 -23 12 -6 -7 11 -19 21 14 -1 14 
14 -1 -3 -7 11 -20 7 0 -31 -4 -11 14 -6 1 -7 -11 
-5 0 3 3 -7 19 -7 5 15 14 -12 20 -14 3 2 8 
3 -10 -13 -26 -56 15 14 -25 25 14 -11 -14 12 2 4 -3 
14 1 -30 69 -5 -29 -19 -16 -6 -31 -15 68 -37 -16 -3 -9 
20 1 7 -11 -19 -30 10 -1 10 30 21 -20 -39 25 14 28 
1 -20 -15 14 15 28 1 3 -8 9 -26 17 -15 -40 -24 16 
21 43 -21 -8 -15 15 14 -4 -9 26 -8 -9 9 9 5 6 
33 18 17 -2 -6 3 23 19 21 -15 8 -11 -14 -1 26 -24 
0 -8 -5 -13 -51 15 19 24 -7 -57 9 -2 12 18 -22 -63 
-16 7 33 -5 16 38 -30 -39 -4 31 -10 -32 -17 -59 8 16 
-8 -2 -17 -52 -8 39 7 -6 20 12 11 23 -3 -11 24 45 
7 -8 11 31 46 7 42 13 -8 -3 -25 7 2 -8 -34 -15 
-40 9 5 11 3 -70 -50 2 -10 -49 33 -18 -19 8 -26 -16 
3 5 -40 16 -48 -7 45 44 29 -1 -24 25 -46 -17 -78 14 
19 -6 -25 13 -83 -1 83 13 -19 -27 2 32 -11 20 -70 10 
-2 45 -1 15 -8 15 -48 -13 26 3 -57 -20 8 9 15 -36 
22 33 3 17 -9 19 -5 -19 35 26 2 -15 -41 10 29 18 
28 13 -10 -14 58 -25 48 -51 -20 26 -38 22 -6 -5 -19 -12 
-37 9 29 17 38 -34 -13 -11 -46 -19 -15 -6 -7 25 45 11 
-9 -11 -18 12 8 6 16 -10 31 31 -5 -22 3 10 6 -22 
-29 25 4 23 -15 -16 31 -10 -101 -48 -22 25 7 -21 -6 -15 
-10 -43 15 -14 11 40 23 -24 -24 -4 10 -12 -20 -22 -16 10 
-43 6 43 -12 45 29 -29 -28 -18 -17 36 -44 38 -13 -36 25 
36 15 11 36 7 -42 -27 30 -32 -68 -16 -34 14 -7 -23 26 
30 -14 5 -21 35 34 -16 -39 38 -46 50 58 -13 -10 10 1 
36 5 -59 12 -15 -19 82 31 26 18 24 -12 34 -7 10 -9 
-7 7 -14 -58 10 12 41 3 -20 -24 -7 23 17 -33 -20 -39 
37 -58 -7 -10 27 47 18 3 -3 16 34 -47 1 14 44 -6 
-22 -1 -2 -23 7 47 20 -21 9 -9 -11 4 37 15 11 1 
9 13 44 13 -42 4 -46 11 -10 -29 28 -34 49 2 28 41 
-33 2 44 -16 0 13 -29 29 -22 0 -19 21 12 18 18 -5 
26 4 15 45 2 -4 -47 -15 37 -51 -75 7 1 22 -5 -44 
38 46 28 19 38 -49 73 8 -5 -14 -3 -48 34 33 36 10 
22 -26 -29 -38 4 -36 -4 11 12 42 -13 -23 23 -29 -15 8 
-22 29 -3 -21 21 -10 15 -25 -37 23 13 -18 -5 22 -38 -2 
-15 25 -31 -33 -3 30 -70 31 30 26 -4 14 26 28 50 17 
36 45 -10 -8 21 -27 5 27 -12 -25 -13 47 58 -58 29 6 
4 -16 -17 -2 10 47 -50 -16 2 16 -26 -22 -29 21 -16 -34 
16 -19 -21 -7 25 -13 17 16 -3 9 -30 -23 41 18 -1 15 
22 -12 22 20 8 -1 16 9 -15 -19 53 -16 -7 23 11 8 
0 23 -36 14 18 -20 6 6 -2 -18 -20 9 3 10 -5 -33 
-8 45 24 21 28 -17 7 -15 -70 4 3 0 -33 -30 13 -8 
-35 -28 11 -26 40 -6 -4 5 -13 -8 3 10 -4 -4 1 -27 
-1 -17 -13 49 -10 20 0 9 35 -12 -29 31 11 2 24 -4 
-7 -27 -2 -20 -4 -10 15 26 8 -6 -27 -6 11 6 -21 5 
-14 1 9 6 -8 11 -14 -5 -17 19 13 -6 -20 1 -13 24 
-4 19 0 20 14 2 8 7 11 14 0 5 15 20 6 17 
-25 -4 26 -14 -10 17 -3 -21 10 -3 -9 8 -4 -10 0 8 
8 10 1 -9 6 -22 -2 0 -22 -12 -18 6 2 -5 3 -13 
-14 -27 -38 25 2 -1 -18 23 6 15 -22 14 -15 8 3 2 
-43 -19 -10 -1 -4 -14 -4 8 18 -13 -11 9 18 16 2 -5 
-12 1 -3 16 7 -27 -22 0 -17 -2 20 5 -16 9 11 16 
-21 11 -2 2 12 -34 -25 24 7 15 -9 -21 11 5 -7 -19 
-27 -9 10 1 13 11 -15 -21 -11 7 3 -19 9 -14 -2 0 
5 4 -3 -13 24 -7 0 4 -17 -25 -13 -13 3 -14 -1 13 
4 -12 -19 19 -5 -12 -26 12 -15 9 -17 -4 -29 18 6 2 
-2 13 -10 18 -11 -15 0 -12 1 -28 2 -32 27 -8 -7 26 
-5 8 -7 -40 -11 15 -6 26 -20 22 -36 2 -10 4 -61 -20 
22 -4 10 -42 24 5 -25 -25 -13 -6 2 15 -13 -31 5 7 
-3 -5 -25 -30 -21 -18 14 0 3 31 -17 -9 2 -1 27 -4 
10 -36 21 12 23 -24 22 35 34 -19 -1 -14 -16 -16 -28 -7 
-35 -5 -16 -6 13 -2 -32 15 -2 -6 1 3 15 3 -16 -2 
-15 18 -36 -30 8 -17 -43 18 -16 18 -3 8 -36 -31 21 1 
5 -20 8 28 -2 -19 25 12 -14 -63 16 46 4 46 19 29 
2 -14 29 -35 -5 33 -18 22 63 -9 1 -13 2 -27 26 -29 
37 -52 -13 -11 -25 -12 -20 -16 -14 2 55 -26 -11 11 -2 -14 
20 -13 -23 14 -8 25 -26 -26 0 -11 11 -24 -3 29 -8 -24 
2 20 21 -2 23 2 39 0 -54 -29 15 -32 -26 -10 13 34 
-2 27 7 26 -30 -40 -5 9 3 -25 6 37 -2 32 3 15 
20 3 -35 -49 -6 3 -40 -30 -18 -4 -51 -14 -20 -28 29 10 
-15 -13 2 -7 35 37 -6 -31 23 33 17 5 6 -25 -64 -10 
29 -20 -18 12 -19 -9 -12 17 30 -14 13 -45 11 25 17 4 
17 -35 -33 4 13 -10 4 -10 -20 13 -25 9 -29 7 -4 -42 
-34 25 15 -20 14 11 0 -22 4 7 21 33 30 -33 -8 -3 
-10 -38 -26 13 -63 -6 15 -4 47 23 -13 -24 -9 -2 -13 12 
-20 52 -20 14 -37 12 24 -34 19 -1 1 34 6 -14 1 -10 
7 3 25 13 -23 -17 -8 -39 8 17 32 -7 -13 -17 3 31 
9 14 3 5 7 6 -5 6 7 19 22 21 -6 -9 22 -30 
-6 -5 0 -14 36 -42 24 -1 0 -18 -3 24 -18 -11 25 36 
-13 -12 -13 20 -5 -3 -28 15 -1 40 -13 7 -1 34 17 8 
-17 5 -1 39 -12 3 0 8 4 -3 13 -13 18 11 20 -5 
-3 3 -4 -2 -19 12 -12 -9 1 -4 15 -5 12 -12 -10 14 
-30 -21 -2 7 0 -1 2 17 8 18 12 -6 7 10 -14 12 
5 -27 9 -17 11 -4 -9 2 -22 4 -5 8 -24 -3 -9 1 
-5 10 -21 9 10 -11 4 -22 10 -6 0 3 -20 9 0 -7 
-45 5 -6 2 14 -35 4 -6 6 17 -17 1 7 14 3 32 
22 -6 3 -21 -51 -28 17 37 30 -10 -32 -29 -6 -6 -20 22 
-6 37 -30 80 6 16 29 -7 3 23 -8 11 -22 8 -40 -2 
-21 -14 15 11 21 -36 -10 -26 -22 -22 -5 -42 -16 0 -28 -9 
-16 3 -8 -11 26 30 -23 2 17 -31 -15 26 -8 3 3 -2 
-20 45 20 34 -22 -9 -1 -3 -33 10 -5 25 38 -9 30 12 
21 -2 9 -2 -37 32 -25 25 20 -14 -10 -21 -3 -12 -5 -22 
3 12 2 0 14 14 -15 -24 5 -10 14 19 3 -32 6 0 
14 -10 14 -13 6 -27 -9 -7 -14 16 9 -5 -6 -14 3 35 
-3 -2 3 -9 -3 -8 -5 -4 -8 9 16 1 16 -22 5 16 
19 6 -8 -20 -20 -7 7 4 -7 12 -35 -10 -28 -14 -2 16 
-18 4 -6 -14 1 0 6 -9 21 15 42 -29 -5 5 -16 -9 
18 12 26 6 -2 -7 13 -3 -17 -33 9 19 1 -1 -32 -11 
-9 15 16 31 -21 -55 -26 0 -8 -1 5 9 10 4 -51 21 
13 -1 7 -37 5 -12 -6 7 -18 -30 -21 26 -20 16 -19 -50 
0 50 36 -51 -31 7 -29 -40 24 13 -26 -12 -57 -28 -8 16 
-17 -39 7 40 49 -28 18 5 -19 29 -27 -2 8 19 -23 2 
30 -55 -1 -30 47 16 -31 5 7 -29 -9 -18 -14 -33 -12 1 
-16 29 12 16 11 18 6 9 -10 16 27 -31 -26 23 5 -2 
-12 -17 6 -25 3 28 -6 -27 21 26 2 9 25 -13 -23 1 
-2 29 -20 7 -8 6 33 0 7 2 45 25 -12 12 61 -8 
17 18 -19 -11 -34 48 6 -16 8 2 -7 -3 -25 -7 25 -4 
-32 5 11 1 -33 20 -9 -27 38 18 23 9 -2 7 21 -12 
-21 8 -10 -39 -28 43 -39 -18 -34 23 -25 15 -13 -11 41 -4 
27 -47 1 19 4 8 -36 7 -4 15 -29 -18 -30 46 21 5 
25 -18 23 -19 28 -2 30 -22 6 19 9 -36 -19 -70 16 66 
-1 -7 4 25 -16 46 9 8 23 11 -16 -14 47 30 16 0 
7 -13 6 -11 -11 4 -47 -17 42 -11 11 -19 -7 27 7 -4 
-18 -2 -11 -26 -5 10 8 -10 27 -24 46 13 -6 21 9 26 
31 1 39 0 -5 51 -17 4 -24 2 -31 22 32 19 44 60 
34 -28 30 0 3 -4 15 0 13 -31 -28 14 9 1 22 19 
-9 -9 14 13 -9 26 -14 1 22 2 21 -11 13 -30 4 -53 
-10 -4 30 0 -3 -23 19 -39 -15 8 43 -5 25 -37 -22 17 
5 -11 -10 3 3 -8 -1 45 -4 15 3 15 27 14 -1 16 
-27 5 -11 3 2 1 -18 0 9 -14 -6 5 -6 -22 43 -9 
-13 35 -3 -7 7 -18 28 -10 -18 15 19 -16 -13 -22 -16 5 
-33 21 14 -6 0 -11 -9 -5 8 10 27 -9 30 -10 -15 -5 
-21 24 9 -6 36 12 -33 13 2 -34 22 29 -32 5 4 33 
4 -21 20 -18 16 24 9 -1 -35 18 -5 9 -11 14 -40 -14 
-18 -17 21 -43 46 3 -16 -6 19 4 19 10 -4 -58 -11 9 
-12 -18 3 -31 -25 -35 -19 4 25 -17 13 -20 -5 11 8 6 
21 -30 22 66 -10 21 30 11 17 -13 10 -9 -31 -19 -29 -10 
-9 -14 7 -11 8 -43 17 1 -24 16 13 7 3 -13 35 5 
37 29 -4 4 1 37 15 -33 -12 -27 7 31 -16 -5 -14 -44 
35 37 30 -29 -18 -3 -17 -12 18 6 -1 7 -7 -44 9 5 
-5 3 27 -7 -11 30 11 8 11 5 6 7 0 -33 22 13 
12 -7 -36 -29 10 2 38 28 -15 14 -2 28 -21 20 -8 -2 
-9 -15 -27 -7 15 -15 -18 14 10 -29 11 -28 -21 5 -21 7 
-9 35 -23 8 15 -17 -1 -4 2 14 17 -11 48 -18 -27 18 
-12 -2 -2 -1 -32 -78 -6 -16 0 3 -27 -9 -6 -13 -5 38 
-17 -8 -12 -10 -9 9 -9 33 -26 14 2 32 9 9 -28 17 
-6 5 23 -18 -13 -44 -3 -4 -23 -9 -25 28 -17 -2 -17 17 
-39 -32 15 26 10 14 23 10 -31 -18 -18 -8 9 5 -44 38 
13 -69 -1 -2 -7 20 21 -31 -7 3 -6 8 40 10 -8 -18 
-6 12 -8 37 4 -3 -12 11 3 -20 -23 11 -28 6 20 -31 
25 66 -20 42 16 10 -34 32 10 -4 55 55 10 22 3 -2 
47 -18 -22 -14 6 25 -25 -51 -27 -3 15 -17 3 28 8 37 
-6 -17 9 8 7 7 -25 16 24 -38 4 3 -1 -25 5 -14 
91 -31 -6 51 16 -73 -17 -8 -64 -10 43 -33 20 14 11 8 
-13 -24 -4 31 -49 29 -45 -74 6 12 -32 4 -29 -2 -29 28 
-25 20 -6 6 12 -12 7 -62 5 -31 -35 -8 -16 -8 2 -17 
18 -32 12 -7 -3 -58 28 -87 -9 2 40 -64 -3 -22 0 36 
17 -44 -3 -19 -6 -40 -38 33 15 -15 -21 10 16 -2 15 -33 
46 46 -30 -51 -36 24 37 -9 -29 -36 -22 2 20 -10 24 31 
-5 40 8 23 23 8 41 -28 -3 12 -45 14 17 -1 -25 33 
14 -27 -1 -33 39 -23 33 27 13 18 2 12 21 -5 4 51 
-8 -38 3 11 -9 3 -2 10 -13 -50 -4 30 24 14 -6 18 
50 -33 25 -28 -19 57 -16 -52 -18 4 -11 14 3 -7 18 42 
-9 20 13 58 3 16 -7 25 43 6 -21 -14 43 12 29 8 
44 -9 3 -16 -52 44 -19 35 26 9 5 -42 -9 74 -10 38 
-26 5 28 -54 -7 9 21 -2 15 6 37 40 -18 -14 -36 -18 
27 -3 -18 11 -22 22 9 -29 -7 -15 -32 -18 -11 7 5 44 
-32 11 1 9 -9 -10 3 13 19 -1 0 -21 -9 8 -44 13 
0 0 0 0 0 0 0 0 0 0 0 0 0 0 0 0 
0 0 0 0 0 0 0 0 0 0 0 0 0 0 0 0 
0 0 0 0 0 0 0 0 0 0 0 0 0 0 0 0 
0 0 0 0 0 0 0 0 0 0 0 0 0 0 0 0 
0 0 0 0 0 0 0 0 0 0 0 0 0 0 0 0 
0 0 0 0 0 0 0 0 0 0 0 0 0 0 0 0 
5 13 -2 -17 -21 -6 -20 -12 -6 -24 -26 23 5 12 18 22 
-22 13 -21 24 24 24 -6 3 7 6 -11 -11 30 -3 1 8 
0 -25 18 -16 -13 -10 -9 -19 38 -20 -5 -35 -35 -25 -32 7 
16 -45 -17 4 -12 1 -7 -8 5 -13 1 12 2 6 1 -7 
12 12 -14 27 -20 11 -5 -1 -4 -29 12 -2 34 -28 24 -12 
-16 -1 31 -31 -28 6 24 -24 -11 -3 15 -3 -6 3 26 -4 
-8 -8 -6 -41 9 3 1 -25 26 -12 -14 11 -21 0 -6 -10 
-15 -10 1 17 6 4 5 12 0 -16 4 17 -2 -5 5 20 
-3 10 8 4 -3 -28 31 34 0 18 -12 21 -4 3 12 13 
4 7 21 -4 -2 -17 17 20 4 -29 -7 -17 -12 -28 -23 41 
14 1 -20 -9 -22 7 -32 -27 -19 -1 2 -9 10 10 5 22 
35 18 -37 4 19 -26 6 14 -22 -35 0 4 -5 -16 -2 5 
17 -10 0 -5 2 17 21 -48 20 9 -23 -6 11 -41 2 -9 
0 0 -9 43 15 36 30 8 36 10 24 4 0 13 5 -21 
17 -6 -44 -20 -50 -1 1 19 -19 -6 3 -13 -16 8 16 6 
-16 11 0 -16 9 -27 37 11 20 -12 -12 -7 -8 -28 3 -3 
4 11 33 -11 -14 -13 18 -11 22 1 -18 10 47 -2 20 72 
-4 -25 23 -20 -2 24 10 1 8 -25 -21 -2 17 -13 -23 -16 
12 -15 14 10 0 3 5 16 15 3 21 2 16 20 1 12 
19 -5 6 -6 -16 -7 9 -8 20 2 2 8 5 10 2 8 
18 -3 -1 14 -5 14 1 -4 9 7 6 0 2 -5 -15 -8 
9 4 -20 2 -9 -5 -2 -2 3 17 5 6 2 6 9 -12 
-7 6 3 0 2 0 4 12 -3 13 4 -3 -18 6 -4 -16 
3 8 15 -12 10 3 1 -17 20 10 15 0 -17 -6 -4 4 
4 -5 -5 12 -22 -23 17 -15 14 2 6 -27 9 -3 -21 -3 
24 0 -7 -13 -8 6 -15 12 3 -19 -15 9 8 -13 -2 -2 
22 4 -5 6 -11 -2 1 -10 -7 -1 -3 -1 -32 12 17 13 
19 12 -3 17 6 -7 8 -1 5 4 -21 13 13 -12 -5 -9 
4 -21 14 -5 -8 4 14 -12 1 13 -3 -2 10 2 6 35 
6 -17 5 8 6 11 -1 12 -11 -5 4 -2 1 1 -11 -1 
6 26 11 25 8 27 5 -16 -15 13 -13 26 -17 -13 11 -3 
-19 5 8 -7 1 -19 14 -28 8 -36 -10 4 9 20 2 -26 
-37 -15 6 -6 3 3 -11 -12 -12 9 29 25 4 12 -1 2 
6 1 -3 -8 9 -7 18 10 32 -1 -9 -23 -2 7 -4 7 
14 -12 -3 -3 -2 12 19 -12 25 29 -2 -24 9 0 -11 20 
13 15 28 -4 2 -4 0 2 -2 17 16 -21 16 -1 -12 -1 
32 -18 11 -8 -1 51 -3 19 -15 -11 -6 1 15 31 -24 14 
-2 4 8 38 1 11 3 -14 16 25 -5 15 -16 40 16 -41 
7 1 -22 3 -26 -12 -42 -1 13 -8 -5 19 -30 -5 2 -37 
-10 1 15 -5 -15 -20 -2 -16 19 -6 -13 -11 20 14 25 -21 
-28 -1 32 38 -25 -1 11 41 -6 11 -4 14 -2 -16 12 -26 
11 -8 31 -10 -15 32 13 2 -2 -6 18 -26 19 4 4 -10 
-1 -35 -23 3 1 7 -9 -27 33 12 28 -17 -31 -3 7 1 
12 -5 -38 -20 -15 -1 -38 19 -13 -16 -29 51 -20 0 -6 31 
45 -8 -9 33 -15 7 -23 -16 -17 -3 -1 -24 -17 3 31 9 
11 2 -21 -14 -3 -9 13 13 14 -13 14 30 -15 -35 -4 -4 
10 -42 20 36 -8 22 40 2 15 -27 -12 41 26 -20 25 39 
-13 -22 12 17 -5 4 1 35 -7 -27 15 4 21 -12 9 -21 
-22 5 31 24 -7 -5 1 -3 -8 -6 14 -17 5 5 -32 -17 
-2 16 23 -14 0 9 -22 -3 32 -19 -7 -25 42 24 16 10 
-11 3 -26 -1 -25 9 -1 2 4 11 16 -12 6 -14 20 -9 
35 -6 2 1 -17 -25 3 -21 15 25 -6 -15 0 17 30 -20 
-15 -23 5 6 23 -9 17 -2 -12 15 -4 -20 -11 3 21 -10 
16 -20 -2 -7 9 24 14 -9 -26 29 -6 -15 24 -5 -15 55 
21 -8 13 24 -11 -38 2 8 -5 -17 -13 -14 42 15 2 12 
-11 8 -12 17 17 1 -34 -11 -5 27 -39 17 21 7 1 14 
-27 3 12 -26 -17 -12 -6 -4 12 24 16 -17 -9 -3 -34 -16 
11 0 -11 38 -7 -17 -30 2 -20 25 16 -14 8 32 -6 28 
26 9 -2 22 21 -15 -22 4 -23 -29 7 -33 16 6 -12 -27 
-15 -18 38 -23 -15 54 66 10 6 9 8 15 25 -7 1 36 
7 1 6 1 4 -7 -19 2 1 1 -4 9 -1 4 -3 5 
-5 16 10 -7 -1 -7 5 2 -2 2 7 3 -5 -2 -3 0 
5 -1 11 -8 2 -2 -5 -6 -8 -5 -4 -6 1 -11 -7 2 
-4 1 5 -5 3 6 -2 1 -3 2 1 2 -5 1 -7 2 
6 -5 -6 1 1 -8 -6 -3 3 1 6 -11 7 -7 -14 -5 
1 3 -5 -3 -2 -8 1 -1 -1 3 4 1 6 -1 11 -6 
4 2 1 2 -9 9 3 1 2 6 -2 4 3 7 -2 -7 
3 11 -4 -7 -6 -1 4 -2 1 4 3 9 -8 -2 -1 4 
1 7 -1 -4 -4 -2 -6 -9 -1 0 0 -13 1 -2 -11 7 
-1 -6 -8 -2 7 6 -4 0 -9 1 1 13 7 6 5 1 
0 0 -5 -4 -9 1 7 -2 0 5 0 -2 9 -7 0 3 
1 8 6 4 6 -4 0 -2 -4 6 -9 -13 1 2 7 -4 
0 8 -10 15 -23 -5 -11 -11 17 22 -18 12 12 10 -3 -13 
-9 11 -26 13 15 -25 -1 6 9 -4 -12 13 -19 1 2 12 
11 0 -1 -1 -6 -28 -17 -14 -14 -7 -7 -1 -17 -22 -2 -10 
21 12 -8 -7 6 -9 30 1 -17 -7 -24 -11 -10 -9 -18 9 
-4 -48 -14 3 -26 7 2 9 1 1 32 -36 31 -14 4 -19 
17 15 0 18 -17 28 25 20 -7 -12 25 -4 -9 18 -5 -24 
7 18 1 -14 -13 62 0 -20 -18 26 -1 14 2 30 25 14 
-27 -6 8 20 -9 -1 -4 39 -17 32 -22 -35 20 35 -18 -26 
-37 -21 -21 10 -12 -1 6 2 -2 -19 -18 33 -3 -1 -1 -16 
8 -9 -3 -35 26 -28 2 -7 -18 13 18 -13 33 33 -52 15 
-14 -29 6 32 -28 6 0 -11 33 -4 -8 -5 14 -4 5 15 
-5 -23 6 4 -15 7 -6 -14 -16 -16 -44 4 -8 36 24 -9 
-4 -1 4 6 6 -6 -8 -3 -4 1 5 -6 0 4 2 6 
-3 3 -9 -2 -5 -4 -8 7 4 -9 -3 5 -3 1 -10 3 
-3 0 2 -6 -2 -4 -3 -4 6 3 -1 -1 -2 1 1 -2 
-1 -1 0 -2 6 3 2 2 -2 4 1 -2 -1 -3 0 5 
9 -6 3 2 1 7 4 -1 3 3 -6 6 4 -1 -1 9 
-2 3 -3 -1 2 1 1 6 -10 -1 -3 -3 2 2 2 1 
5 -1 3 0 0 -1 5 1 -2 -2 3 0 4 1 -4 0 
1 0 0 -4 2 3 -4 3 2 0 -2 -1 -1 3 4 -1 
0 2 -1 -1 -4 4 -1 2 2 -2 -4 -3 1 -3 1 1 
-2 1 -1 0 -1 1 -1 -1 -3 0 1 1 3 1 -4 0 
-1 0 -2 -2 1 0 -2 1 -2 -1 -1 3 -1 3 -3 0 
1 -3 1 1 0 2 1 0 2 -2 0 3 -3 0 0 0 
5 2 -2 -1 4 -1 1 -1 -1 1 8 -1 0 2 5 7 
-1 1 -5 5 -3 10 -1 7 4 0 -7 5 -1 -4 1 0 
-2 0 2 5 3 6 6 2 8 -3 -3 -3 2 3 4 -2 
3 -4 3 -5 3 2 2 -2 -1 3 2 4 1 -7 -10 2 
-3 1 1 5 2 2 0 -2 1 0 -8 8 -1 0 -4 2 
4 -5 1 2 10 2 -3 2 3 -1 -6 1 0 5 0 6 
-10 3 1 36 -4 -37 -16 3 30 2 23 -4 -3 16 -30 -23 
30 20 -17 -15 -17 -18 -21 -25 -12 -55 1 32 -4 -13 -37 14 
13 20 11 0 -29 -7 7 11 -11 23 6 17 -4 -34 -20 -33 
25 -22 -55 25 10 -6 -18 7 -12 -9 30 5 -17 -7 25 0 
-6 -17 -17 -8 -4 10 -22 -15 -37 24 5 16 -11 15 20 -8 
8 25 -19 7 28 -10 9 -12 -22 4 6 9 -3 -37 10 11 
-31 -22 -32 6 -19 -6 -29 15 12 11 12 0 0 5 -18 9 
-23 15 -18 13 13 2 4 -18 -5 -15 8 41 0 5 -8 -13 
2 9 -3 5 8 11 4 4 2 19 -3 -3 -11 -15 -8 0 
-6 -5 -2 17 1 3 -15 -14 -1 12 8 -9 -3 13 19 -39 
3 -5 -16 -16 7 -3 -19 23 11 9 21 1 -10 1 -4 -11 
-20 10 6 9 -5 4 -18 -10 3 27 6 -7 5 11 -14 4 
-8 6 -3 1 -5 4 -4 5 1 1 0 0 -5 -2 3 -2 
-8 -1 1 1 -5 -1 3 1 6 1 -5 3 -3 -6 3 -5 
-2 -2 4 6 4 -5 4 -1 1 5 2 2 1 7 3 4 
6 5 -1 3 9 4 0 -2 1 1 -4 3 0 5 -2 2 
1 0 0 -1 -1 -5 -3 4 -1 0 2 -1 4 -4 3 -4 
8 4 -6 5 -2 -3 -9 6 -8 5 -5 -1 -1 8 3 -1 
0 0 0 0 0 0 0 0 0 0 0 0 0 0 0 0 
0 0 0 0 0 0 0 0 0 0 0 0 0 0 0 0 
0 0 0 0 0 0 0 0 0 0 0 0 0 0 0 0 
0 0 0 0 0 0 0 0 0 0 0 0 0 0 0 0 
0 0 0 0 0 0 0 0 0 0 0 0 0 0 0 0 
0 0 0 0 0 0 0 0 0 0 0 0 0 0 0 0 
3 -22 12 -26 -3 39 6 6 -7 -6 -15 -11 18 21 9 30 
4 -4 -9 20 -18 -16 -11 17 -2 4 -17 -5 -13 15 23 -12 
-9 -10 -9 -33 -9 28 -7 15 6 1 -2 -25 5 22 4 3 
-16 -15 36 -22 15 29 19 -12 7 -4 2 14 18 -12 4 -1 
11 22 -17 -13 7 5 17 -8 -3 -3 -23 2 9 4 -19 17 
-3 -15 20 -10 8 -4 0 10 -2 -6 -26 -15 6 8 -7 18 
3 -1 28 25 -30 56 -4 5 1 -19 0 -7 -14 18 1 6 
-8 21 0 5 1 -20 1 -15 3 -22 -26 -7 1 -8 -16 -56 
-27 -26 -3 18 8 16 21 7 7 16 16 12 0 -4 24 2 
-14 0 -3 14 21 -10 1 8 -11 18 17 9 37 42 -3 22 
-13 39 15 -11 3 -4 -35 -22 -20 -23 -5 12 -12 1 19 -10 
-42 13 21 0 -16 -11 19 -10 20 27 -35 -16 9 30 0 10 
0 0 0 0 0 0 0 0 0 0 0 0 0 0 0 0 
0 0 0 0 0 0 0 0 0 0 0 0 0 0 0 0 
0 0 0 0 0 0 0 0 0 0 0 0 0 0 0 0 
0 0 0 0 0 0 0 0 0 0 0 0 0 0 0 0 
0 0 0 0 0 0 0 0 0 0 0 0 0 0 0 0 
0 0 0 0 0 0 0 0 0 0 0 0 0 0 0 0 
2 0 10 2 4 -2 -1 4 -16 5 -4 0 13 -8 -7 -10 
-4 -2 7 -6 -2 0 -7 15 5 3 0 -9 19 6 -1 1 
5 4 5 -11 -5 -18 -3 14 -2 -3 -7 -4 7 -17 -3 0 
7 -1 -15 -8 -7 5 -10 2 11 6 8 2 1 6 15 3 
0 -7 -3 -1 -5 -1 3 8 10 0 6 5 4 -4 -5 -12 
-18 0 -3 2 2 2 0 5 -3 3 -1 -8 3 0 -1 -4 
-4 30 6 18 31 -5 -7 47 -24 4 19 5 2 22 31 22 
-7 -2 7 -12 21 13 17 24 6 0 -11 -1 -8 -5 5 -11 
-2 -2 14 3 13 15 8 -5 24 -17 8 -21 2 -31 -10 -19 
-10 -17 30 1 -22 -5 -22 3 5 -2 8 -7 -1 -7 -14 10 
-1 14 -1 43 5 -8 12 -22 -21 8 8 24 -13 13 -16 7 
-36 -8 18 -8 2 -2 4 -13 -31 13 8 1 -12 3 7 -8 
-26 4 1 15 -19 -8 -15 12 21 12 2 -4 -11 16 -3 6 
-4 11 -14 7 11 -6 15 -29 -10 3 -19 25 6 -20 -27 -1 
5 -12 -4 -6 27 -15 9 -42 -14 6 -8 21 -9 -10 -5 -12 
21 -8 -16 -12 6 -25 6 -10 -14 13 -30 4 -8 24 13 -8 
-23 -9 -14 6 -7 0 19 15 32 2 17 -14 -6 -4 15 -15 
11 18 13 19 -6 5 -33 -9 6 13 -3 6 3 12 1 -14 
-3 -2 -6 -26 6 32 -8 2 13 18 -3 -2 -16 -33 -22 8 
30 -53 12 20 18 -11 41 -19 -11 -2 16 3 -16 -15 31 -8 
-27 4 -2 9 14 -20 16 0 1 -6 1 28 -4 19 1 2 
-10 -8 3 39 10 1 3 -20 10 -21 -8 -10 27 -3 -15 -2 
-9 9 14 4 -16 18 -11 6 -9 -16 -8 13 -2 -2 12 -1 
75 14 -5 -10 -21 -8 -8 21 -2 -38 -15 -27 -5 6 5 -28 
3 7 -35 0 -10 -20 -23 -5 12 16 11 -17 -14 -18 46 17 
-25 3 3 14 1 18 16 -27 19 -17 0 55 5 19 -31 -22 
3 -14 -8 -31 -6 26 -6 -34 32 17 30 -20 -25 22 17 13 
-13 -8 -41 26 6 -30 1 -13 11 9 16 3 1 19 -15 -22 
4 6 24 9 -16 2 -28 38 10 -18 -26 -7 -10 12 17 17 
16 10 57 -30 -12 5 28 -4 -5 31 41 0 31 1 9 27 
0 0 0 -8 9 -9 -11 9 -3 3 -12 10 6 6 3 -3 
0 12 4 1 0 -6 7 -4 3 -6 16 10 -6 6 -3 1 
2 -5 15 -9 1 -8 -14 -11 -2 -1 4 -8 5 -9 -12 0 
-5 -5 2 0 10 7 2 -4 1 6 1 6 5 -2 -1 -2 
7 -4 -13 3 -8 -15 2 -4 2 1 3 -7 6 -6 -11 -7 
7 11 -4 -5 -6 -8 -1 4 -7 11 -3 -11 -1 1 13 -6 
5 56 9 23 31 -31 18 25 -31 -16 -26 -22 2 34 56 52 
-11 -24 -8 -16 -14 15 -14 34 4 21 -1 -41 14 18 1 39 
1 -2 -20 20 13 -11 -9 -18 -27 -8 13 5 -5 -17 -9 -47 
40 14 -7 21 31 16 5 -14 -11 29 -55 -25 10 -21 1 53 
-36 -32 -19 -2 8 9 -4 17 45 -36 -37 -24 15 25 6 -25 
-58 1 -25 -12 -15 21 -33 24 -27 -33 -22 30 4 34 35 1 
0 0 1 0 0 -1 -3 0 1 0 -2 1 0 -1 0 -1 
-2 -1 0 -1 -1 0 2 0 0 0 1 0 -1 -1 -2 -1 
-1 -1 1 -2 2 -1 -1 -1 -1 -1 1 1 0 0 -1 0 
-1 0 0 -1 0 1 0 0 0 0 0 0 -1 1 1 0 
2 0 0 -1 0 -1 0 0 2 1 0 -2 0 -2 -1 1 
-1 0 -1 0 0 -2 -1 -1 -1 0 1 -2 1 0 1 -1 
0 0 0 0 0 0 0 0 0 0 0 0 1 0 0 0 
0 0 -1 0 -1 0 0 0 0 0 0 0 0 0 0 0 
0 1 0 0 0 0 0 0 0 0 0 0 0 0 -1 0 
-1 0 0 0 0 0 0 0 0 0 0 0 1 0 0 1 
0 0 0 -1 0 1 0 -1 0 1 0 0 1 0 1 0 
0 0 0 1 0 1 0 0 0 0 -1 0 0 0 0 0 
-30 -5 -21 -15 -5 17 2 20 19 2 -18 -26 -16 28 -12 20 
-6 -6 -15 50 29 29 26 -12 -7 -8 4 57 -9 6 -39 -19 
-35 -5 6 -13 29 -16 0 -27 -31 -24 4 19 -44 -24 2 0 
18 -22 4 5 5 -20 -16 0 9 -3 -21 -9 0 -4 -14 -24 
9 -24 32 2 -22 18 -4 -14 -21 1 18 -2 10 -2 2 -3 
4 7 14 9 -15 8 -9 -7 1 -6 -28 5 -14 26 48 -18 
0 0 0 0 0 0 0 0 0 0 0 0 0 0 0 0 
0 0 0 0 0 0 0 0 0 0 0 0 0 0 0 0 
0 0 0 0 0 0 0 0 0 0 0 0 0 0 0 0 
0 0 0 0 0 0 0 0 0 0 0 0 0 0 0 0 
0 0 0 0 0 0 0 0 0 0 0 0 0 0 0 0 
0 0 0 0 0 0 0 0 0 0 0 0 0 0 0 0 
