94 -89 114 -78 140 -102 104 127 -2 -68 143 127 -44 36 -22 125 
51 82 -83 23 10 -33 -119 60 -67 -36 48 -14 39 27 -34 -68 
34 -10 13 -74 -136 -23 -121 94 63 -25 -89 -1 141 197 -82 0 
2 -36 -29 -13 -73 9 48 -49 77 9 18 100 -30 -81 37 -4 
113 66 21 -83 -108 17 33 57 123 85 8 -54 102 -19 -120 4 
0 0 0 0 0 0 0 0 0 0 0 0 0 0 0 0 
14 -20 13 66 -70 53 44 41 -91 -45 15 -1 -87 -113 29 59 
77 -96 22 66 -20 -22 15 -21 0 0 0 0 0 0 0 0 
-13 -45 33 43 -26 -34 -91 51 -82 -27 27 53 -33 7 -79 -74 
12 -43 34 -2 -27 64 6 -22 0 0 0 0 0 0 0 0 
32 53 -64 -8 -29 -23 63 -57 -41 -45 7 12 -71 36 -47 -11 
35 -40 -46 18 -89 64 31 -40 0 0 0 0 0 0 0 0 
78 -39 -96 -20 -21 2 -9 79 -39 87 23 41 -2 -114 -54 -84 
-73 117 -78 -21 -19 -50 27 33 0 0 0 0 0 0 0 0 
-1 -86 41 33 -131 38 -40 -56 3 -59 -32 40 34 35 -92 -26 
-15 54 15 41 -11 -42 -41 -67 0 0 0 0 0 0 0 0 
0 0 0 0 0 0 0 0 0 0 0 0 0 0 0 0 
0 0 0 0 0 0 0 0 0 0 0 0 0 0 0 0 
21 60 56 60 24 -47 28 29 58 14 -57 -41 -25 91 -94 -24 
14 46 33 34 -58 -92 7 -47 0 0 0 0 0 0 0 0 
-24 -5 -52 -18 81 -11 -3 -92 -62 59 35 42 -102 -19 18 -54 
-59 25 -18 -59 41 -38 -7 41 0 0 0 0 0 0 0 0 
44 -87 -50 88 27 -29 -36 14 -32 -20 77 -25 17 -31 69 -64 
17 -96 -38 -20 14 -35 -21 18 0 0 0 0 0 0 0 0 
65 -5 -38 37 23 -32 17 -67 -44 72 -5 33 -72 -1 -47 -54 
23 -52 -64 -17 -12 17 1 -25 0 0 0 0 0 0 0 0 
94 -27 -44 32 -91 -48 -80 14 27 73 -43 26 2 15 -51 8 
86 10 -55 -12 81 105 80 -18 0 0 0 0 0 0 0 0 
-30 -75 -43 -41 -5 60 -37 -22 29 2 -11 16 103 142 64 -65 
84 -118 6 -111 -136 -59 -60 97 0 0 0 0 0 0 0 0 
-107 6 -7 -88 56 2 -43 -36 83 22 45 81 -113 108 -104 -96 
-91 11 -15 66 44 -74 20 -8 87 -179 -99 -41 -59 11 -35 -6 
-41 12 65 -65 66 -3 -68 -6 0 0 0 0 0 0 0 0 
25 -33 -5 73 67 -35 -47 2 -35 42 9 84 10 13 -7 29 
87 -5 -61 8 22 6 -72 -61 -13 -78 -11 -50 42 -94 -43 72 
13 -62 84 29 -100 17 57 7 0 0 0 0 0 0 0 0 
52 -53 48 11 -4 27 -71 103 45 -78 -40 65 -45 45 13 51 
19 -54 61 -63 16 -22 30 -8 -34 13 -20 24 -81 -21 -20 46 
62 -37 193 55 -37 91 17 1 0 0 0 0 0 0 0 0 
-21 -98 9 122 37 23 15 -6 -47 48 -44 72 -84 5 -9 -99 
7 -70 -50 29 -7 77 98 -16 104 29 -22 31 73 144 -9 -55 
46 -11 -71 -20 -20 -53 -22 15 0 0 0 0 0 0 0 0 
33 57 -59 39 40 -17 -96 22 -11 60 -30 -16 70 -11 46 13 
-39 88 84 -18 22 36 -36 17 -58 -36 -12 -71 85 -5 46 25 
105 -34 47 49 -70 -42 57 -33 0 0 0 0 0 0 0 0 
-62 29 109 58 -39 97 62 46 -17 -19 -6 -40 28 -46 75 30 
-72 -37 -7 -1 6 34 97 13 -40 -41 -37 -1 -13 51 -31 -77 
62 -67 37 53 69 60 -20 -70 0 0 0 0 0 0 0 0 
71 -21 -24 49 -41 -10 23 51 8 4 -44 23 5 104 -69 -30 
4 -35 -11 49 -23 -8 -29 4 -14 28 53 70 -43 -1 -60 15 
-21 -45 36 18 53 -31 49 28 0 0 0 0 0 0 0 0 
-26 -39 -37 3 17 47 -34 37 -58 65 27 -14 -24 14 19 110 
11 24 1 9 49 -12 4 36 -15 31 6 29 9 6 37 -46 
20 -84 57 -28 -58 50 52 -17 0 0 0 0 0 0 0 0 
-16 69 -18 -54 2 -53 -12 -3 -88 -28 60 -27 28 -59 34 37 
18 30 -21 -43 -80 -23 7 63 16 -56 91 35 5 -112 -20 -78 
-11 -33 -81 -11 63 76 -82 -102 0 0 0 0 0 0 0 0 
-26 110 -31 42 112 130 48 -16 -10 -60 -23 -70 -74 100 -39 -4 
-105 2 -111 -108 17 -68 45 -91 -147 -175 5 -56 80 60 -37 -19 
84 48 47 -132 -50 -40 67 -15 0 0 0 0 0 0 0 0 
-39 13 27 -49 36 -9 -38 -21 -45 16 -82 -63 -3 -14 33 25 
-36 18 59 -19 57 13 37 -10 -111 -58 -97 -63 48 31 -35 -9 
31 14 20 -14 -75 -30 53 -4 0 0 0 0 0 0 0 0 
-41 -16 -27 -68 -17 68 -27 -50 -100 51 -4 15 88 8 -15 -13 
59 -41 48 -12 -55 -11 30 46 -76 0 72 -9 -11 21 105 -60 
-21 48 -68 -61 -30 -139 -8 30 0 0 0 0 0 0 0 0 
-46 -10 -11 -3 46 30 -11 7 -46 44 -34 -22 -39 -2 35 68 
-49 -43 -62 54 41 70 21 40 10 4 4 -105 44 15 -3 45 
-47 100 25 -26 69 -19 -15 -46 0 0 0 0 0 0 0 0 
88 20 26 -41 55 47 -37 -16 135 16 -75 28 -56 -132 -56 64 
25 103 140 59 -42 51 -49 -50 81 -33 -83 -83 -40 -37 28 35 
-138 -13 76 -134 49 122 72 76 0 0 0 0 0 0 0 0 
-36 67 -81 -5 -32 -28 1 -64 40 17 94 82 57 -56 66 -38 
-54 29 31 -1 87 -42 65 64 53 3 25 -5 76 -101 93 -8 
-68 23 -8 -87 -44 18 -65 7 0 0 0 0 0 0 0 0 
-39 53 -26 14 56 47 18 -16 -75 2 57 34 -84 43 -71 -39 
101 29 -81 -37 -30 -27 44 -19 27 7 32 31 -18 57 -5 27 
-1 -10 -72 43 66 35 -45 81 0 0 0 0 0 0 0 0 
21 -3 3 -64 -8 -33 -73 -42 28 13 -63 29 67 -30 -12 30 
33 -16 9 2 -15 -36 13 18 35 37 22 -3 40 -8 42 4 
-64 -56 -78 11 18 26 -95 7 0 0 0 0 0 0 0 0 
9 -64 61 -20 1 4 -16 83 -74 27 2 3 -41 31 -26 -27 
9 -74 11 39 -19 -19 -55 43 -16 65 2 95 -46 -3 45 32 
-15 23 -59 -20 -117 62 -46 40 0 0 0 0 0 0 0 0 
11 -11 15 -65 -24 64 69 67 15 -13 -16 17 24 66 31 -70 
25 11 -19 -23 -63 15 -27 -22 16 64 -114 -72 -23 7 -23 64 
20 -57 74 52 35 38 -67 33 0 0 0 0 0 0 0 0 
-91 -11 -20 17 -48 -13 -50 -26 70 -65 5 -29 -101 -22 5 -20 
-15 19 7 10 -18 -54 3 -6 75 48 41 20 -26 77 -63 -27 
-58 -52 65 48 52 7 18 -68 0 0 0 0 0 0 0 0 
24 59 20 33 17 -1 -32 -12 3 26 -25 -30 86 45 58 -85 
43 -51 18 31 35 12 -21 -68 -50 13 8 -25 -40 -39 -46 76 
-48 65 6 12 40 -31 -3 16 0 0 0 0 0 0 0 0 
114 25 62 -29 -34 -14 -19 4 -52 -9 51 -44 -76 70 43 -75 
41 31 65 33 -32 -13 -33 60 -73 -11 5 24 -37 22 57 2 
-50 51 58 -43 -23 24 77 34 0 0 0 0 0 0 0 0 
7 12 27 31 67 31 -16 133 -25 29 58 26 -42 -3 -49 13 
85 -4 1 31 -4 -3 10 -33 33 -109 36 -9 5 12 -4 -23 
52 -56 69 42 -52 53 31 21 0 0 0 0 0 0 0 0 
-1 -13 0 -43 -34 -28 -21 91 27 38 2 4 54 36 -19 93 
-65 17 -79 -38 -2 9 22 52 25 33 -29 57 37 17 -2 -11 
-31 30 -41 -9 -68 25 -40 -6 0 0 0 0 0 0 0 0 
-27 12 57 -6 67 48 40 41 -86 -75 69 18 7 -32 30 65 
1 -40 31 5 -23 23 -25 -49 29 -30 -32 -31 63 -3 12 -4 
-3 -36 -26 -71 -42 13 -53 -109 0 0 0 0 0 0 0 0 
-25 -24 89 21 -6 21 46 -31 -32 13 -19 10 -7 -22 49 11 
30 37 32 72 -50 -42 -61 -32 -32 42 31 -25 -56 45 10 34 
67 -19 73 28 47 -77 37 -25 0 0 0 0 0 0 0 0 
56 -36 -20 -18 -7 27 71 40 -3 -24 42 9 -79 66 -37 -46 
-58 35 -10 -65 36 -9 65 3 -64 50 18 21 -65 84 66 -54 
-6 -4 29 -92 74 -15 43 51 0 0 0 0 0 0 0 0 
-42 24 19 -26 8 -52 12 10 9 20 -65 -26 20 -71 -14 35 
-18 10 6 -38 22 38 15 17 -24 -46 -18 -3 -7 -9 28 -19 
47 22 -38 -4 16 -3 -56 -113 0 0 0 0 0 0 0 0 
2 20 -47 34 -15 36 -8 13 -26 -3 -25 70 22 -2 -29 29 
-42 24 -41 -5 -67 14 25 12 -35 -50 9 -42 -2 11 42 11 
-18 14 20 6 -84 -30 60 61 0 0 0 0 0 0 0 0 
-28 8 14 1 59 -35 -67 -32 -29 54 -33 -42 -6 37 21 -13 
-47 46 30 23 0 23 22 18 -1 -71 10 -28 -36 18 76 -22 
-8 35 5 -22 6 -90 -70 -4 0 0 0 0 0 0 0 0 
-22 35 -22 -70 33 49 -2 32 55 2 -9 18 -1 -37 54 -39 
1 50 -5 -22 41 1 22 16 -2 2 -5 30 -30 58 20 -92 
-45 -58 32 49 -28 29 -24 -78 0 0 0 0 0 0 0 0 
34 -26 -46 -20 -2 21 -1 30 6 -18 59 34 -10 27 -33 -44 
-20 -19 -12 -20 -21 -32 11 38 -31 -19 33 43 0 12 -9 -2 
-17 2 -16 26 -5 13 25 16 0 0 0 0 0 0 0 0 
3 -39 21 -79 57 39 8 8 0 -98 -2 -19 21 -6 30 22 
3 3 13 27 -63 46 -63 -6 23 -52 18 8 47 9 -23 -49 
-17 -11 -73 -23 -35 -18 2 30 0 0 0 0 0 0 0 0 
-4 -2 -61 56 -7 2 -5 16 -19 -45 -32 57 -8 -47 34 -24 
12 -66 30 40 51 -31 25 17 -56 21 -92 -60 9 27 22 -40 
-51 34 -7 -72 -19 -3 1 -7 0 0 0 0 0 0 0 0 
1 13 21 -31 63 -23 -6 39 -4 17 -15 -36 -18 -29 -59 18 
41 4 -94 23 -12 -1 47 -37 49 39 8 -13 22 34 -24 -9 
16 11 -57 40 -35 54 11 11 0 0 0 0 0 0 0 0 
-60 7 -64 -20 -34 11 -42 17 -8 18 91 14 32 49 -40 -37 
-4 20 -72 56 57 17 -3 13 -31 -10 1 -20 66 24 55 -15 
-3 -11 -47 29 -17 -10 40 -32 0 0 0 0 0 0 0 0 
28 52 26 33 12 33 -27 -13 11 10 -56 -4 -17 -65 -18 -85 
-3 -9 18 53 6 -23 20 -6 -6 -66 -2 38 -64 32 -9 -24 
28 -78 -30 4 8 51 2 5 0 0 0 0 0 0 0 0 
0 0 0 0 0 0 0 0 0 0 0 0 0 0 0 0 
0 0 0 0 0 0 0 0 0 0 0 0 0 0 0 0 
0 0 0 0 0 0 0 0 0 0 0 0 0 0 0 0 
-24 47 -24 106 -88 -48 -48 25 -16 18 65 -63 -11 -29 38 25 
20 20 49 18 -66 61 0 29 -31 29 42 37 25 -25 59 21 
59 -56 23 -28 -55 19 -44 -39 56 0 35 17 -54 -2 37 -9 
22 -1 105 -18 59 -45 30 -29 11 2 -64 35 -92 28 15 -34 
40 -45 16 -49 88 -40 -12 -31 3 57 -71 33 78 16 -2 -68 
80 -28 10 -57 -72 22 28 -3 -24 -29 78 -46 -19 35 -5 -127 
-32 -34 24 -7 -23 24 -31 125 -8 -101 117 72 -17 22 -57 -10 
34 36 -22 -16 -17 110 94 -70 72 -5 -13 -65 27 -119 -36 -12 
-52 124 34 -42 -43 1 3 -39 -17 73 49 7 -35 41 54 -17 
4 25 69 -16 43 -78 30 -44 -51 -7 11 -41 59 49 46 -46 
73 -9 -8 23 157 -57 -48 -33 -9 -9 -26 30 -30 -35 74 -58 
71 58 -62 3 -87 63 -31 25 38 23 13 -55 33 -44 -34 -65 
53 -17 101 -44 1 -32 69 29 -121 45 2 -2 60 -16 -4 32 
13 -51 10 16 12 29 -28 -105 -89 23 -6 -36 -40 32 6 17 
-80 57 52 -30 20 -30 68 97 -74 -18 -82 49 -102 -9 78 -106 
-51 -32 -56 59 -43 1 13 21 -43 -36 3 -17 71 -56 29 -15 
61 27 27 -101 29 17 -7 33 21 -37 -4 -67 52 31 54 22 
-14 94 -72 72 27 19 -24 -15 -21 22 -27 29 -25 -32 58 40 
-91 -19 -85 -39 11 -46 -7 -41 -26 -51 -79 -23 -151 -78 -62 -10 
-93 83 8 50 -87 -60 67 -1 3 -68 -91 81 -78 -22 48 -69 
44 -46 4 20 83 36 -59 6 -71 -31 -57 -59 13 10 32 56 
69 70 -25 35 77 -14 37 0 68 -88 -22 -51 48 -48 27 80 
-106 -2 -45 -34 -16 -85 -88 46 -9 -2 -10 98 -81 -60 -19 -88 
-5 -38 77 -83 6 33 -79 -58 -25 19 -70 64 -31 47 -41 -26 
16 0 37 0 -127 -61 -32 -38 75 -56 32 -62 -6 22 72 43 
-100 -4 -64 25 -50 36 12 -18 7 -5 52 4 38 1 -10 -45 
-36 -52 34 55 113 -109 -60 39 67 -45 -18 48 -7 57 35 105 
-72 30 -62 -24 61 91 -22 -22 -14 32 -45 7 22 -75 2 -17 
-41 -1 47 9 -60 35 -10 11 -3 -46 -3 10 25 -77 -6 9 
-79 0 -49 -74 -27 22 -25 -12 -19 -17 -58 -24 -19 39 -8 17 
22 28 4 -108 -33 -15 7 -65 23 -73 -29 77 43 13 -3 18 
-10 78 39 69 55 -15 38 64 26 -29 -82 13 13 31 19 8 
-8 13 2 47 46 11 -45 -19 3 63 -16 38 -1 -13 53 57 
-3 26 3 -23 -10 48 -9 30 -59 -17 42 42 -7 -54 -16 0 
-20 -3 18 -14 49 22 -13 -20 56 -16 -48 41 2 -47 7 -96 
-46 25 -68 19 53 51 -38 46 -39 -16 -8 -5 59 51 3 18 
-60 -46 34 19 36 -50 -9 -6 4 38 9 -94 3 -26 -9 -48 
-2 -8 -16 -14 -2 27 19 30 -1 29 48 17 10 -55 26 23 
31 18 13 -53 -59 -30 1 -69 46 7 -30 32 31 -54 -34 18 
15 -5 71 20 10 -28 -2 -10 -6 -4 54 27 -30 13 30 -8 
15 -19 -19 20 -8 48 -5 72 42 34 -20 -8 -30 -10 -15 -34 
-37 20 3 -25 -14 64 49 -10 80 -36 48 13 23 72 -2 16 
75 -4 11 6 -100 -16 -59 -3 44 -17 22 42 36 5 -61 49 
-16 59 12 -5 -59 -22 -29 3 -1 -5 -21 -67 27 -1 -42 -20 
22 33 -16 -44 20 -29 -32 -50 9 -16 -2 -10 -27 -19 76 18 
29 -45 102 -10 58 57 12 53 -74 -45 24 16 1 -59 52 -11 
-52 18 -47 -71 17 50 -22 -14 -37 2 2 33 35 -108 30 6 
-18 -26 -28 5 -102 -83 -14 -44 9 -19 42 -11 56 65 -59 -59 
-1 -36 -20 -7 -60 51 19 -39 42 -27 37 26 6 -3 -36 49 
-5 16 -16 -33 -14 0 -11 -11 47 -35 39 -20 -20 16 -25 17 
-11 -9 -21 65 0 30 -45 -2 14 35 21 8 2 -4 -16 31 
-34 -50 28 -65 15 26 33 20 63 -34 7 2 -39 4 -64 10 
-55 50 38 7 -4 -37 2 -60 -1 -32 102 -2 10 24 10 18 
-70 22 58 24 40 -68 -63 -45 4 -5 -73 -61 3 -14 9 17 
0 -28 -58 -12 41 48 8 11 33 -14 11 26 23 -27 -77 36 
-59 48 34 -9 -59 36 -76 41 26 33 54 31 17 -3 3 -1 
37 -51 -45 -18 -32 11 1 -14 42 -36 -69 25 56 53 -49 0 
-35 -20 -77 57 -80 2 -29 53 -50 9 -15 23 21 -17 25 -37 
-45 1 36 -86 15 29 14 1 18 -33 -33 -25 8 -56 -30 -10 
-63 18 35 -21 8 -8 58 50 -77 -6 32 9 47 -36 18 -22 
1 -7 -1 -15 -31 47 12 -33 35 66 -10 -52 86 -16 -22 -26 
67 18 -29 -24 37 -31 -19 -100 -48 9 34 10 16 -9 19 60 
8 16 -42 7 -46 -11 -15 -47 38 40 -7 38 -55 -54 20 -80 
-4 27 5 29 41 12 -56 69 8 -4 -26 -65 -9 1 45 -64 
14 -44 -62 24 77 -25 -47 -5 58 -31 -48 -8 -21 -10 2 30 
-66 -23 -77 -44 -12 23 37 -53 44 34 -23 12 -31 40 3 4 
-24 -5 17 22 43 -11 -30 -27 -16 -45 -25 -34 31 -71 -24 -23 
-15 35 58 -19 -20 57 -30 -43 7 -34 47 66 25 -4 -34 -87 
-57 -30 43 -23 41 -10 -58 20 6 -83 -49 -31 113 68 5 12 
-21 -9 35 -17 25 7 -3 29 -43 -47 16 -34 50 -42 -26 -51 
14 2 61 -10 -29 31 2 -5 -15 -10 -21 -19 37 -37 -7 10 
2 -32 -3 67 9 -15 -7 -4 41 -23 -45 -60 3 75 29 -41 
42 18 -8 -20 25 -29 1 14 -8 12 -34 17 13 -21 -4 30 
-3 -9 -5 25 0 -13 -2 -8 -30 21 -10 11 12 18 16 4 
-24 -4 68 -23 37 -27 26 31 -46 -9 -5 9 3 2 -29 -80 
12 35 -10 0 13 -24 16 -12 3 20 -24 8 -25 34 -4 11 
-37 -19 10 47 0 -4 -13 -16 2 -56 -29 18 -22 55 -21 -17 
-24 40 20 55 39 16 16 7 -35 52 6 -45 43 0 -18 -35 
-54 -19 -24 22 56 -7 -54 20 -37 7 8 -51 -29 -39 62 -42 
23 40 79 86 -4 56 57 -9 6 55 -43 70 18 -24 55 -81 
31 30 67 -1 27 36 6 -55 23 60 -20 54 -18 44 -19 -8 
-26 6 6 -40 -32 -11 -16 7 -19 14 -71 3 -24 -40 -18 42 
-84 16 6 -10 14 6 -2 -2 18 3 28 -6 -1 28 -26 -35 
-22 0 -9 -6 7 -80 -52 -2 34 -19 27 55 16 -25 -10 -22 
-9 -12 43 -7 -17 13 49 9 -39 -24 -2 -35 -3 -36 7 16 
33 -72 -2 -34 9 -22 7 -15 41 -7 -2 -31 33 -6 -7 -31 
-4 31 60 -22 -2 -3 47 -10 -36 -29 -9 -70 -19 -29 10 -38 
2 -9 -46 3 -13 -47 26 21 -29 9 -12 20 33 -7 -16 -32 
-15 -6 1 10 4 -13 -14 -20 37 -30 -12 -27 18 1 37 -5 
-27 69 -2 -10 -34 -20 27 -17 -17 16 9 -17 21 28 9 -11 
-16 30 -3 26 22 -7 -16 -19 11 5 13 -26 30 -11 17 -30 
-6 27 13 -20 43 -30 -14 8 -32 23 -19 -4 10 23 49 -35 
24 6 -11 7 -21 20 33 -12 8 14 7 0 16 -37 22 1 
-2 -1 33 2 -21 -12 -49 30 14 12 27 1 -9 22 41 -16 
-4 49 16 23 20 -42 -25 -25 5 -46 -26 78 -19 5 -100 -14 
-48 -20 58 38 -10 23 8 -27 -1 -8 25 -27 -16 -56 42 4 
24 33 -61 -2 41 -3 -25 33 23 28 -65 32 -29 -13 9 -4 
14 5 -25 37 21 -22 -13 22 -71 -52 46 -23 -46 -8 14 -41 
17 42 28 34 -19 32 18 7 -25 45 62 -13 28 -13 42 2 
10 -4 39 -8 19 41 -4 10 5 -34 41 -4 12 12 20 -36 
9 18 35 15 23 -6 -33 -15 20 -20 -4 -28 -16 -28 -2 0 
-2 -49 28 8 -10 -4 -20 17 12 -2 33 -14 14 -36 17 18 
-14 -16 8 1 -28 -22 5 31 18 -20 16 20 -30 -6 -23 -44 
-5 10 21 2 -10 -36 -14 -8 0 -8 43 -35 -42 -21 -57 -5 
5 20 14 -33 -12 -54 44 13 -18 4 45 -2 3 -6 -26 9 
18 -21 -12 5 -26 41 3 -15 23 -10 0 -20 0 0 12 23 
4 -9 -28 37 -7 6 32 14 25 10 4 -2 -23 -21 19 9 
13 14 -14 1 -21 22 18 6 -3 19 -8 -12 -26 2 -23 2 
-23 -19 27 -20 26 10 13 -11 5 -4 -8 1 -11 -4 -9 4 
-5 30 -6 -6 7 19 -4 -16 -13 10 -22 -12 11 15 19 5 
-16 25 30 10 -9 7 9 7 21 1 -8 -15 -17 5 -23 -10 
-8 1 1 11 -1 -12 -4 14 0 -8 3 -3 3 8 7 9 
2 2 -4 -3 -2 8 -4 2 3 3 -3 -4 -4 5 -4 3 
-5 -2 6 9 10 -2 -5 -1 9 -1 -4 -12 -4 2 -2 -13 
0 -9 4 -1 -1 -6 -9 1 -13 6 5 8 5 2 2 -5 
-3 -3 -4 6 3 0 -1 -11 -1 -4 3 5 -14 -1 -7 -2 
-13 1 0 0 0 2 0 1 3 11 0 0 -5 -4 12 3 
-13 6 9 -5 7 -26 20 20 -6 -18 9 -15 33 -1 29 -1 
51 -39 -14 -12 22 7 -76 -17 -65 -5 -6 -8 -36 -14 12 17 
7 -18 -25 10 49 -7 -72 32 -7 -9 -4 -52 2 11 -57 -7 
1 -42 -30 -65 -40 -9 -20 48 0 12 -8 16 -27 -63 -7 41 
-31 0 -30 11 -42 8 25 -40 25 24 44 -9 -32 14 -18 -28 
-5 28 20 -3 28 12 20 -18 -29 -30 5 35 -13 -52 -23 -5 
1 6 -16 -25 -9 63 16 6 -15 -32 25 49 -4 17 -14 -38 
2 -21 33 20 18 -5 20 -46 10 -17 -1 -31 -28 -55 -17 -12 
-27 1 -14 -24 7 25 15 -15 -4 -3 40 21 -12 -25 -3 45 
-2 -17 46 10 0 24 54 7 -8 -8 -7 -23 -3 10 4 -43 
13 27 -11 2 21 -26 -48 19 13 -10 56 -19 -4 8 12 -5 
-18 21 16 3 -47 -13 51 -14 3 10 5 -10 16 0 -57 -21 
28 -50 -14 -35 -65 -24 -3 -1 45 0 39 -62 13 38 -26 10 
63 -14 1 7 -6 -50 -1 -35 21 -27 -50 38 -51 -29 -22 2 
34 28 -39 -9 0 30 46 -29 -18 -43 -34 -17 -29 7 42 11 
47 17 -3 -1 14 -35 73 -14 -20 -30 -45 18 4 -31 -10 -45 
-15 6 34 32 -7 21 13 1 17 -1 -1 9 41 11 29 20 
22 23 13 36 -38 43 16 58 36 -13 -1 42 40 -42 7 -16 
-23 32 -28 0 -30 -36 29 38 -21 -20 -46 5 -24 -19 18 5 
-11 2 -24 19 39 15 9 -25 40 -69 5 35 -8 28 -4 -19 
-21 10 16 -36 -7 -17 -18 -28 47 -8 10 -25 2 5 -40 -10 
31 -15 -4 -12 -5 -4 -24 -16 -9 -3 24 -33 -26 11 9 8 
-9 32 1 -18 22 -8 -24 -14 -11 -43 -31 17 -21 -6 22 -60 
16 33 0 3 1 19 -4 -35 -12 -24 -42 -47 -3 -28 66 5 
-70 52 -20 8 -11 10 -22 25 39 26 16 -30 10 17 5 -29 
-21 27 18 -77 -5 -37 14 -16 -44 -16 11 42 -12 -20 16 0 
-41 7 26 25 1 -25 2 -6 -2 -16 -4 28 3 -24 12 -5 
-1 -10 -34 25 -10 -11 -25 -5 15 5 17 6 -4 -6 45 -17 
9 -15 -4 -6 12 -11 -4 -10 17 15 -6 7 8 2 14 -12 
40 40 -13 -10 13 29 0 -14 -38 20 -7 18 5 20 5 19 
2 -45 7 -24 -13 94 21 -45 20 -17 55 12 -9 -19 -30 14 
-6 12 28 59 26 -64 6 9 63 -12 -37 10 -7 24 23 -39 
19 16 -44 -25 -61 2 -1 -17 36 37 30 -51 -35 -7 14 34 
5 -17 -40 -23 32 -6 49 -7 12 -2 11 15 -26 -30 -31 -46 
-15 -12 12 32 10 31 -1 14 28 -15 20 21 4 -42 27 44 
-17 -21 15 -7 -37 -15 57 21 30 5 65 -9 23 26 -50 13 
9 -21 -43 -27 -31 27 23 -15 -18 -31 -8 -12 1 4 15 -3 
-9 -3 -25 14 11 -6 35 23 15 -38 28 1 4 -13 56 -16 
16 40 -7 -32 21 20 -11 -40 -8 10 -8 1 -11 -18 -8 7 
-35 -31 22 -9 -9 16 13 -35 5 -23 1 -34 20 0 -34 6 
8 -7 23 -2 -3 25 -12 -12 -9 21 -34 -19 14 -5 25 8 
10 4 26 27 -16 1 13 -3 6 8 -35 -26 -41 45 -12 3 
1 9 2 -6 16 -12 6 -40 -25 -4 -12 21 -35 4 14 -25 
-41 60 -18 17 -22 -21 -24 -23 19 -55 -33 63 3 3 26 -13 
-28 8 8 -2 -29 -27 5 -13 3 25 33 21 27 -2 -31 12 
16 -32 9 -7 17 5 15 34 52 -11 3 -12 -26 -12 -3 2 
27 26 -39 3 -14 17 -3 -10 16 29 -5 -28 -5 6 -8 -6 
17 28 -6 -31 -6 -26 3 -21 -30 -17 41 -6 17 1 -5 25 
3 -25 3 3 28 -40 -25 46 4 -28 14 -18 29 -1 -39 52 
0 -26 -40 -23 16 -10 -19 3 -44 -13 -33 -27 -63 -4 41 -32 
16 -16 -46 2 86 -6 -59 -41 -27 -23 42 49 27 -13 -41 -26 
-24 49 -5 -7 -37 1 -26 30 -55 -27 56 9 24 -47 0 21 
6 -87 8 33 28 -3 28 -38 -18 18 26 10 2 11 -7 -60 
17 -19 4 36 -1 -47 57 -26 -10 1 -9 40 -55 22 -8 -9 
22 42 26 -5 -8 45 -22 -8 44 14 25 -27 5 -14 4 -11 
13 35 31 -18 11 -9 -24 -16 6 27 -47 -28 14 7 -31 -13 
-17 -20 -11 25 10 20 -8 13 31 15 18 -12 -4 19 10 -10 
25 9 -24 3 16 4 1 5 42 36 13 0 3 3 26 -35 
-21 29 -10 13 -22 -27 23 43 19 -6 -33 -6 -7 6 -22 32 
-13 -1 15 -33 4 38 -45 -23 -20 -1 15 -3 26 -45 -5 18 
4 -2 16 29 19 13 -59 -8 -23 12 12 13 -29 4 21 -9 
-22 6 32 5 21 -12 -21 17 5 -31 -7 -23 -37 -3 -5 -22 
-9 -46 -30 -14 6 -20 -14 -10 -22 -21 -9 32 -12 8 0 -27 
-1 4 6 -38 -11 -28 13 -11 20 -36 9 -22 -9 -14 -36 0 
-4 -18 -9 59 13 11 33 -5 0 19 26 1 -17 -5 -28 1 
17 5 28 -4 8 -9 41 -42 -28 18 15 18 16 -14 12 16 
-13 -10 -19 10 -17 1 -9 0 11 12 20 -63 2 -53 -63 -48 
-4 -26 22 4 -18 24 7 -37 6 -17 18 11 22 -13 47 15 
13 -10 -36 -15 -16 -36 -49 11 -26 -6 39 9 7 14 47 -25 
23 34 -60 44 45 3 -24 2 28 -36 23 -6 -29 -56 18 -24 
-46 -1 28 30 -42 21 63 -33 -54 25 -28 22 -8 22 20 -15 
55 17 -37 26 22 24 -2 11 14 -27 11 30 15 -9 12 5 
13 -1 14 59 7 -15 -11 24 30 4 32 11 5 45 -9 13 
-5 -2 -14 4 -1 20 52 25 2 29 -10 -9 5 1 -24 -9 
20 -18 11 -14 8 2 12 15 -4 1 -30 3 7 -2 14 -5 
-22 -12 -5 -54 5 -17 -3 2 -14 18 0 -13 -48 6 -3 -18 
1 31 0 12 17 -18 6 -4 24 17 -7 15 -2 -8 16 28 
-27 -20 -5 -19 26 -22 -60 -22 7 28 17 -6 -25 -7 -10 -19 
36 20 6 -20 -2 -22 50 3 -9 3 -10 -37 23 5 3 -8 
-20 12 -43 13 -37 -26 -11 29 25 23 -32 13 10 -8 -19 -16 
3 49 -16 13 -9 -25 19 1 14 18 -3 -35 19 59 -23 35 
-21 58 -21 4 37 31 15 21 32 23 35 14 20 20 -5 37 
2 30 -14 -30 47 -2 -3 21 -27 1 -60 37 73 -27 35 4 
9 -45 0 22 -2 33 -35 -12 -14 51 -40 -33 20 10 13 16 
-17 45 21 17 -43 48 5 -2 -1 -10 45 1 0 -1 -10 -16 
-2 -16 9 -38 29 -4 -46 16 -10 17 -4 -53 10 -22 -16 -53 
-18 8 11 28 -1 49 -19 -22 14 -39 10 -11 -46 -1 5 58 
-37 -9 -8 10 24 -33 10 -34 -2 26 -21 4 62 28 49 -9 
-37 22 47 -42 20 34 -36 -2 20 4 -38 29 -47 22 -9 37 
18 -8 25 18 -8 10 -3 -1 -9 29 -14 -13 25 25 -44 -12 
62 23 -16 59 -27 2 -20 -4 -14 37 69 56 5 4 -1 -43 
22 -36 -1 -5 -22 42 50 -26 -46 56 -17 -48 21 -51 47 28 
35 -14 -1 4 -3 101 39 12 2 -35 -14 3 35 -40 35 -34 
42 -69 11 -26 -46 -8 -26 -51 -56 35 19 25 -19 4 -13 24 
-47 44 -15 60 -13 -5 -47 -53 -3 -31 7 -6 -37 92 19 8 
-47 38 39 -8 53 -15 17 -8 38 -10 -10 -22 23 1 -25 29 
-17 -2 -17 -29 -58 11 3 -5 23 3 13 -12 12 -4 -34 -50 
0 -32 37 -29 5 0 -9 -25 -25 -8 -12 -4 25 -48 -42 -37 
-16 9 -17 35 31 0 -8 -6 -13 -26 -14 5 -35 0 10 18 
34 26 11 12 50 -19 17 -34 -16 -10 -22 -10 21 -11 12 -19 
-40 -20 34 5 14 -21 -21 3 6 -14 21 0 -10 24 -3 -13 
6 -18 -4 14 6 4 -9 9 18 -22 -33 30 38 -26 -11 -6 
-20 13 8 -44 -19 17 26 -3 11 -2 28 3 -20 -18 -24 10 
25 12 13 57 -20 8 -14 -27 19 20 -21 -16 -6 -6 9 -10 
38 9 -7 -7 -25 9 9 -18 -18 -14 -1 11 -33 22 28 -33 
22 -4 20 -17 3 -6 49 -34 -11 -6 2 28 -6 -11 5 -8 
-45 -5 21 47 -47 46 5 -17 -5 -2 -14 22 30 3 5 8 
28 -9 12 -14 11 -9 2 25 17 -42 -15 2 -9 -31 16 -8 
-25 -18 -42 -39 -18 2 42 -24 4 24 -4 29 7 -9 17 -16 
-13 -22 8 4 10 9 -23 42 -3 -9 -17 6 28 -17 18 -10 
50 5 14 -4 -15 26 31 68 15 -41 -39 17 6 13 68 -11 
-2 -34 16 -18 23 -19 23 -45 -15 33 21 -8 6 -12 -52 23 
-25 -20 0 6 -22 23 -55 -21 -24 -4 -19 16 -19 55 16 -27 
-32 2 -38 18 25 -13 1 11 9 -74 16 -1 -10 28 25 6 
7 24 22 15 -29 31 3 17 15 4 37 -23 -44 -19 25 31 
38 -11 -5 32 -23 35 -18 -2 44 26 -57 -22 11 -34 3 1 
24 -11 -4 24 -24 46 -7 -16 -3 -36 4 -26 -61 -23 24 6 
13 -26 -6 -6 8 -41 14 -15 -22 -9 -6 36 6 7 -28 -25 
-55 57 29 66 -29 26 2 -18 -17 -27 -27 35 7 0 17 22 
5 6 10 -6 -45 -13 44 -7 10 -8 13 -38 2 -32 3 22 
28 4 -78 -17 -75 -82 56 -18 4 24 -23 -17 10 1 -11 45 
-22 -4 -28 -22 -30 27 -15 -21 0 -16 -18 5 -6 -2 26 10 
28 37 33 -1 -11 45 14 -72 49 -6 -5 -6 -13 -4 -10 30 
6 -8 -43 33 -32 46 -1 -15 -24 1 15 -2 0 20 7 32 
37 25 -7 -27 58 -21 33 -13 19 -68 -35 31 1 -15 68 0 
-27 -18 -21 24 -10 -27 34 -22 -4 -2 -17 16 -5 -23 48 31 
11 3 13 16 2 -12 -26 2 23 18 20 -28 18 20 -9 33 
29 -67 21 -8 20 9 13 23 -12 44 -2 -36 -5 5 -5 -5 
23 -10 -3 13 1 42 9 -11 0 -31 -19 -39 44 -22 -16 -17 
-56 -9 -3 2 -35 15 -5 -11 -3 -4 -19 25 -23 -3 -5 10 
24 -4 -3 55 -4 1 -5 -34 -30 7 15 42 -13 -7 -17 -7 
-4 2 28 -1 4 2 19 1 -11 13 23 -21 -51 25 -5 -14 
-9 -3 -29 19 -31 -14 3 -2 40 7 -2 -30 5 7 -15 -7 
-15 52 -19 12 -54 -4 16 35 -1 8 -27 15 2 -54 -20 -33 
30 28 -31 5 11 11 31 8 -9 63 -2 -18 4 4 -16 26 
-23 19 -13 -7 24 1 19 14 7 8 45 64 -37 6 -15 -11 
3 12 -51 -20 6 -21 -37 -13 -17 31 -38 30 4 25 30 38 
-23 41 9 41 37 24 -2 15 18 36 3 -23 28 12 -27 13 
3 22 -24 2 5 -30 6 53 29 -13 -34 -75 56 42 9 27 
18 -26 -30 29 -6 6 33 -1 -25 30 13 -2 39 23 -28 19 
6 -15 -11 -45 9 12 -35 -35 3 -23 0 -36 -27 -21 -26 5 
-13 -9 -34 -2 -19 3 -89 -26 7 4 14 -18 0 43 91 -16 
6 63 0 22 46 -6 -23 6 -37 -25 -29 38 -4 -10 58 -31 
-37 -12 40 -6 -51 57 -13 -11 -4 19 -4 -26 -22 28 -3 14 
45 -30 -38 -8 -2 46 -15 2 -24 34 22 27 24 27 28 -25 
-12 -25 31 12 -20 19 -6 8 -44 23 19 1 20 21 11 3 
7 -10 -25 23 -34 -7 -4 32 21 -54 -32 0 -31 2 56 -26 
37 -25 12 -10 15 -39 18 -23 -35 32 48 42 3 18 -38 -13 
-41 -17 0 40 -29 1 1 -36 39 -38 -5 11 38 8 -16 -14 
8 9 8 8 -13 32 2 -4 5 10 -1 17 -26 30 27 15 
12 -1 13 9 10 -4 -9 -10 8 -14 -24 14 -15 1 9 -7 
-1 -5 -6 -16 -18 15 -4 3 -8 10 12 4 -2 -6 -19 16 
-6 -17 16 -9 14 -15 0 1 -12 16 8 18 16 14 -5 -6 
-5 -2 4 -10 -24 7 -18 18 3 1 20 -10 6 12 15 7 
20 -6 10 -8 -15 -12 14 19 -2 2 -4 -15 -13 -34 -4 -17 
-2 8 8 -2 11 -9 -13 -12 -15 11 -9 -6 9 -2 13 -7 
-15 -7 17 1 -12 -15 -70 -25 11 38 2 9 -55 -33 23 8 
-6 -22 -10 6 -2 9 9 44 -9 46 -13 27 54 6 -3 13 
10 -31 -2 -38 -3 -52 -7 51 3 34 -9 43 4 -25 -3 -15 
-36 -28 -7 -29 23 28 -29 15 -2 -20 31 8 -21 6 -15 -18 
-3 6 59 -14 -16 47 1 -10 32 5 24 9 43 30 27 10 
-9 15 6 -27 40 -45 4 -1 11 -31 14 -6 -10 32 -33 27 
8 -4 -12 -18 -27 2 21 -1 -1 28 -17 -43 33 0 -9 2 
-17 17 -24 22 -44 7 27 22 30 16 -11 22 -5 -20 -19 1 
-12 17 22 -16 7 -7 17 3 16 28 4 -22 17 38 -14 3 
-31 -3 0 4 34 13 9 -6 13 34 43 10 28 -7 27 11 
18 16 -5 -36 40 2 -12 13 18 -19 -64 18 0 4 25 19 
-6 5 3 3 -5 -9 -9 9 5 2 -41 -41 18 3 -18 20 
17 22 10 2 17 28 60 -52 0 -58 -16 48 7 1 -8 -34 
-5 33 42 -51 16 2 31 25 -5 37 15 -10 24 -1 12 -36 
-25 -19 35 -21 -39 3 19 29 -14 -21 -12 -28 -7 29 59 -3 
-26 -32 41 -73 24 -59 19 3 24 -6 -37 -52 -71 48 -23 24 
-44 27 -24 -41 11 -27 -73 -8 36 -22 8 -13 -66 43 -39 54 
-29 -34 -23 -38 17 -54 -5 11 82 -10 28 2 24 -2 -30 46 
-30 -19 26 -43 -18 -31 -4 -12 8 -19 24 14 -61 -29 -18 -24 
-18 -14 12 -29 56 -2 35 15 32 16 -21 -25 -39 -14 29 6 
13 -37 22 -23 -14 -16 -3 -4 -7 0 0 56 -16 -30 8 30 
0 -13 -18 35 1 8 33 18 5 -21 -12 -14 -4 -18 -50 -3 
-9 -27 3 -9 -37 12 -21 -15 -20 -22 52 13 -35 2 -24 0 
41 -26 -41 -17 -39 -27 9 5 -12 -25 45 9 -71 39 -53 -26 
-20 -27 -58 22 27 19 -35 33 24 10 -1 -16 -26 16 59 -17 
-13 -8 -20 62 18 -28 -6 24 14 -59 15 24 -11 -23 -3 -10 
-17 -59 -6 20 1 -1 2 6 18 6 1 0 -4 6 -1 10 
35 -25 26 -18 8 -12 20 -25 16 2 35 14 -14 -14 -16 -38 
22 26 18 67 0 11 0 2 -25 -39 -21 -2 36 1 16 30 
0 28 51 -8 8 25 -18 -14 -17 -2 21 12 10 -3 4 20 
0 0 0 0 0 0 0 0 0 0 0 0 0 0 0 0 
0 0 0 0 0 0 0 0 0 0 0 0 0 0 0 0 
0 0 0 0 0 0 0 0 0 0 0 0 0 0 0 0 
0 0 0 0 0 0 0 0 0 0 0 0 0 0 0 0 
0 0 0 0 0 0 0 0 0 0 0 0 0 0 0 0 
0 0 0 0 0 0 0 0 0 0 0 0 0 0 0 0 
19 6 -5 12 -4 -23 14 -24 -21 -30 -6 8 -13 -34 35 8 
-46 11 3 -21 12 2 -10 15 3 -10 -31 -10 11 -14 24 -3 
-23 -39 -23 15 25 4 -30 -2 8 -16 30 16 26 19 0 -1 
-28 4 25 0 -11 -15 29 -2 20 -26 0 -14 -24 -29 -29 22 
-1 -35 -27 28 16 -6 17 -37 23 30 3 -31 -33 -5 3 1 
-4 -5 -1 17 -13 -38 38 24 7 -3 13 13 33 -34 -36 -4 
16 -3 6 -42 -8 -18 1 -18 7 -5 -20 11 -32 -7 25 -17 
8 17 -4 -10 -17 13 -3 27 25 -26 -6 4 2 -22 18 19 
10 12 39 -5 -1 -1 23 31 -10 -27 -18 35 7 22 16 6 
-5 -10 12 -17 -1 -11 13 14 12 -27 25 -15 0 -22 -41 25 
14 -16 -15 -16 -22 13 -18 -41 1 28 16 0 12 17 -2 19 
40 18 -35 27 32 -43 3 4 -21 4 -6 -1 -38 -16 21 -8 
2 2 4 3 -8 14 14 -12 7 2 14 -14 -1 13 1 -9 
10 5 5 -2 -5 3 -15 1 4 -1 -6 -9 7 5 5 -7 
0 7 -8 5 -10 -5 12 8 -3 8 9 -1 -3 4 4 5 
10 -5 -6 3 2 -10 8 -1 6 4 -5 -2 0 6 1 -5 
-13 -3 -4 0 -1 -13 2 7 -1 -10 4 -5 -5 0 -4 2 
0 -9 -6 -2 7 9 7 7 -7 3 -11 -1 0 1 -5 12 
-12 13 1 24 2 -8 -50 -2 33 -5 -27 -8 3 27 38 24 
32 40 2 0 -15 10 17 -22 -11 12 28 14 1 -9 -2 6 
-32 -16 3 10 11 16 5 33 2 34 30 -15 -2 10 -20 -14 
1 -29 18 14 26 14 -40 31 -14 -26 15 -7 -38 7 -1 -3 
-39 -30 -16 -8 3 19 4 -6 -16 -24 10 3 -36 27 9 -32 
-19 79 32 19 23 -19 -15 -11 -1 16 -16 -3 15 -30 47 5 
-13 7 -3 -22 30 5 27 15 1 4 -12 10 -22 -3 7 14 
23 17 5 1 6 35 -7 12 5 0 1 7 -24 -2 20 5 
1 -1 -15 11 8 29 -12 5 -4 -12 7 9 9 -32 -10 -11 
-4 3 21 -41 -33 -38 24 -8 -9 -8 -26 -31 -8 -5 5 1 
-23 5 2 8 -12 6 11 31 5 16 3 15 -8 30 7 -20 
13 -5 -7 -19 6 -8 -1 -8 -7 -28 0 9 -8 -7 -24 -9 
1 0 2 0 -3 2 -1 -1 0 -2 -2 0 0 1 -1 1 
-1 0 -2 1 0 2 -2 1 -1 1 -1 0 3 1 -1 -1 
1 1 -1 -2 -1 1 0 1 0 2 1 1 -1 0 0 1 
-3 -1 -2 0 -2 -1 -2 2 2 1 2 0 2 1 1 1 
-1 -1 2 -1 0 1 -1 0 -1 -1 0 1 0 -2 1 1 
-3 0 1 -2 0 1 1 0 0 1 1 0 0 2 -1 1 
-7 5 -15 -8 8 -21 4 -6 -22 -10 -19 -26 -8 4 -6 22 
-4 -14 -13 4 -14 10 27 27 -20 1 10 -24 -13 -13 19 -2 
5 16 16 -11 13 -23 1 -2 2 -2 -1 12 -13 -23 -3 3 
5 4 -5 14 24 16 28 -7 -12 -13 -24 -23 7 -6 -12 41 
-23 -30 -4 -13 3 21 -8 -4 12 -19 -11 24 14 -8 21 -26 
-6 -3 -39 29 2 -10 18 27 -11 -29 -14 -2 1 13 6 -13 
0 0 0 0 0 0 0 0 0 0 0 0 0 0 0 0 
0 0 0 0 0 0 0 0 0 0 0 0 0 0 0 0 
0 0 0 0 0 0 0 0 0 0 0 0 0 0 0 0 
0 0 0 0 0 0 0 0 0 0 0 0 0 0 0 0 
0 0 0 0 0 0 0 0 0 0 0 0 0 0 0 0 
0 0 0 0 0 0 0 0 0 0 0 0 0 0 0 0 
0 0 4 -3 3 -5 -4 2 -1 0 -4 0 1 -3 0 -2 
-3 -1 2 -3 -1 -2 2 3 0 -3 1 1 2 -1 -1 1 
0 1 3 -4 3 -6 -2 0 -2 -2 0 4 4 0 -2 1 
-3 3 1 0 -4 2 -3 -1 3 -3 1 -3 2 0 3 2 
6 -3 -1 0 1 0 -1 -3 1 1 -2 -1 2 -4 -3 1 
1 0 -3 -1 0 -2 -3 -2 -6 3 -2 -3 1 0 3 -4 
7 19 -3 8 10 -39 -6 1 4 -51 8 4 10 33 -9 -8 
3 1 -1 -10 20 22 -4 -10 -24 -10 9 -25 18 -9 2 -7 
-12 -13 6 3 37 3 -21 -24 1 -18 16 1 2 -40 -15 -9 
12 9 4 9 -20 -31 3 3 7 5 -14 -25 -17 -6 11 37 
24 0 -11 38 45 10 -25 -29 -17 -30 -6 -24 -6 1 -12 -14 
-49 9 -19 1 -5 -3 12 -12 16 20 11 7 24 -31 6 17 
5 1 6 -3 -4 4 -7 4 4 7 -9 6 6 10 -7 -1 
4 3 8 -11 -7 -7 -4 1 1 4 3 3 -6 -1 -2 3 
10 3 9 -5 -2 -10 -6 -5 -9 -14 -5 -10 5 -6 -14 8 
-3 -14 1 -6 0 9 -1 -5 -8 2 -1 8 14 8 -2 3 
0 -2 -6 -4 -8 -3 -1 -5 -1 6 4 -4 15 -13 -8 -1 
4 1 -5 6 0 -3 -3 -3 1 3 -5 -12 -1 -1 12 -9 
1 4 -1 1 0 0 1 0 0 2 -1 -2 0 0 0 -2 
-1 -2 0 -3 0 0 0 -1 -4 1 -2 3 1 -1 -1 -1 
2 -3 1 -1 1 -1 -2 -4 -2 -1 -2 -2 0 -1 -1 2 
1 -3 -2 0 0 3 -2 1 -2 0 1 0 3 3 2 -1 
-1 2 -2 -1 2 -2 1 0 1 0 -2 1 0 -3 -1 -3 
0 1 0 1 1 0 -2 -2 -2 1 -1 -2 1 1 -1 -2 
50 20 23 -4 12 16 17 11 -31 -17 -6 33 -28 -53 31 -26 
9 -10 21 -23 1 6 -32 -42 -2 -5 -3 -18 -13 3 34 3 
-24 -17 -7 -18 7 25 -9 -17 -12 -2 10 20 12 0 9 -6 
-19 10 -12 1 -11 -4 -17 22 -2 1 -34 -10 40 25 -5 4 
-15 22 11 6 -12 21 -1 8 1 25 28 1 -13 14 -16 2 
22 -5 25 -1 12 1 7 -21 20 30 25 17 12 -7 -5 -10 
-19 19 -16 33 -25 1 -6 12 20 6 5 2 -15 -35 -19 41 
-1 -14 -17 -21 30 24 37 -11 -1 19 15 33 -16 -21 11 -17 
15 -23 -9 -20 22 63 -23 -22 19 -29 20 -13 -16 -22 -17 -18 
-29 -17 9 2 -58 -24 -18 -26 3 -21 1 -45 -16 27 19 -43 
-2 25 3 14 3 27 -19 3 26 28 -1 35 9 22 18 10 
2 -8 31 -22 -13 18 -33 -45 20 -10 5 13 3 -17 -14 -31 
1 6 1 0 1 0 -3 -1 -2 -3 0 0 -1 -4 4 0 
-1 0 4 0 1 -4 -2 -1 -1 0 1 -3 3 0 -2 2 
-1 -4 5 -1 1 -5 -3 3 0 0 3 0 0 0 2 1 
4 2 0 2 0 2 -3 4 1 -1 1 1 0 -1 0 -1 
0 -1 2 4 -4 1 1 1 2 -2 3 -4 -2 -4 -5 -3 
-2 -1 -1 -1 -2 -2 2 -1 -4 3 2 -2 3 0 0 1 
49 10 5 16 3 5 8 10 -38 7 14 -13 21 32 6 -1 
0 44 23 -20 -17 -35 -7 -10 22 -1 -24 -14 13 17 31 -8 
9 5 -11 4 8 -2 -18 -20 24 16 20 7 2 10 9 -5 
28 18 -24 -25 6 1 19 -28 3 45 -9 12 -3 8 1 -19 
-24 -16 -18 9 23 -25 32 8 22 -20 -3 -20 -5 -12 -31 -38 
-15 -7 -9 -21 12 35 -9 12 -25 42 -9 2 10 19 4 30 
4 -2 0 -2 3 0 1 -3 -1 -1 3 1 -1 3 2 -2 
3 -1 2 -2 -2 -6 -4 1 -3 0 -2 -1 -3 0 0 2 
-1 -2 1 5 -1 0 -1 1 -3 -1 -1 0 2 4 2 2 
1 1 1 -3 1 0 2 3 2 3 -2 2 0 -1 -3 -1 
2 1 1 -1 0 0 -2 -1 0 2 0 1 -1 -2 -8 -1 
3 -2 0 -2 1 -2 2 -1 1 -1 0 3 0 -1 0 -1 
0 0 0 -2 1 0 -1 1 -2 -1 2 1 -1 -2 0 -2 
-2 0 1 1 2 0 0 3 2 0 2 -2 -2 -1 0 -1 
-2 -2 0 -1 1 2 1 0 1 -1 0 2 1 1 0 -1 
-2 2 3 0 -3 0 0 0 0 -1 2 -2 1 -1 -2 0 
0 0 3 2 0 0 -1 -1 0 1 -3 0 2 2 1 1 
1 -1 0 1 0 -1 0 -1 -2 -1 -2 2 -1 0 0 -2 
21 -3 -11 -29 34 6 -23 19 8 -9 5 5 -19 -15 29 2 
-11 -20 17 62 11 -6 15 -11 -9 -15 24 -2 5 12 -3 -21 
-47 -38 13 23 3 5 3 4 7 -22 9 -2 -28 20 24 -16 
12 9 32 47 -7 16 -13 18 -2 -13 9 1 7 11 -2 -19 
26 33 11 16 -9 -1 -50 -6 -36 -18 -35 -29 -11 6 5 8 
40 -12 20 -20 -7 -1 14 -6 -15 -14 1 -14 -13 7 36 3 
-3 10 -4 -22 7 17 11 -12 -23 13 -4 15 -3 -15 16 9 
-4 -17 -4 16 13 4 15 6 9 7 8 -8 7 -5 11 -11 
-7 -6 -2 -2 8 -2 4 18 -15 1 9 -1 13 1 -1 11 
-19 -11 21 -31 3 22 9 -8 14 2 5 -12 9 12 -10 13 
-15 2 -13 4 -14 13 -4 8 21 18 5 5 6 8 4 -3 
23 -6 1 3 -24 0 -19 -4 -4 -17 -4 -15 -12 19 2 -10 
16 36 1 11 10 -9 -44 -20 25 31 0 16 0 39 -4 -37 
26 -5 14 -8 -3 7 -21 6 -6 7 19 18 10 15 -7 23 
12 -12 -6 -34 -9 4 -4 26 6 23 -11 -13 -27 -11 -19 -24 
30 -34 -14 16 17 -38 -19 5 -24 14 29 6 -3 38 -7 -12 
3 -18 -35 -5 -39 17 -13 7 15 -10 -2 11 1 12 1 -13 
12 37 -11 -12 52 10 31 -16 -17 -4 0 -15 -5 17 25 18 
0 0 0 0 0 0 0 0 0 0 0 0 0 0 0 0 
0 0 0 0 0 0 0 0 0 0 0 0 0 0 0 0 
0 0 0 0 0 0 0 0 0 0 0 0 0 0 0 0 
0 0 0 0 0 0 0 0 0 0 0 0 0 0 0 0 
0 0 0 0 0 0 0 0 0 0 0 0 0 0 0 0 
0 0 0 0 0 0 0 0 0 0 0 0 0 0 0 0 
1 -2 -1 -2 -1 -2 -2 -1 1 2 -1 1 1 -1 1 0 
-1 1 -1 0 -1 -2 -1 4 1 1 1 1 0 0 0 0 
1 2 2 -1 -2 -1 1 1 -1 -1 -1 -1 -1 2 1 1 
-2 1 1 -2 0 2 0 -2 0 1 3 2 1 -1 -1 0 
2 0 0 -1 0 -1 -2 0 0 1 -3 -2 3 -2 1 1 
0 -1 -1 1 0 -1 -1 1 -1 0 -1 -2 0 0 1 -1 
-69 4 -20 36 -36 -5 -11 0 13 -4 36 -23 -41 42 -8 29 
2 6 -37 14 3 -21 13 -29 -19 -20 -14 37 -35 -8 -50 10 
-19 -3 -2 -5 20 13 16 1 12 28 -18 24 -29 -1 -7 -2 
15 -32 19 -33 -1 -28 7 2 -18 -2 -27 -13 -24 7 -17 -11 
-4 6 7 -3 5 -1 -1 39 18 -3 22 22 -18 32 7 0 
-12 39 -32 3 0 -13 -22 -20 1 15 18 11 17 6 -22 -5 
-9 -8 -2 -16 4 -25 -6 -9 -5 -4 -18 -13 -21 -39 9 4 
-6 -15 13 5 -7 18 4 -5 14 31 8 -28 1 4 -6 -17 
12 13 -16 -5 6 13 23 13 14 -12 -5 8 18 29 28 -13 
-11 2 27 -4 -3 11 2 -8 -2 0 25 2 8 7 -11 0 
-12 1 29 -3 6 6 -34 30 -19 -11 -3 4 -13 6 38 24 
-6 -15 -22 9 -28 -11 -9 -6 -11 -12 -9 14 12 14 -30 8 
15 -33 -3 -10 -2 -4 -29 -22 1 3 -16 24 -11 -23 -13 6 
-11 9 7 18 -5 -21 0 -22 -1 10 24 -18 -6 6 5 -10 
-5 -13 -14 -11 -13 -3 8 -1 7 -2 -9 32 18 -2 -11 -3 
-16 12 8 9 7 -13 6 -13 -9 0 8 -17 4 -16 8 -44 
20 -15 -27 11 -6 -2 -21 24 -5 -2 28 -54 -7 8 -26 17 
34 19 -5 -18 -8 -9 29 2 27 10 41 23 18 0 2 -14 
4 4 2 -1 3 -1 -4 -1 2 1 -2 5 6 -5 4 1 
-1 8 9 -7 0 -5 2 1 0 10 5 -2 -3 -5 12 2 
1 -2 5 0 -4 4 -6 -5 -9 -10 -4 -6 1 -4 -4 4 
6 2 2 -6 -1 9 -7 -3 -5 6 1 3 -3 9 1 2 
7 6 -7 1 0 -7 -2 1 5 2 3 -6 11 -3 -4 -4 
0 -3 1 3 -11 -3 -1 -8 3 3 -5 1 5 -7 -1 -7 
-1 -10 7 8 2 8 -12 0 -31 -21 -1 2 -1 -39 11 -2 
-33 -9 8 4 15 -7 -21 9 7 -11 -31 -6 -8 14 19 -12 
-24 -14 -11 15 3 1 -9 4 9 -12 24 10 16 5 6 13 
-28 12 19 21 -7 17 3 4 44 -20 4 9 1 -6 -11 5 
10 1 -5 24 13 17 18 -11 -2 12 -11 -1 -10 -15 -13 27 
0 -12 20 -2 -9 -4 41 12 -2 -4 10 -4 8 -25 -29 1 
-30 -12 -6 1 -41 -56 -12 -5 49 -11 -28 -16 -6 8 -26 47 
-6 -21 -26 -4 -7 27 -14 4 -13 10 -33 21 -4 8 -39 15 
17 -5 9 -20 -1 5 6 -45 -10 -12 -8 29 -17 -6 -6 -8 
-35 14 13 37 -6 -8 -14 -8 -5 19 -3 -10 2 -7 -10 27 
26 -4 17 -21 8 -5 -8 -34 4 -1 -4 -16 17 13 10 47 
21 -15 6 2 -4 -24 29 19 -8 -14 -5 -5 -35 -4 8 -15 
0 0 0 0 0 0 0 0 0 0 0 0 0 0 0 0 
0 0 0 0 0 0 0 0 0 0 0 0 0 0 0 0 
0 0 0 0 0 0 0 0 0 0 0 0 0 0 0 0 
0 0 0 0 0 0 0 0 0 0 0 0 0 0 0 0 
0 0 0 0 0 0 0 0 0 0 0 0 0 0 0 0 
0 0 0 0 0 0 0 0 0 0 0 0 0 0 0 0 
0 0 0 0 0 0 0 0 0 0 0 0 0 0 0 0 
0 0 0 0 0 0 0 0 0 0 0 0 0 0 0 0 
0 0 0 0 0 0 0 0 0 0 0 0 0 0 0 0 
0 0 0 0 0 0 0 0 0 0 0 0 0 0 0 0 
0 0 0 0 0 0 0 0 0 0 0 0 0 0 0 0 
0 0 0 0 0 0 0 0 0 0 0 0 0 0 0 0 
-7 5 0 -1 -6 2 -6 -6 13 -3 -15 1 0 1 -10 5 
1 2 -1 -3 2 -6 4 -6 -6 4 2 6 -3 2 0 3 
14 4 -14 -4 9 6 -4 -5 -3 5 3 11 -4 -14 -5 -11 
3 -2 -15 0 -13 -10 5 -8 0 2 -9 -4 0 -2 9 3 
-10 -15 -5 -7 -6 12 8 12 14 7 4 -3 0 -4 4 -7 
-3 -1 3 3 4 -4 -6 -5 9 -3 7 -1 7 0 -7 -2 
-18 22 -8 13 15 12 -17 -1 8 8 11 4 -17 9 11 15 
17 3 0 8 15 2 25 -17 -3 1 11 9 -20 -16 1 -5 
-8 -27 -3 28 14 20 -5 -16 0 13 13 9 -11 -7 -7 -20 
19 -1 6 -1 -11 -13 -5 5 5 -14 -7 -4 -11 -18 5 -29 
-10 0 14 3 -9 0 2 12 -6 -3 5 -2 -12 0 -11 5 
8 18 33 10 14 6 -10 -11 -2 8 15 16 -1 3 -6 -11 
44 -17 19 27 -5 -21 12 5 2 -11 11 -10 -10 -12 22 10 
12 7 4 10 7 17 -38 4 12 -6 -35 8 7 -12 -8 6 
8 -6 -7 7 -18 5 20 -3 14 1 0 4 -12 20 18 20 
-15 8 12 4 13 -10 -4 17 -6 -9 -1 3 6 -10 -18 2 
5 17 19 14 1 -13 -13 -1 -30 -17 -8 18 -3 12 -3 13 
-7 -10 2 -19 -4 9 37 -5 3 1 -18 9 -4 -27 -4 19 
