-260 -279 110 -204 -28 -25 245 -53 -80 102 278 -85 -168 -191 147 -108 
-19 61 22 67 19 12 -19 96 -21 8 100 63 6 -58 46 -22 
-113 -15 -52 -41 -24 -94 84 57 -14 46 -67 0 -152 -101 -49 2 
49 29 13 -32 -51 -112 -79 -8 -130 63 46 -84 -104 -56 -34 -72 
53 -43 -28 24 -68 -33 -13 -15 113 97 -54 -29 70 -14 126 36 
-1 133 -8 51 95 -82 16 -13 -28 81 182 11 -40 32 85 -11 
-85 -57 -5 74 -23 146 35 -7 -100 -58 -14 76 23 58 71 -11 
134 -58 61 -23 -69 -63 -125 -37 0 0 0 0 0 0 0 0 
7 15 -45 -62 -43 32 23 20 -45 -34 24 -31 -55 26 -19 -70 
33 -54 -10 -50 12 86 -95 2 0 0 0 0 0 0 0 0 
-30 -18 47 -28 13 12 -96 -48 -62 12 -70 -9 19 -35 -30 -18 
-40 108 -38 0 12 24 8 29 0 0 0 0 0 0 0 0 
-18 22 -97 -14 -25 -33 28 3 58 -113 77 -44 -34 -51 60 70 
34 -59 -9 45 -64 -29 -48 43 0 0 0 0 0 0 0 0 
128 76 -44 91 -96 42 79 -48 -95 38 -38 34 4 1 -100 -101 
-18 -11 -8 39 -141 49 84 65 0 0 0 0 0 0 0 0 
-76 -65 -49 -7 5 5 -36 -35 54 -105 -17 18 -4 -49 -83 52 
-44 66 12 -35 93 6 -40 -148 0 0 0 0 0 0 0 0 
44 -85 -102 94 66 43 -22 -124 -76 -51 73 -79 13 -107 -31 -14 
-75 24 6 -5 -4 50 -62 43 0 0 0 0 0 0 0 0 
100 27 27 -95 23 77 -92 17 -69 -11 69 -80 60 16 36 13 
29 -35 -55 -104 -18 85 -44 10 0 0 0 0 0 0 0 0 
-36 -96 -37 7 -49 -118 45 -41 -20 4 49 -25 19 19 -32 58 
46 -24 58 -3 64 47 20 -30 0 0 0 0 0 0 0 0 
-24 -43 33 -73 14 -57 -15 25 -63 45 -68 -70 46 -65 -19 -1 
-5 49 11 42 30 42 83 34 0 0 0 0 0 0 0 0 
42 34 44 86 -55 118 -135 -33 30 125 -64 212 159 -44 40 76 
30 -23 -113 -165 18 -13 8 -3 0 0 0 0 0 0 0 0 
1 -51 -31 -42 -94 -44 -27 -40 -38 -6 -18 71 -51 -38 57 37 
-38 54 -27 -52 16 103 77 -82 0 0 0 0 0 0 0 0 
28 60 -16 -34 -78 -9 24 -63 66 -61 -35 -29 45 32 81 2 
27 2 -84 42 -68 -25 7 -10 -24 -16 22 -50 16 0 -44 3 
15 79 -23 -22 107 -40 66 85 0 0 0 0 0 0 0 0 
104 62 66 21 -141 85 -6 -21 -27 9 -36 -217 -31 -53 -77 -32 
-49 101 -26 49 -91 -126 91 -66 -98 42 -63 155 76 69 -112 -119 
-112 70 15 24 19 62 2 97 0 0 0 0 0 0 0 0 
-149 -81 -36 53 25 31 -106 58 -19 57 -34 -99 170 -16 40 3 
-102 -39 -8 -87 -34 15 27 90 -26 -37 -7 -29 -40 -10 30 -105 
89 45 46 52 -64 -83 34 -83 0 0 0 0 0 0 0 0 
16 -33 42 -100 12 -27 -51 -49 -99 75 -26 -56 -48 -62 26 -31 
-10 82 58 34 -48 18 24 52 -7 -1 -17 -69 -14 15 73 50 
-49 -12 -12 42 58 -13 -67 -33 0 0 0 0 0 0 0 0 
33 -3 -9 -35 21 16 -84 68 4 34 28 -82 -21 -121 10 49 
-76 73 49 -37 142 -3 -26 11 44 -29 18 -6 51 62 -37 -10 
-3 -54 124 82 -24 -51 88 -84 0 0 0 0 0 0 0 0 
-133 33 106 25 -71 -9 97 55 10 48 -31 98 61 24 112 160 
-5 24 -82 -163 -163 -29 -64 -6 34 -6 -23 41 -4 15 43 -59 
-30 11 23 -12 121 -11 81 14 0 0 0 0 0 0 0 0 
-57 -129 2 34 -58 40 -27 50 77 -131 -26 54 30 -70 -84 -14 
136 84 -156 32 5 104 39 -34 90 -37 1 -16 -71 18 -160 63 
-66 -26 -44 177 9 50 -31 -42 0 0 0 0 0 0 0 0 
-66 -18 59 -8 -20 56 54 -50 6 -45 -148 -74 -84 -6 69 -21 
-24 16 88 36 8 -14 -42 -5 10 4 -4 -3 -22 24 -26 31 
1 -7 40 44 22 7 30 24 0 0 0 0 0 0 0 0 
14 30 3 -118 14 6 -71 21 -73 -2 71 -121 6 1 -21 -38 
37 45 -49 35 30 -77 -13 24 9 8 -39 -3 41 -102 68 -28 
1 -5 -54 18 -52 98 -18 -37 0 0 0 0 0 0 0 0 
53 24 -86 -61 50 56 125 77 -9 -76 26 75 -97 13 -28 -35 
75 7 -27 84 -9 -54 -53 61 -66 -110 -6 -1 -4 -93 -31 -64 
17 31 -90 69 -77 -32 59 106 0 0 0 0 0 0 0 0 
-17 4 -30 -6 -32 -2 -24 80 -62 77 43 -77 10 -37 24 -40 
25 -12 11 103 -11 -38 35 1 -90 -6 19 -2 -30 -99 54 -29 
-29 42 5 32 -56 51 -38 25 0 0 0 0 0 0 0 0 
-51 -90 -4 -47 -82 -76 -38 47 -119 -33 133 51 22 -28 -37 7 
11 32 33 64 1 32 82 91 20 57 56 63 74 -74 13 -69 
30 31 16 -68 86 30 -74 -34 0 0 0 0 0 0 0 0 
58 -60 -76 -16 -75 5 33 19 -57 10 6 92 49 -34 -64 50 
126 -57 -53 201 19 27 5 -59 65 -50 4 56 1 -47 19 161 
-65 -77 74 2 -44 -38 8 5 0 0 0 0 0 0 0 0 
-13 -34 -12 67 17 172 -2 17 19 55 -116 -96 -81 -83 50 51 
71 29 -59 101 -22 28 49 -57 51 16 -70 -7 -56 39 -71 24 
-18 22 48 151 29 67 -22 -46 0 0 0 0 0 0 0 0 
102 30 23 -40 -10 -16 -83 52 -17 70 -44 -55 21 11 9 31 
-53 34 42 4 20 -53 54 45 -36 -44 25 -11 19 -9 8 -70 
97 44 8 37 -65 62 95 4 0 0 0 0 0 0 0 0 
6 -7 -5 92 -18 -85 0 -55 31 52 -6 -16 8 -32 20 39 
6 -5 -53 44 28 -25 44 -11 -10 -40 -15 100 -29 2 23 6 
-31 -13 58 56 61 -55 47 14 0 0 0 0 0 0 0 0 
-32 -2 -10 46 26 -21 -13 14 54 -10 -16 -10 49 -37 40 29 
-93 -17 1 -18 -70 3 71 -36 -38 -10 35 -19 -26 16 -80 -33 
88 -2 24 20 28 8 61 -10 0 0 0 0 0 0 0 0 
87 -38 -61 43 -23 -45 -22 -8 44 -30 -9 6 -37 25 -35 -92 
-4 -12 -28 60 -12 -14 -40 2 -40 41 2 10 -3 61 -2 25 
14 12 -30 -16 40 6 -20 44 0 0 0 0 0 0 0 0 
49 60 -6 -53 49 5 -3 30 -26 56 -6 20 -13 -20 -7 -42 
13 39 48 38 -11 -35 -108 27 -12 -49 -35 -48 37 -36 -10 8 
-41 9 18 14 25 8 -18 47 0 0 0 0 0 0 0 0 
-66 29 -24 29 14 12 44 -43 34 -53 -40 -20 -1 17 -9 -47 
17 -29 -4 -81 11 -44 -27 -64 85 -23 -11 -52 27 91 -56 11 
-43 61 -78 13 14 -20 -57 -62 0 0 0 0 0 0 0 0 
-37 -7 18 43 -25 -2 23 76 36 -77 -26 -4 27 -121 -20 -14 
-115 -29 18 70 -94 45 -16 84 13 -7 72 -45 5 1 54 44 
-124 -36 2 -54 47 -15 56 42 0 0 0 0 0 0 0 0 
7 -2 -62 -83 -56 -72 45 54 -64 83 -69 62 -40 -55 71 -68 
-8 38 54 83 -41 -6 64 -55 -9 -49 -57 -4 -25 21 45 -31 
88 -7 -76 73 -22 42 -20 -20 0 0 0 0 0 0 0 0 
-21 57 6 -13 6 -26 58 61 -36 -41 -33 -54 44 55 36 -48 
-51 40 55 -62 -20 23 -9 50 -7 -25 26 3 76 50 47 39 
-92 52 1 -3 -89 39 -26 -76 0 0 0 0 0 0 0 0 
-22 135 -75 -27 -16 -55 92 4 -46 38 -1 77 31 -11 70 -21 
6 15 33 25 62 -44 36 -42 -43 35 60 46 36 73 -23 1 
-24 7 -18 36 -43 -80 -16 75 0 0 0 0 0 0 0 0 
54 28 38 -25 -31 -23 47 -15 -48 -36 66 75 -97 31 -3 6 
15 41 -27 7 -28 35 -61 19 0 -36 51 12 14 -28 -1 28 
-73 -46 18 24 -40 3 -13 -35 0 0 0 0 0 0 0 0 
1 -47 -1 43 -27 -34 23 8 1 56 -93 -9 83 8 32 72 
-60 -8 -9 -42 -37 76 -50 45 -36 -62 11 43 -45 87 92 36 
40 7 -6 43 44 -27 36 71 0 0 0 0 0 0 0 0 
13 -13 4 10 29 7 33 33 -33 30 -27 -11 46 27 53 18 
-36 19 -24 -24 0 -66 32 39 -44 36 -42 17 -5 11 -43 -8 
27 -21 81 5 -68 -9 109 16 0 0 0 0 0 0 0 0 
-52 41 -13 -5 -21 38 -11 2 -83 39 -1 25 39 -46 -56 -6 
15 -8 46 52 20 37 -68 41 28 62 12 47 -17 1 43 39 
-6 14 4 -41 -82 7 -5 34 0 0 0 0 0 0 0 0 
0 -76 -14 33 1 -25 21 55 4 -11 68 41 -83 -1 8 15 
5 -9 -26 2 -32 -28 73 -2 -24 22 -34 50 21 20 -13 -61 
11 38 -77 -11 9 16 -4 -52 0 0 0 0 0 0 0 0 
-5 58 41 0 71 -9 -19 -36 -89 -28 -70 -15 -82 -27 29 -53 
-31 -24 52 -15 39 26 -27 -40 62 2 -96 -34 9 34 21 -53 
12 0 48 38 -48 -47 -11 -52 0 0 0 0 0 0 0 0 
8 33 -12 9 18 -40 28 -1 -28 17 46 -13 51 9 -68 -8 
24 -24 -15 53 25 31 -39 -18 -7 -40 12 -21 34 2 -39 4 
55 -16 18 4 42 -33 69 -47 0 0 0 0 0 0 0 0 
10 -52 -12 -64 55 -37 -12 -24 39 20 -47 11 42 23 26 -56 
72 -22 -46 30 -25 -23 18 -60 33 -20 4 -61 -52 12 35 35 
1 25 12 -10 -20 26 -32 49 0 0 0 0 0 0 0 0 
15 19 -28 19 20 -18 -7 -5 -15 3 -17 -31 -26 1 -21 -42 
-24 2 62 56 -16 74 -23 -76 -66 -46 -38 1 -64 3 -68 14 
65 -64 -53 -37 -45 -19 23 -17 0 0 0 0 0 0 0 0 
-6 34 -42 -1 19 3 -32 -53 -36 -30 -2 -29 -16 -16 -31 -58 
-51 36 -25 22 56 -25 -11 12 -21 -1 -18 38 -1 -8 39 53 
-66 65 6 39 -17 -30 -22 -5 0 0 0 0 0 0 0 0 
1 17 17 39 -1 -3 -21 -7 -62 -43 -50 65 10 -30 27 -60 
-84 7 43 -71 21 -16 9 68 56 19 -3 4 65 -23 -6 -40 
-59 -37 25 60 45 -24 0 55 0 0 0 0 0 0 0 0 
8 9 -92 -20 59 68 -8 -11 44 -2 29 -9 72 4 -36 -9 
34 9 -7 -29 11 -73 -25 -12 12 28 11 -36 54 18 -10 -32 
2 0 -18 21 -7 -18 37 39 0 0 0 0 0 0 0 0 
-25 -24 -29 31 -48 -8 98 -15 -14 4 2 11 -52 24 -24 -50 
-18 85 -23 -11 -40 63 -50 25 -66 -63 -16 -18 54 29 -20 37 
-37 -28 -6 80 -16 -22 5 -43 0 0 0 0 0 0 0 0 
-55 -3 37 39 -40 31 -1 24 29 33 -26 -49 -7 23 -52 -18 
3 39 -56 14 -19 18 -23 21 33 -5 38 8 64 35 33 14 
4 -1 6 -9 13 91 -4 -113 0 0 0 0 0 0 0 0 
44 -45 0 45 41 67 -5 1 120 31 -7 36 -21 -34 50 73 
-81 -1 52 60 -11 30 15 -94 -56 9 24 38 -21 -41 -32 -59 
23 -8 38 -23 117 -74 29 17 8 31 -5 33 -8 -40 -45 -32 
56 12 -80 -51 -99 19 -82 48 56 -41 78 114 68 69 -38 -36 
88 16 -20 18 -44 79 86 -1 15 -6 -24 -14 -13 79 -75 19 
8 -42 16 -56 -59 75 48 -46 46 -43 102 58 27 83 77 -37 
-5 16 -54 -6 20 -73 -23 -44 -74 18 -14 -2 131 -4 33 -75 
45 23 30 11 -47 30 39 20 0 -62 -3 9 -7 13 -59 82 
-28 6 -25 -34 -93 62 95 -5 -35 15 0 -64 67 61 16 -52 
-47 -11 -31 -54 -9 -82 -41 -15 -8 -33 -56 -34 -5 43 -71 -47 
-24 -78 -23 23 -91 33 -10 56 21 -6 -18 89 -24 -77 42 48 
66 17 20 -16 -40 -10 -50 24 -52 -14 -31 -86 42 -17 -60 -28 
77 -43 -2 24 -21 7 -83 -37 -36 40 -49 -73 -7 -48 77 -7 
26 6 31 -16 69 -1 44 -104 -35 -32 -32 18 80 -46 34 -14 
-12 94 -31 -50 -92 56 18 52 -18 -21 25 -38 22 -21 -6 -59 
-57 -56 -59 31 40 -32 -27 43 11 27 71 28 -58 -62 87 -31 
88 137 61 -34 -63 31 -59 -66 53 69 -54 75 37 32 9 -94 
-51 3 -12 51 -37 -39 65 40 -82 84 78 -89 17 60 -77 -14 
54 -33 24 -52 31 54 -40 -12 77 40 -40 -35 58 -50 -78 15 
27 73 -24 -26 -12 -1 67 17 -35 78 -96 -9 -54 35 51 18 
76 60 -75 -4 53 47 -68 1 19 48 -35 -25 -41 -53 40 37 
69 -30 45 10 36 -27 30 15 -6 98 19 -23 -18 9 -15 123 
-99 46 -14 -36 -45 32 8 -73 -92 32 111 -49 -148 99 -48 22 
-6 -69 50 64 3 6 36 -46 -65 -109 -60 -52 77 -99 -66 15 
-57 -44 121 -97 -66 -4 32 80 -10 -53 -69 5 24 -61 0 -7 
-46 67 3 28 -3 20 19 104 -2 109 -68 23 -99 57 54 2 
-4 -45 -20 -56 -12 -22 13 6 -1 60 -6 84 -18 -17 58 103 
47 -34 -18 28 32 -3 28 -2 53 -38 25 -14 70 1 6 2 
33 -10 -50 32 -2 28 50 -22 -35 43 -2 22 16 -17 26 -36 
29 61 16 -40 -3 50 -2 -36 -2 82 36 -3 13 3 3 -44 
30 -7 -6 -34 49 -38 47 10 -54 12 64 -44 4 -20 72 107 
4 -10 -30 -42 44 -43 71 -77 -15 -4 56 28 -113 -4 -15 -22 
18 56 1 30 -31 -4 -8 32 -3 -15 86 -56 61 -25 -21 -42 
-14 -4 51 -9 -40 -70 -48 -18 -44 -42 -23 -75 47 15 -24 -29 
76 51 66 -31 -28 7 18 -8 -82 36 -62 -16 26 2 -1 -3 
-10 78 40 -54 -54 0 56 -18 15 -18 -20 -46 5 -12 91 60 
4 1 24 26 62 39 -36 20 72 -44 19 5 17 19 26 59 
-21 -14 25 -12 35 -6 9 -72 31 -48 6 37 51 26 -18 -24 
43 37 -46 -34 -6 -34 13 -53 92 20 -38 62 62 -15 -18 -23 
-48 15 -29 3 23 68 -35 18 29 57 54 8 35 9 -19 82 
86 51 -27 59 -70 46 17 0 -9 38 -1 46 13 7 -7 62 
86 1 -36 20 35 -59 -42 17 4 51 45 7 41 -40 -78 -58 
37 26 36 46 -24 -21 29 29 37 -9 34 22 22 34 28 12 
-71 30 39 -13 18 -17 26 52 -51 -7 -52 -33 -13 19 -37 22 
80 -15 -25 -3 -42 83 27 35 -32 -35 4 -68 -26 11 -12 74 
10 -26 57 -36 3 40 28 37 39 -50 32 46 47 -18 -2 -25 
-2 -73 -26 48 -36 22 -59 32 25 -34 -45 -23 12 -17 -24 49 
2 30 -66 -46 9 -7 20 9 -4 8 -27 -8 38 46 8 19 
0 11 -13 -38 17 34 21 4 -6 29 1 4 39 5 16 -13 
19 -1 8 16 41 -36 -3 30 -6 -20 -56 -25 -13 20 31 14 
17 30 -33 20 8 -12 -23 5 -10 24 21 -12 -8 8 12 -17 
-38 -9 86 -59 -20 -6 34 -61 12 4 3 -85 -38 -38 -65 -128 
38 -102 8 51 -36 5 59 -61 111 -4 -29 20 42 28 -33 -2 
10 -23 7 23 99 -34 22 -77 67 -50 -24 21 61 -14 2 -50 
0 64 -49 -16 43 -13 -47 -25 16 26 -27 -50 -30 -4 17 -23 
-26 10 32 -35 -69 -6 14 -6 -27 16 -2 58 3 27 52 -17 
31 -18 81 42 26 34 -4 -17 46 -22 62 32 -5 -45 -14 -65 
17 9 -17 -18 -26 48 -23 89 -78 -36 12 16 -21 5 1 2 
-1 34 21 -40 21 50 -1 -20 47 5 -3 -27 19 0 -42 -40 
-46 -49 9 -39 -16 48 40 14 -65 -39 25 -44 -57 88 -33 10 
-65 60 26 7 65 -40 -46 22 25 22 -23 -21 43 2 41 6 
64 -39 -20 52 46 13 -3 21 4 -68 42 -74 51 -56 26 -42 
-26 -10 48 82 77 -11 16 -15 -5 -48 33 -48 25 8 49 -73 
-10 30 -88 -17 4 29 -46 54 -7 -25 -49 -59 -15 -27 10 -1 
-1 3 67 18 -65 -51 34 7 -82 14 31 43 5 -26 -18 -29 
-1 -62 54 -52 -29 -26 26 -70 -18 35 38 11 39 -60 48 -13 
-52 -8 -72 31 87 -88 35 4 40 -11 9 -43 -23 73 26 -25 
10 -87 -43 -31 23 0 89 -37 72 -37 27 0 -62 53 9 81 
-94 78 -19 -63 -51 63 -5 -19 0 -51 58 -15 -70 61 -36 -42 
-59 14 -2 96 -48 23 -2 30 -9 -14 64 18 -42 -10 -24 -43 
-11 -8 23 30 -70 6 -56 63 4 -21 53 -28 -17 -10 6 -1 
42 -31 50 5 -31 13 56 28 83 -32 4 -18 96 11 -39 -41 
17 -7 -2 12 -16 17 -31 -5 27 -15 -47 -30 -2 -37 -61 18 
-8 57 40 -9 -21 -2 -49 -3 -45 26 -64 13 13 -87 31 -36 
13 5 5 -46 -25 -11 -17 -43 -58 33 32 6 -57 -65 42 30 
24 1 58 4 -27 -21 45 8 4 -37 6 57 -1 20 43 24 
-53 40 -20 -9 34 17 -24 -36 -19 29 -54 22 7 53 -35 -47 
-8 -28 17 -5 -43 -81 -24 19 -9 -3 6 19 57 -6 -31 -43 
54 2 -25 6 -5 3 -79 70 63 -32 124 -36 72 10 -105 31 
-9 -13 26 -31 -41 27 -13 -93 -42 -59 69 6 -19 -55 -17 7 
-14 -3 -21 -35 -43 0 -2 -52 -94 -91 21 3 1 74 6 -9 
-5 -34 -11 36 -26 1 7 11 33 1 39 -1 -13 43 -34 16 
5 -6 -27 -18 -16 -10 -45 4 36 0 -68 25 -38 3 -72 -34 
28 24 35 -6 9 -13 25 -78 15 -36 20 19 -10 18 38 43 
-10 -11 -29 7 -26 -26 -14 -12 40 16 -62 -26 44 3 -10 -30 
17 -5 53 37 6 27 29 45 34 9 -15 27 -26 13 -3 -32 
17 -47 6 -4 30 39 -17 17 19 49 30 18 -9 -27 12 -30 
12 3 37 19 13 -36 -19 3 -3 -21 31 -5 -1 27 -12 18 
34 -11 -2 0 3 -1 5 38 -1 38 5 9 22 2 -27 -15 
19 -6 16 7 -20 -2 3 21 -10 -27 -27 -8 -2 -10 13 -15 
9 10 -24 14 -10 -4 -8 -4 -20 33 -8 33 -29 -7 -26 0 
-1 -10 8 2 -2 3 7 -3 12 2 21 12 -8 3 -26 10 
8 -18 -55 2 -10 -3 0 24 -4 -4 34 2 -34 34 11 5 
37 6 17 -15 17 25 19 -38 -28 3 -42 41 -43 13 38 13 
-25 39 -11 22 5 -3 14 11 14 9 -3 -17 3 -17 -13 14 
-13 -3 44 -32 8 0 3 -11 -29 46 -17 39 -28 -27 -21 -8 
-18 14 14 -11 6 -37 7 34 39 9 -17 -26 4 28 -28 19 
46 28 5 5 -11 -10 -26 48 1 22 -6 -39 35 -37 7 -9 
10 25 4 -16 -14 18 0 -28 12 -12 36 -20 4 5 20 -47 
21 9 -1 20 -36 11 35 -13 -12 -10 27 -26 5 34 -5 -4 
-8 -28 -28 -21 -22 -5 -18 -28 -14 12 -42 -21 48 -4 1 -15 
-23 -7 -17 59 31 -8 19 -30 23 -30 42 42 -16 40 -14 47 
32 19 39 -26 -16 -2 -3 -4 6 -26 -70 34 54 30 -6 31 
-40 -9 16 49 -33 77 24 -10 62 -26 -4 3 19 30 2 -27 
29 -35 28 -6 10 32 -42 -9 17 22 -82 5 18 -29 -2 -22 
27 22 5 55 -14 23 -51 7 37 4 4 -23 21 38 24 69 
11 42 -12 5 32 7 12 -21 23 16 -37 30 15 -5 -5 9 
3 -14 21 -10 -1 15 6 -2 18 14 12 -15 -21 -52 -29 -12 
56 11 14 25 -19 -24 0 15 8 -31 -5 1 -5 20 36 -34 
44 -6 -5 13 30 -22 2 80 5 12 1 -21 20 7 -21 -19 
-26 10 41 -30 -10 22 10 -29 -9 3 11 -7 35 0 -14 40 
-46 -42 -39 -16 45 7 -24 24 8 22 12 -1 12 -4 -31 -10 
-5 -10 29 12 1 1 37 -50 -21 -10 38 13 -49 -5 20 2 
-30 22 -16 8 36 4 16 3 -13 0 26 38 23 5 8 -23 
-3 -9 6 33 -21 33 -13 -15 -11 -15 34 -3 10 -12 37 -22 
-2 13 -13 -24 -7 -50 -14 35 -10 8 8 -2 8 10 -17 -7 
32 -2 16 -12 3 -5 -43 -12 -4 14 -20 3 10 -13 -12 2 
-11 -4 -4 12 -17 -24 11 6 2 -20 -26 -33 -22 -29 -12 30 
-7 23 -6 37 23 -13 4 21 36 -16 -19 21 24 -10 7 -25 
8 20 9 -10 9 -48 -12 -21 13 7 14 -7 -3 17 -17 8 
3 11 0 -29 19 4 15 -2 -8 -7 0 18 2 -9 -6 16 
9 -10 -12 19 8 18 22 -8 -1 -3 1 -3 4 -25 32 2 
-1 9 6 22 -18 -4 -17 6 -6 0 -15 -29 12 -22 16 23 
-8 -23 -5 -7 -17 -18 2 -21 19 8 -36 10 3 2 -3 -24 
-35 35 3 14 -4 20 27 -10 9 12 1 27 4 -4 1 11 
-2 38 -6 -17 -4 -30 -6 -8 -22 44 0 39 -1 19 -17 -20 
-27 1 -11 -20 6 -15 0 -9 -4 2 -14 -23 5 7 -7 9 
4 -32 3 -3 -8 -14 -6 17 26 -11 -16 -36 20 -14 4 -2 
-1 -31 -16 -5 -3 14 -8 16 6 17 -24 -27 11 -17 24 -14 
-28 49 0 -17 -23 32 41 3 8 -6 37 -19 -1 3 -4 -31 
12 -28 -5 -28 3 6 -19 -9 -15 -5 -1 -36 0 -38 -17 -22 
-8 -10 -12 37 31 26 10 -22 7 -36 32 9 -21 12 4 9 
26 2 6 2 4 8 20 8 3 -28 -23 -9 32 5 4 -2 
-28 7 33 35 -21 27 -18 -1 9 -24 -20 8 -8 0 7 11 
6 -15 0 11 2 3 -33 -6 11 -2 -41 7 7 -22 -5 0 
5 1 18 -20 4 -4 33 -8 -9 -9 -8 20 7 7 -1 -21 
11 6 -1 -8 5 13 -16 18 17 11 17 2 3 6 23 14 
-9 -6 12 4 -4 -11 -1 20 3 -6 -14 -8 1 -1 -12 -10 
-11 -16 18 -18 8 21 0 3 -2 -6 -17 -4 5 -5 -5 54 
5 -14 -37 -1 -13 0 -6 -10 -18 11 -4 4 -5 7 -7 19 
8 -6 -21 8 -10 -8 -19 -22 -14 -12 -22 -8 -10 0 14 -2 
-4 1 -37 15 0 0 -22 4 25 -14 26 -6 0 22 -32 11 
-20 6 43 21 -5 6 62 -17 10 19 12 -9 -7 -25 8 -29 
14 -10 -27 -3 10 25 15 -5 16 -1 -5 26 -21 -26 43 15 
19 23 18 -11 13 -12 36 -25 -39 -7 1 -1 -34 14 -2 -64 
-40 18 6 47 24 -49 -20 9 16 -43 28 -9 -5 38 -4 -5 
-1 12 9 -18 11 7 12 38 24 6 1 2 -12 13 3 29 
18 -17 22 2 16 -5 25 -32 -18 -16 20 -20 18 -2 17 14 
23 0 18 25 -23 -24 12 28 7 23 10 -12 17 -12 9 9 
14 5 -38 -17 -13 -1 22 26 -25 22 -12 -19 -6 16 -3 9 
-18 37 1 -5 29 25 2 17 2 14 -30 14 -19 -14 -30 10 
-20 15 -4 -7 10 19 7 2 -4 -4 41 -27 -6 10 -13 10 
-1 -7 14 22 -17 1 -9 20 44 -7 7 29 12 32 -26 1 
14 2 -1 -28 34 14 -9 3 -17 11 -15 -7 -2 -23 -18 -22 
-9 5 15 -11 -18 -24 -1 -43 20 9 28 -18 13 -26 30 21 
-25 12 12 4 23 -22 29 -26 -43 13 48 31 54 0 -5 15 
13 30 9 52 7 21 -42 24 11 -10 18 -3 32 4 29 -39 
-15 -3 3 -39 0 -24 -9 21 -4 51 5 -11 2 -9 -7 -9 
23 24 27 -10 -17 24 17 -30 -14 31 -2 15 60 -5 -13 -8 
-8 28 -14 23 -11 17 11 -22 -40 20 -1 44 -15 27 45 -44 
-40 -11 -28 -38 31 18 0 -15 -36 -54 2 11 18 -15 -1 -22 
-31 19 41 -40 -11 30 -5 7 3 -8 -7 8 -13 -30 -11 33 
47 -37 -1 3 -19 -21 -10 26 16 16 16 -36 0 32 -13 16 
3 13 -12 -31 13 -6 -26 17 29 30 -16 22 13 9 -16 -17 
3 55 -1 -8 21 8 6 -35 -20 -29 1 -35 -4 -17 -9 -11 
-35 -23 3 13 4 -38 6 41 -11 -23 81 -19 -10 15 -16 -32 
-39 -13 23 -21 -37 42 24 -4 -9 4 -56 -28 25 -4 -26 -8 
-17 -39 9 -34 -17 34 -1 18 28 2 -22 21 -22 32 36 39 
6 -47 -33 26 30 13 44 -5 5 21 4 26 -29 -15 -33 -25 
-19 27 8 45 30 -4 -37 -42 -5 -49 -34 1 -87 10 1 19 
-35 -40 -75 14 8 -58 -44 22 19 4 -24 22 -54 31 -12 54 
-25 -38 -10 14 18 7 -5 15 29 -17 -11 -28 38 30 -16 32 
-15 42 -10 39 -32 -18 29 13 -25 37 23 -17 -12 -1 -28 36 
24 2 -6 -52 0 -9 30 -4 -9 27 -7 5 -15 -10 -41 11 
-24 -24 35 -30 -14 2 6 -4 -11 13 -26 -5 -6 32 -2 3 
-25 -17 -14 -32 -1 -17 -3 50 15 -12 -2 -17 17 -11 -21 -17 
-40 5 -5 -35 -8 -13 -12 3 17 12 14 5 25 -26 11 9 
18 48 41 9 -11 41 -26 -39 -12 -6 9 59 -24 21 -42 -30 
-8 61 29 -7 -25 30 35 -17 43 27 -1 -35 -25 -20 -21 -27 
-45 -16 12 -42 9 39 5 18 -4 59 -44 3 -12 -38 -3 16 
17 -9 -14 -38 1 -42 61 -3 -11 34 -3 8 -7 8 -20 7 
8 40 -51 -32 37 -15 -44 13 70 -9 6 -38 -24 7 -39 45 
14 58 -46 -18 8 -35 -36 13 -17 30 27 -32 7 35 -4 -26 
6 -1 -26 14 -9 -3 24 36 1 -29 -3 -23 22 -40 22 -31 
15 -18 -23 -5 42 21 -68 -28 -5 -14 20 -35 -4 -12 14 20 
-33 -38 14 60 15 -4 -37 -44 6 -8 40 -9 -9 -21 -40 3 
39 -48 18 -34 -10 -4 -66 34 -3 -12 -20 -18 26 36 34 0 
-7 52 -14 11 -61 -23 -40 -4 -6 -3 7 3 2 1 2 -25 
8 -43 29 -57 -15 10 2 -41 8 10 -15 44 15 -22 15 -30 
-14 -9 -7 -28 -20 -3 -13 12 -25 9 -18 10 -30 -25 -19 36 
-18 -1 -16 -28 12 5 13 -6 47 -40 2 -3 -20 10 20 -25 
0 38 -2 -41 -6 2 -13 -12 16 7 9 12 13 1 -29 -22 
-8 7 8 22 -8 30 16 0 9 -8 -14 -37 38 -4 41 -27 
9 -12 -12 -31 23 4 -29 16 25 14 -25 2 13 -14 42 -27 
24 10 19 19 -20 -1 2 -12 12 -27 10 -42 3 -19 -10 0 
-32 -5 15 -22 22 -48 14 6 -52 5 -16 -16 6 -11 9 13 
-11 -24 2 -63 -40 12 13 40 -32 15 3 -15 39 26 25 -13 
6 27 4 -27 8 24 20 49 -3 -4 -31 25 43 49 13 -29 
-3 -7 -7 -2 11 29 -18 18 -6 12 65 -3 38 27 -1 10 
15 -21 -1 -14 22 5 -32 -2 -22 -9 -13 19 12 -13 -1 -29 
8 6 -12 31 4 10 -20 16 -31 -18 -18 -18 -17 51 15 29 
7 7 11 8 6 5 12 -20 -18 -18 -15 15 -23 20 8 7 
-1 -11 -10 15 1 -17 7 -2 7 -7 15 0 -2 -10 23 4 
-6 -3 12 5 17 -15 14 20 -14 2 3 -3 0 7 -10 11 
7 -6 29 2 12 7 -4 9 -16 7 2 -5 1 11 -21 26 
11 4 -25 4 -6 11 -5 -2 -5 -5 -3 -5 -3 -21 3 -18 
-6 13 -6 -2 -16 -10 3 5 -1 13 10 1 9 -4 3 4 
-16 69 -12 54 -14 22 -44 -14 -10 -12 -4 5 10 2 -8 18 
-17 -32 10 -42 24 7 13 -20 4 -40 9 -26 25 -57 39 4 
-70 1 -11 -58 57 -15 4 4 14 6 10 25 34 -68 -47 35 
-4 -5 26 -16 2 -2 21 10 -43 16 6 -31 6 -13 28 8 
28 -43 -19 4 44 21 -2 4 45 35 50 5 -5 -20 -3 -14 
-40 61 12 17 -4 -17 43 8 -26 28 28 -9 35 26 -16 34 
29 38 20 8 -10 3 14 -27 -36 0 -4 9 -5 -46 33 -68 
54 -44 -34 -18 -3 4 -4 4 45 -4 55 14 32 22 56 -7 
25 -8 36 -23 -63 17 -2 -8 5 32 -9 -69 -11 -5 20 1 
43 -37 -33 16 -32 8 9 21 -24 5 -1 -7 12 25 12 39 
11 56 12 -50 -35 49 -15 -25 -44 2 -24 12 -38 -30 2 34 
-4 19 36 -32 60 -27 5 -43 -39 -34 24 -43 12 14 2 -46 
16 -1 60 -11 2 64 -58 -36 4 -2 75 14 34 20 -34 -42 
32 -41 56 -10 5 -17 -12 38 -23 25 19 -23 16 17 6 -10 
27 -25 -20 -12 -14 -1 9 80 -23 -22 1 -21 -22 -11 13 11 
-31 -15 -20 -26 -13 -36 -21 3 10 1 25 5 -14 -25 17 9 
-5 0 -6 -11 -48 -2 -12 -11 2 28 21 -9 3 -8 -54 51 
8 -17 16 -11 3 -15 0 -10 -19 -29 28 24 2 7 0 30 
33 -17 -21 -36 -40 18 13 -21 -4 12 -20 0 -12 -70 26 74 
-41 2 25 70 4 -14 12 58 101 -19 5 16 28 31 60 -6 
45 33 -11 20 -15 -24 -16 7 6 37 -16 -6 -2 44 -18 -46 
22 -28 7 -17 37 0 42 -27 -46 17 6 20 -5 -9 -4 1 
19 -68 -25 -29 -23 44 9 23 44 6 -2 -9 24 8 8 17 
-12 -37 -4 9 -44 -24 -12 20 -42 -62 -14 -51 -27 12 -13 47 
21 18 27 -4 35 15 5 -13 -2 -43 -4 18 19 -3 14 5 
-20 8 7 19 -6 -11 -19 -6 -19 5 -5 -16 2 4 9 -2 
3 -24 -4 1 21 -18 -36 -11 17 -4 42 3 8 -14 -14 -2 
17 -11 -13 -20 -5 -1 4 12 -14 4 -3 8 -33 -2 -12 28 
-4 -39 -30 42 -8 -32 22 -1 14 -41 32 -26 4 -5 -52 1 
3 25 6 -12 12 -19 32 18 -13 1 10 -1 -16 -11 -23 34 
13 -15 17 -18 0 12 1 -15 -9 1 -27 -9 6 17 3 24 
-1 15 0 8 -11 -2 2 28 -2 8 -4 15 -26 20 15 -9 
20 4 9 -9 -24 0 -3 -1 -3 17 -9 -29 -1 9 13 -10 
-36 2 21 -4 2 2 3 -3 9 15 11 -3 -7 0 -2 -6 
8 -19 -34 -21 26 8 -15 -11 2 7 -12 -15 -4 -5 -13 3 
-18 4 7 1 -4 -7 2 13 10 15 14 -11 -11 23 11 6 
32 21 57 27 48 34 -53 -30 36 4 9 -8 -24 8 2 24 
-20 63 19 17 -7 17 46 -5 -28 27 15 6 -2 10 -13 -23 
6 -30 20 -12 24 15 1 21 -6 54 -14 2 -29 -31 -14 -20 
-10 9 20 2 12 -12 -36 4 16 -12 23 -1 16 41 11 -29 
31 -1 20 52 -8 -4 19 25 6 -3 -30 1 1 -16 -27 16 
-30 16 14 -25 16 -32 16 -6 -34 51 27 -10 33 38 22 21 
31 4 27 -37 0 13 29 2 -31 -4 -11 16 -36 -50 14 47 
54 2 4 13 46 17 40 20 -14 34 11 6 49 15 12 -5 
26 -17 26 15 -22 29 -29 21 -12 -87 -48 -2 -26 15 -4 -39 
1 -26 -15 -1 -33 24 -48 37 27 8 17 3 -7 -17 26 41 
1 10 30 10 -102 66 -8 -31 -46 12 27 10 -5 -64 25 -21 
16 -34 11 0 -37 -19 -14 19 -6 -31 14 -6 -14 -22 66 -40 
2 22 9 14 0 -14 -7 -3 -12 -17 -3 14 -16 5 5 -4 
-21 -11 -3 -8 9 11 14 -2 3 -19 -13 11 11 -10 -4 -4 
-12 -1 10 -17 32 -16 -8 -21 1 1 13 11 8 -16 -1 6 
3 11 -1 -19 -18 -28 5 12 10 -15 16 -6 -3 -1 -17 2 
19 -8 -8 -3 4 14 3 -13 14 10 10 1 -20 -1 -13 -17 
-25 24 -14 10 15 -17 1 5 -5 16 14 -18 0 -1 1 5 
16 14 1 -16 -12 -21 5 -12 -27 -9 -17 47 -22 -41 28 -17 
-12 28 -35 17 -7 26 22 -31 38 -19 -17 6 11 6 29 -14 
-5 8 5 -19 -5 9 27 -23 -5 23 23 41 9 1 2 17 
22 21 9 22 -14 5 11 18 52 -29 13 -12 7 33 6 11 
19 1 11 15 20 17 -3 10 -2 5 -16 5 -2 -8 18 -36 
13 34 20 -11 4 1 31 -3 -4 3 9 -14 2 -26 -12 -42 
39 -21 35 3 35 8 65 -44 -47 -29 32 40 -7 -15 -1 -40 
62 12 3 -47 52 5 -31 -2 26 3 -18 2 -7 24 19 -15 
1 7 -11 40 19 23 -11 -47 -11 -10 72 -9 37 -22 -1 39 
11 -13 35 -33 -27 0 18 32 22 -44 -51 -10 30 -1 -28 -9 
3 -4 65 7 -11 -4 20 -3 39 20 27 -11 -49 11 -16 39 
-42 -46 6 -20 -28 -22 -24 -29 14 44 -44 16 36 3 -29 -26 
18 32 10 46 -13 8 -25 1 -48 -27 -6 -3 -19 -24 15 19 
-9 23 4 19 32 -3 -19 -13 -6 0 -3 2 14 -7 -58 -31 
-1 -37 27 -25 24 -1 -53 -37 4 1 -23 -26 -13 -44 4 25 
2 -9 -8 -14 15 -44 -13 35 -34 13 18 15 11 47 2 8 
3 9 9 18 28 6 7 -18 18 -23 40 -20 -35 -48 -5 -14 
-38 8 31 7 2 -12 40 -7 9 25 7 -22 18 1 12 12 
-8 -15 -4 -15 -16 1 -7 14 -37 34 -66 27 2 -47 -13 13 
-34 13 -13 41 30 -15 32 -3 44 -68 6 22 12 28 -8 -57 
-37 26 -20 -46 -34 -33 -35 -45 -14 -23 -22 -25 -29 23 11 0 
-4 5 11 -2 15 -19 43 15 9 -14 -21 -31 -1 0 -1 -43 
-24 3 13 5 17 24 25 -39 -14 36 3 -20 17 -17 49 -16 
-10 15 30 8 -58 31 29 -6 33 -5 7 -58 2 0 1 -14 
-13 25 54 59 23 12 -6 41 -36 -43 46 -4 -11 19 -6 62 
-15 19 72 24 21 17 -7 18 -19 -1 -7 -33 19 -5 -6 -11 
-49 -40 25 21 15 2 -18 31 39 -5 -7 -31 -27 -23 -12 34 
-4 -4 22 17 56 -13 16 3 -25 -6 13 11 11 6 -18 -37 
-51 -13 38 11 -8 34 -31 -17 -44 -53 -14 7 -27 -28 -31 -13 
-53 -32 -26 -19 -28 12 44 11 -7 26 12 -28 6 -15 15 43 
19 -12 -25 53 -9 -4 -28 -24 17 0 21 -32 -26 11 -11 41 
21 22 -15 -30 10 -24 5 -18 -7 4 -40 34 -12 -21 -34 -15 
52 16 -2 -15 28 11 19 -68 -18 17 4 28 -57 -50 -14 25 
8 -8 -33 -5 -2 -3 18 -8 -23 9 -10 -6 -5 16 -17 -10 
28 -8 37 36 21 -16 19 21 19 -22 7 -7 -4 -13 14 0 
-31 22 26 6 9 15 8 -3 14 38 29 -3 -7 -4 8 17 
0 0 0 0 0 0 0 0 0 0 0 0 0 0 0 0 
0 0 0 0 0 0 0 0 0 0 0 0 0 0 0 0 
0 0 0 0 0 0 0 0 0 0 0 0 0 0 0 0 
0 0 0 0 0 0 0 0 0 0 0 0 0 0 0 0 
0 0 0 0 0 0 0 0 0 0 0 0 0 0 0 0 
0 0 0 0 0 0 0 0 0 0 0 0 0 0 0 0 
2 6 2 11 -8 8 2 9 -8 -8 10 -2 -2 -1 16 12 
-6 12 4 -9 -6 1 -14 -6 -3 12 -6 -30 7 -7 5 1 
4 -20 -5 7 -16 17 4 14 14 1 -1 -3 -8 6 9 -1 
-3 -19 8 -3 -9 5 -9 19 -12 11 18 22 -14 -7 -1 -3 
-13 10 3 18 -7 -11 0 -9 -23 -2 1 0 -9 10 -7 -6 
-7 5 6 -11 12 0 13 7 13 0 7 6 0 1 -14 9 
-13 -36 -14 -20 -21 31 18 -8 11 15 -15 -35 12 46 4 7 
12 -2 -46 17 9 5 36 -13 -11 -41 2 13 -29 -5 24 3 
-3 31 3 24 -7 2 16 -33 -15 -9 -4 -1 -37 28 -5 10 
28 6 3 15 -2 9 18 -16 -22 -9 8 -11 23 -6 10 9 
-20 23 1 -37 11 21 -25 -4 8 -15 0 4 -8 -3 3 -29 
4 -22 12 -4 -22 11 1 8 9 -18 -29 10 -27 14 2 6 
0 0 0 0 0 0 0 0 0 0 0 0 0 0 0 0 
0 0 0 0 0 0 0 0 0 0 0 0 0 0 0 0 
0 0 0 0 0 0 0 0 0 0 0 0 0 0 0 0 
0 0 0 0 0 0 0 0 0 0 0 0 0 0 0 0 
0 0 0 0 0 0 0 0 0 0 0 0 0 0 0 0 
0 0 0 0 0 0 0 0 0 0 0 0 0 0 0 0 
-1 2 6 -9 13 -15 -11 11 -3 4 -5 2 1 -5 4 -7 
8 8 11 6 -1 -13 9 -2 7 -2 21 -6 -13 -9 7 -1 
1 2 10 -20 -4 1 -2 -8 -11 -7 4 -9 -2 -12 -14 12 
-10 -10 2 -8 -4 15 -9 -4 -2 -3 3 12 1 5 -6 2 
2 9 -8 2 -3 0 -4 10 -6 2 8 -17 15 -3 -11 -9 
9 9 -6 -3 -24 -9 3 -5 -8 -3 13 -6 1 -13 2 -17 
0 3 3 0 2 2 -3 0 0 1 5 -1 1 1 0 1 
2 0 2 0 -1 1 0 1 -1 0 2 -1 2 -1 3 -1 
0 0 -2 0 -2 -1 2 3 3 1 1 -1 -1 -5 2 -1 
4 -3 -3 1 2 -1 -1 0 0 3 2 -1 0 1 0 -1 
-4 -3 -1 2 -3 -1 3 3 -1 0 3 2 -2 1 -2 -1 
1 0 3 -1 2 3 1 1 -2 0 4 0 0 1 -1 2 
-10 -19 23 -22 -16 29 -27 15 1 -29 -24 18 10 -9 22 25 
0 -15 -15 36 42 2 22 20 9 6 -6 -7 -6 0 -47 -21 
-1 -8 27 2 -14 23 -5 10 22 -8 -5 -33 -22 11 10 19 
-45 -5 9 1 -4 37 -9 -2 18 -13 -4 -3 14 40 17 -15 
38 58 12 -15 25 6 -38 -3 -24 -17 2 0 10 1 -10 28 
-12 -25 15 -38 -35 8 29 0 35 24 28 11 -8 28 6 -33 
5 -2 18 28 25 -5 -16 -32 29 9 0 5 -37 15 9 33 
5 32 -8 15 0 15 20 -17 -5 -4 -10 13 29 7 -2 -30 
1 -26 -2 37 18 -5 -2 4 -1 5 46 7 11 -9 -3 9 
37 -9 -24 0 7 16 -4 40 24 -13 29 12 -36 -23 14 -5 
-12 10 6 -6 -10 -4 -7 6 -18 1 32 17 19 -9 8 -9 
-17 24 10 -31 4 -37 2 -22 20 -3 42 -16 -13 13 -4 4 
-6 14 14 -8 -8 72 29 5 -34 45 16 15 -14 -21 14 -3 
-3 -32 6 32 -22 0 24 7 -4 12 8 -13 -12 -20 37 -13 
-12 17 -16 0 -3 19 -11 2 14 -16 -1 10 -2 23 -2 20 
12 -29 -6 2 40 43 31 -4 2 -33 8 -12 43 41 -34 13 
-24 17 -1 17 -33 15 20 -14 -5 -5 -53 21 9 -3 -3 31 
71 10 30 6 -17 7 -25 -12 -32 -7 -63 -40 -21 28 2 -49 
2 -4 2 4 -1 0 0 -2 4 9 2 3 4 -2 -2 -2 
0 2 5 -9 -6 -5 2 -5 -2 6 0 6 0 3 3 5 
4 -1 -1 1 4 1 -4 -6 -4 -1 -3 -1 7 3 -7 2 
3 -1 -5 -3 4 5 -4 -5 -1 1 8 4 -1 4 6 -5 
1 -6 -5 -7 2 -4 11 2 8 7 -3 2 6 -4 -2 1 
5 3 -5 4 -1 -3 -8 -7 3 -3 -5 0 4 -3 2 -1 
5 3 -4 2 3 -5 -11 -8 10 -3 -2 5 2 6 2 5 
6 5 -4 -1 -7 0 -4 -1 -2 -1 1 9 -1 0 -8 0 
3 3 3 0 -1 -4 3 1 -3 12 -1 -6 1 -9 -8 -5 
10 -1 -10 -3 3 0 -3 6 -8 4 6 5 -2 5 0 0 
4 -13 -6 0 -3 0 -1 2 1 -4 2 -2 1 -5 -2 -12 
-5 10 -1 -2 2 0 3 -5 -3 -1 -4 -6 6 8 11 4 
5 12 14 19 18 33 3 -33 10 14 18 8 -14 -8 8 -15 
9 15 17 0 0 -8 25 -11 -17 16 9 6 9 -10 9 -1 
-11 -22 1 9 -12 -9 12 12 -21 16 22 11 -14 -15 -3 5 
33 -8 -1 -20 9 -19 3 3 -3 -10 5 3 -20 -9 -10 -15 
-14 2 8 6 -33 1 15 -5 1 9 15 2 2 1 -11 2 
1 0 26 -11 6 -16 6 5 -6 -3 10 -12 -1 8 1 -12 
-3 2 1 3 -2 -2 -2 -1 1 -1 0 -2 -2 1 0 -3 
-2 -1 -1 -2 -1 -2 1 0 -1 -1 0 3 1 -4 -3 0 
-1 -1 1 1 3 -3 2 0 -1 1 1 3 2 3 1 3 
0 -1 1 2 1 2 2 1 1 -1 -4 -1 -2 -2 -2 1 
3 0 0 1 0 -1 0 -3 0 1 -1 -1 -1 -3 -1 1 
1 3 -4 5 3 -3 -3 1 -2 1 1 -3 1 0 -2 -2 
0 0 0 0 0 0 0 0 0 0 0 0 0 0 0 0 
0 0 0 0 0 0 0 0 0 0 0 0 0 0 0 0 
0 0 0 0 0 0 0 0 0 0 0 0 0 0 0 0 
0 0 0 0 0 0 0 0 0 0 0 0 0 0 0 0 
0 0 0 0 0 0 0 0 0 0 0 0 0 0 0 0 
0 0 0 0 0 0 0 0 0 0 0 0 0 0 0 0 
2 -10 -5 -21 -8 16 2 6 11 -9 4 -20 -31 -24 0 8 
12 -8 -23 9 3 10 38 -10 -6 -24 5 9 -22 -16 0 -40 
-19 -13 -8 18 13 -4 2 4 6 -13 1 25 3 27 13 7 
-8 6 -6 5 19 13 14 6 7 -40 12 -9 -10 1 -34 -3 
2 23 4 -15 -3 3 -16 -17 12 5 -23 29 -1 6 5 35 
32 0 -2 10 2 2 -13 5 0 -30 -29 -4 -13 15 7 -26 
17 5 14 7 16 -14 -14 1 -3 -4 13 -4 12 8 43 37 
-22 18 2 29 13 10 -3 10 5 -5 -8 -6 14 15 12 -1 
-3 -13 3 -20 -7 -9 7 9 8 6 13 9 -17 0 -17 -11 
5 -23 31 -1 -11 -7 -3 6 12 -5 24 -11 -24 4 4 25 
30 -5 -15 32 14 -1 -2 -5 9 2 -10 -12 15 9 -1 17 
-29 0 12 -37 -9 17 21 -5 -22 -8 -2 11 6 -10 22 23 
-30 7 -8 -22 -20 -8 -1 -7 32 -11 -20 -31 -1 24 8 36 
-8 -13 2 13 4 3 5 -29 -24 -17 11 4 -19 -12 -13 22 
-29 -19 -6 24 24 -14 30 2 -9 7 33 0 -1 0 4 19 
25 6 38 11 -4 -29 -1 21 -28 10 -41 12 -17 -14 15 15 
11 0 24 -4 2 -14 -7 -13 -5 -16 -9 -22 5 -9 -20 -14 
-5 28 -21 3 13 -15 -16 19 -17 -18 3 10 12 6 -6 -11 
-8 7 -9 8 17 -14 -3 27 29 -8 -9 -28 -17 7 -35 -19 
2 -21 -9 2 8 28 24 11 8 11 -3 29 -6 12 -35 -23 
-18 -11 -16 2 18 17 12 10 8 -35 15 10 7 20 27 -12 
7 24 -2 -17 -8 -14 -23 -12 7 -11 -16 1 -21 -4 20 -10 
-2 31 30 -11 10 -32 3 -2 14 8 -11 25 -6 16 -14 43 
26 -33 6 -17 46 -16 -49 -12 18 0 -15 8 -13 -29 -1 -7 
0 -3 0 1 -2 4 2 3 1 1 2 -2 4 3 0 0 
2 -3 0 0 1 -2 0 0 -1 1 -1 -1 0 4 4 3 
-1 4 -2 1 -1 -2 -2 3 1 -1 0 -2 -1 2 0 -1 
-3 0 -2 1 -1 1 -1 -1 -3 1 4 1 1 0 4 0 
0 1 -2 1 1 2 1 -1 0 -1 0 0 -2 0 2 -3 
0 2 1 -2 -1 2 -2 -1 -1 0 -1 -1 0 2 1 3 
-34 -5 13 19 -31 -30 -15 72 -4 -2 35 -32 -2 -23 -8 19 
-35 -2 7 -19 5 -22 -23 3 4 -5 5 -33 28 -4 -18 -10 
-25 -33 27 10 8 -4 -33 47 14 -23 -12 -5 0 12 1 6 
-18 -39 10 0 -2 3 -25 36 -15 -10 33 -16 -33 -33 -9 -15 
-1 21 1 15 23 -8 -1 -75 -35 11 -16 9 -33 24 13 -46 
-6 18 21 13 0 -2 19 8 31 -18 28 -34 -5 -14 6 15 
-5 -9 -3 5 47 26 -29 -37 -8 12 44 9 -20 6 22 -39 
8 8 34 1 8 -12 -2 26 17 3 19 32 -10 -14 -8 8 
7 -15 10 -14 -13 13 17 27 -34 -23 -16 -12 -30 -41 26 -6 
35 -18 9 -6 23 -19 45 3 -8 -12 -15 20 -21 -4 -29 -9 
-3 -3 21 20 -34 9 20 -8 14 9 -9 -14 -7 8 -17 42 
-26 -12 10 -9 -13 2 23 15 -17 -19 26 -4 3 -30 2 14 
0 0 0 0 0 0 0 0 0 0 0 0 0 0 0 0 
0 0 0 0 0 0 0 0 0 0 0 0 0 0 0 0 
0 0 0 0 0 0 0 0 0 0 0 0 0 0 0 0 
0 0 0 0 0 0 0 0 0 0 0 0 0 0 0 0 
0 0 0 0 0 0 0 0 0 0 0 0 0 0 0 0 
0 0 0 0 0 0 0 0 0 0 0 0 0 0 0 0 
0 1 -1 0 0 1 1 2 -1 1 1 0 0 1 1 -2 
0 0 0 0 0 1 0 0 0 0 0 0 -1 0 1 0 
-1 -1 0 0 0 0 0 0 1 0 0 -1 1 0 0 0 
1 -1 0 -1 1 0 0 -1 -1 1 1 0 0 0 -2 -1 
-1 0 0 1 -1 -1 0 1 1 -1 0 1 -1 1 -1 0 
1 0 0 -1 1 0 -1 0 -1 1 0 0 -1 0 0 0 
6 1 -1 8 -7 -16 -5 12 6 12 6 11 -2 -16 -23 -18 
4 9 -17 -25 -18 -16 -23 -12 5 -5 -8 30 11 -2 -3 -1 
22 23 -14 0 -18 -8 -15 -13 -18 15 -5 12 -10 -6 -15 -14 
10 -8 -24 3 -16 -11 3 -3 3 10 15 16 6 5 5 0 
-2 -22 -3 -20 7 16 -4 -6 2 8 12 -1 -18 10 7 -5 
-18 12 5 12 16 8 20 13 6 13 17 -4 -10 -21 -13 11 
2 1 -4 -3 1 -6 -10 2 -2 2 -3 9 3 -5 2 -4 
-3 9 8 -2 -1 -5 1 -2 8 4 4 1 -9 -5 4 3 
5 -3 3 -6 1 1 -10 -4 -4 -2 0 -10 7 -5 -9 3 
-2 -6 1 -3 6 9 1 -5 -1 4 4 7 2 2 3 -4 
1 4 -9 0 0 -6 -1 4 0 6 2 -10 4 -3 -3 -5 
2 2 -6 -1 -9 -6 5 -5 6 3 3 -4 2 0 2 -2 
27 -8 13 -1 40 -13 14 -12 -3 2 3 -13 28 8 -5 -26 
14 -9 13 11 -7 -26 -12 21 1 2 -25 -15 9 7 45 -5 
-15 13 -12 30 -25 2 14 13 8 16 4 -6 19 -18 16 -30 
3 34 -33 10 8 -9 -10 -4 8 30 -14 6 9 -5 2 1 
-23 -8 5 13 2 -33 3 13 -25 -9 0 -18 -2 -17 -20 -20 
9 -19 -12 11 27 45 -4 15 1 11 5 9 -11 7 6 -3 
2 -7 36 -13 27 -39 -13 -33 8 -20 40 -35 6 15 -43 27 
14 -9 -8 -27 2 12 -40 29 7 2 -46 27 -1 1 -29 -18 
30 66 -6 -40 -9 -7 8 -4 8 37 -17 -26 -22 -21 -9 8 
-7 -6 1 19 -29 1 4 6 -35 38 -6 -3 52 21 -11 47 
-31 -58 -24 -19 -2 4 -21 3 -10 9 4 13 -34 -29 -23 1 
9 -15 -19 -2 -15 40 12 18 -16 -14 -7 16 18 1 17 2 
36 25 -14 15 -38 -30 -20 -27 17 -23 -31 -5 25 33 -16 -28 
-11 30 -9 -21 2 15 -32 15 4 4 -32 31 17 33 -24 10 
39 51 -46 -36 -43 -33 -32 -12 -8 7 -21 6 -21 -17 15 -4 
-7 8 8 14 -58 -36 -6 -10 -34 28 16 7 1 -6 -25 32 
-23 -69 26 -29 -35 4 -11 34 54 -1 -24 -18 12 -27 10 -3 
15 -52 -10 -5 -31 52 11 43 -49 -10 -30 31 -28 15 10 -26 
1 -6 -36 -38 -12 -25 -5 -66 56 1 19 -17 -15 30 -62 30 
28 -24 -35 -42 -23 -11 -12 -32 -56 6 -7 44 -2 -29 15 13 
14 -42 8 4 -19 -7 25 -5 -21 -30 33 -10 -13 -11 -21 39 
47 -14 -14 44 8 10 1 17 -6 -18 -27 2 13 -18 -34 26 
-4 11 3 -22 -32 26 -21 -41 -20 9 20 -24 32 10 -33 -5 
22 23 -9 1 22 19 1 -16 9 -57 -14 24 8 17 14 -15 
1 0 -1 -2 4 -6 -9 1 -1 1 -4 4 0 3 -1 3 
-4 5 5 -1 1 0 1 1 -1 1 4 1 -2 -1 -2 2 
1 -3 2 -3 0 -1 -3 -3 -1 -2 1 1 2 -2 -1 0 
-3 -1 1 -1 1 -1 0 0 1 1 -1 0 -2 1 -2 -2 
4 -2 -3 -1 2 -6 -1 0 2 2 3 -5 3 -3 -5 -1 
-3 2 -3 0 0 -4 -1 -1 -2 3 3 0 0 -1 4 -1 
6 -4 4 -2 2 3 -1 -10 -4 -2 -3 3 -1 -5 -4 -4 
3 -4 2 -7 0 2 -2 4 -4 0 -3 2 9 8 0 1 
3 -2 -2 0 -1 -4 -4 6 -4 -1 -1 3 -5 -2 5 -2 
3 -2 -3 2 -1 -5 5 2 6 -1 6 -6 1 -2 0 4 
-1 -5 0 -8 1 9 8 -9 4 3 1 4 -3 -5 -4 -2 
-10 1 6 -3 2 0 7 -1 0 -8 6 2 -4 2 -3 -2 
-1 5 0 -3 6 -6 -8 1 -4 2 1 6 -1 -4 6 -2 
0 8 7 2 -4 -9 -2 3 9 1 6 5 -6 -4 3 -3 
-2 -2 8 -7 1 -2 -7 -1 -2 -1 -2 -2 1 -6 -7 8 
3 -6 2 -4 8 3 -5 1 -1 1 1 5 4 2 -4 -3 
3 0 -3 3 -6 -3 -4 7 -1 8 4 -9 11 -6 -1 -1 
4 -1 -2 1 -14 -4 -1 -6 -7 0 6 -4 -1 0 8 -8 
-25 36 -9 6 -9 5 24 3 -19 -5 -3 -26 -3 22 24 24 
-5 -14 -23 27 13 -14 4 13 -32 -6 -7 40 -15 -13 -10 17 
-29 -9 -16 -27 8 -7 -3 -22 0 10 12 2 -28 6 -1 -3 
41 0 20 -8 10 -16 2 0 -9 -5 -38 -12 6 -2 -32 4 
-1 -11 7 8 -12 -4 8 -13 23 -3 0 3 28 -15 6 7 
24 19 -9 15 -11 10 -7 19 9 -20 -19 8 -12 15 2 -15 
11 -29 -7 -35 11 19 4 24 4 -6 -5 -17 17 15 2 29 
7 19 20 -9 10 9 12 30 12 29 15 -6 -8 1 33 -25 
20 -13 9 -9 -7 34 14 3 6 10 7 -13 0 8 12 -23 
-31 -5 16 3 -22 -2 1 -14 30 -5 10 -9 9 1 3 -15 
-5 1 -15 23 8 13 2 -5 -8 3 -17 -5 -24 4 -10 -3 
-9 -23 26 -4 -1 16 -3 8 12 7 -21 -1 -33 24 3 14 
0 0 0 0 0 0 0 0 0 0 0 0 0 0 0 0 
0 0 0 0 0 0 0 0 0 0 0 -1 0 0 0 0 
0 0 0 0 0 0 0 0 0 0 0 0 0 0 0 0 
0 0 0 0 0 0 0 0 0 0 0 0 0 0 0 0 
0 0 0 0 -1 0 0 0 0 0 0 0 0 0 0 0 
0 0 0 0 0 0 0 0 0 0 0 0 0 0 0 0 
1 3 1 1 0 -4 -2 -1 1 -1 -1 -1 -1 0 0 1 
-1 0 -1 0 -2 0 0 0 -2 1 -1 1 1 -1 -3 0 
-1 -2 2 -2 1 -1 -1 0 -1 0 2 0 -1 1 0 1 
1 0 -1 1 1 0 -2 2 -1 1 1 1 0 1 -1 2 
2 -1 0 0 0 0 -1 -3 0 0 -1 -1 0 -2 -1 0 
-1 2 -1 0 1 0 0 0 -2 0 -1 -1 0 1 1 0 
