-12 84 -222 67 -21 -199 37 -156 -141 -172 -242 -143 -237 118 -90 19 
90 -25 15 55 17 44 -66 -56 62 -26 -80 -46 -8 -71 38 -103 
-35 83 70 28 15 30 56 -114 -148 -22 -10 100 53 -14 -20 41 
-33 73 -184 -67 -122 -32 45 -161 64 52 159 122 -39 -28 42 -18 
-60 -43 6 -31 -18 9 -1 25 -68 4 41 22 -66 -14 31 52 
0 0 0 0 0 0 0 0 0 0 0 0 0 0 0 0 
-15 -55 58 -44 64 8 14 50 -8 -54 -6 -14 -37 52 -77 121 
14 62 68 -46 -38 2 -32 -124 0 0 0 0 0 0 0 0 
82 56 -31 -32 -50 -36 -25 45 -79 -10 23 -54 -70 -12 -33 2 
45 -20 22 5 3 30 51 63 0 0 0 0 0 0 0 0 
36 65 -45 23 -4 33 5 -7 -20 -9 50 7 -63 -43 46 78 
-30 -27 53 -1 -19 -14 -9 16 0 0 0 0 0 0 0 0 
-69 -111 -93 22 -2 -36 -27 -49 -1 49 -49 39 65 18 -74 -55 
48 -8 40 -28 -28 7 60 -63 0 0 0 0 0 0 0 0 
55 58 13 55 61 58 -14 55 -31 -29 -10 -67 25 -23 21 43 
35 3 -72 2 65 -13 -51 -27 0 0 0 0 0 0 0 0 
0 0 0 0 0 0 0 0 0 0 0 0 0 0 0 0 
0 0 0 0 0 0 0 0 0 0 0 0 0 0 0 0 
35 128 24 -89 68 -46 72 102 -68 74 -126 -38 -49 76 41 75 
66 46 3 -86 58 -13 -2 -79 0 0 0 0 0 0 0 0 
-15 -4 -31 -5 -38 43 78 -98 -41 10 20 57 8 -32 -11 33 
-5 -44 -40 -13 -11 69 -75 -82 0 0 0 0 0 0 0 0 
-32 56 23 -26 -78 -16 -12 -62 -37 57 -16 -74 -43 45 -31 64 
32 -49 -9 21 -8 -34 34 -87 0 0 0 0 0 0 0 0 
71 -51 -73 25 -130 39 76 -109 -33 108 -59 11 -11 24 6 5 
-29 60 -42 -15 40 86 44 -89 0 0 0 0 0 0 0 0 
20 -34 -39 81 53 53 67 -52 -40 -24 -95 -52 71 8 0 24 
67 -28 59 19 -58 -50 -32 -49 0 0 0 0 0 0 0 0 
-19 -26 5 37 -17 9 25 0 8 -40 9 -56 -21 21 1 32 
47 -28 -40 -43 -8 6 -28 -49 0 0 0 0 0 0 0 0 
9 -26 12 50 -28 30 -19 -42 -26 -63 -57 -65 -3 23 63 -15 
-15 54 16 -20 -70 -13 52 -13 51 -36 -9 -78 1 23 28 41 
-48 59 -95 -62 -28 -50 -81 -44 0 0 0 0 0 0 0 0 
30 -64 68 29 3 -26 65 65 35 -64 20 -48 -119 81 -5 -1 
-63 6 -133 60 53 -35 88 -50 -54 -98 -69 -13 25 14 -14 -39 
30 -33 -14 40 32 7 61 -18 0 0 0 0 0 0 0 0 
2 22 101 22 17 -49 73 -57 -8 -13 -59 80 -77 14 -27 -67 
1 -37 18 -19 -44 30 -63 -89 -44 -16 -83 -43 -20 30 -9 82 
16 -43 -16 37 83 -19 20 56 0 0 0 0 0 0 0 0 
-1 -43 -64 7 -74 -68 12 5 10 49 86 -37 14 31 -49 66 
93 21 16 12 -87 -26 16 -18 -6 53 151 -17 -19 -6 -26 -71 
21 -9 -18 47 14 -14 36 1 0 0 0 0 0 0 0 0 
140 105 -13 -64 36 -12 -38 10 10 12 17 106 -5 76 -7 -118 
41 -55 37 -46 -87 -20 -32 4 4 80 -13 -41 -7 84 2 -99 
52 -6 -43 6 -38 140 16 -66 0 0 0 0 0 0 0 0 
-70 15 29 -81 -35 -37 -19 56 -24 -37 10 -22 -25 74 -17 -7 
-103 -20 -27 -44 52 19 -35 21 -57 -43 -30 33 51 14 71 -58 
-27 40 -85 -5 12 11 -26 -23 0 0 0 0 0 0 0 0 
-37 -58 -18 106 54 80 -34 -3 -30 46 -124 -57 45 -55 78 66 
-28 19 87 48 26 11 33 26 -3 -48 15 7 6 -20 13 30 
37 25 97 -48 -63 22 111 36 0 0 0 0 0 0 0 0 
101 -8 -112 -12 -79 63 -84 47 27 6 -35 -121 -108 -8 49 29 
-55 126 -88 55 -1 41 93 152 -82 -64 138 -50 7 -11 -6 21 
49 -17 4 -67 -19 -45 35 80 0 0 0 0 0 0 0 0 
-69 29 -109 -59 -15 151 -5 17 57 24 -18 -45 56 -30 44 -28 
101 -16 -87 -34 -20 -146 -49 69 35 84 58 -27 -30 60 -41 -108 
44 73 16 -17 -52 35 10 14 0 0 0 0 0 0 0 0 
26 84 17 -57 -13 32 -2 -22 -92 -2 31 -62 -51 33 45 17 
-9 81 37 51 8 -5 22 45 36 -79 20 -13 3 -124 52 9 
-6 50 -50 -27 -85 74 2 63 0 0 0 0 0 0 0 0 
-86 -12 42 26 -14 41 -17 60 3 93 21 -58 -57 81 -23 35 
17 -6 -14 87 3 -28 13 -12 -42 -55 -40 -12 16 -51 21 -18 
44 -39 9 -25 54 41 79 98 0 0 0 0 0 0 0 0 
-31 -2 58 73 0 55 8 54 54 47 -25 -6 -17 6 28 23 
19 -62 52 -9 -44 37 -4 -95 -105 13 -23 18 -25 57 18 27 
5 -44 5 -13 40 -2 22 -11 0 0 0 0 0 0 0 0 
-22 -13 5 -69 38 -119 -158 -61 88 12 17 8 34 -158 43 59 
77 107 -58 4 39 1 26 -84 -64 -23 -35 -10 -53 69 118 -87 
-69 10 -43 -23 65 92 -27 -59 0 0 0 0 0 0 0 0 
-91 -133 28 -83 130 70 116 27 -28 40 -126 8 -56 65 18 0 
-59 -109 126 -72 87 118 -114 100 -69 47 -49 68 1 16 -164 -137 
-213 -105 -77 -3 104 -69 149 -1 0 0 0 0 0 0 0 0 
-27 -8 38 14 -80 -21 28 -23 -14 7 35 5 -56 33 -43 -52 
-21 1 -55 54 48 9 -47 -36 -19 -59 51 26 -12 9 -5 17 
17 73 -60 18 63 -9 19 37 0 0 0 0 0 0 0 0 
6 42 26 9 83 -33 -64 11 58 -3 92 8 18 -68 35 -56 
-44 -11 -8 -4 -10 -52 44 -87 -55 -45 -69 18 -42 -26 46 16 
-98 11 57 3 100 73 -58 58 0 0 0 0 0 0 0 0 
61 16 20 33 -118 21 56 -30 24 30 4 15 52 -6 28 13 
6 -41 -48 58 -52 39 49 15 -28 -20 -22 29 -91 11 6 30 
17 -52 -32 9 -7 -27 -13 68 0 0 0 0 0 0 0 0 
51 -40 29 -50 92 30 5 37 19 7 26 42 -90 99 7 -8 
28 0 59 5 -43 -24 -10 -22 64 42 -28 30 34 46 -19 -65 
-2 -9 42 22 4 63 18 47 0 0 0 0 0 0 0 0 
5 25 8 -22 49 1 -18 25 9 62 34 38 35 -8 53 -12 
-44 -33 -35 -21 -18 -27 37 8 -89 -49 44 73 -99 -44 -13 -36 
20 -12 58 -31 -16 44 23 3 0 0 0 0 0 0 0 0 
-17 -45 42 39 38 18 -69 11 52 -43 -33 20 38 -64 -6 58 
-64 22 -14 21 -23 -63 48 -4 -72 44 34 -9 48 6 -30 18 
24 -69 -80 55 -21 17 -49 -53 0 0 0 0 0 0 0 0 
15 79 -71 30 30 -85 -42 37 5 16 31 47 54 -11 -1 10 
-57 -78 69 1 -66 -29 38 -47 -69 26 6 -53 10 -33 35 6 
-38 16 4 -49 -58 -49 17 81 0 0 0 0 0 0 0 0 
-36 4 -47 -39 2 61 -67 14 16 67 -32 31 -88 11 2 31 
37 93 18 -2 -60 -17 -35 -5 -29 -28 3 -56 -27 11 40 -10 
5 1 11 66 17 49 91 121 0 0 0 0 0 0 0 0 
27 -8 7 20 -60 -38 -5 -51 16 49 27 61 2 13 -35 -14 
-33 -38 19 10 -56 0 -55 39 -7 -32 -11 -5 46 1 46 28 
-24 44 9 25 -32 10 11 29 0 0 0 0 0 0 0 0 
-53 11 95 -21 -49 -37 -84 -21 51 -34 40 30 3 -73 6 -2 
-70 -71 98 2 0 64 19 9 33 -33 -19 17 -12 -102 22 4 
-43 -42 15 -41 -37 40 13 -23 0 0 0 0 0 0 0 0 
-16 -51 -7 -91 -69 -25 10 36 -37 -54 16 -92 29 -16 63 -26 
-5 -24 73 -25 4 -57 -7 23 -67 10 82 -39 -37 -40 -33 -52 
-21 49 1 -57 -43 8 -5 15 0 0 0 0 0 0 0 0 
-24 12 24 -5 5 -9 64 55 15 4 1 -10 57 27 66 13 
-58 -29 48 -54 12 -66 28 -19 10 58 -33 66 5 43 -38 8 
4 -15 25 -53 -9 65 -7 15 0 0 0 0 0 0 0 0 
14 14 27 13 8 113 -31 107 -15 60 52 -6 48 36 -43 36 
34 59 42 31 -6 -44 27 40 -52 -38 8 41 35 -1 -90 7 
65 -57 15 25 -37 -20 -30 -30 0 0 0 0 0 0 0 0 
4 -46 -20 -11 0 -51 -23 6 6 18 -60 24 7 42 -52 9 
-122 -39 -21 -30 40 53 45 -18 -42 -64 -27 4 46 -15 58 -68 
17 16 -25 9 36 24 -29 54 0 0 0 0 0 0 0 0 
18 -82 6 21 2 4 0 21 17 20 -61 6 -57 5 -72 -93 
10 -33 -27 70 -23 -69 -25 -81 58 -7 35 -35 3 -1 44 68 
-44 -81 -57 43 87 -57 -16 29 0 0 0 0 0 0 0 0 
-60 12 -44 -23 36 19 -48 -36 -29 -34 -69 14 -50 -85 27 54 
-7 -13 80 -7 -16 -4 24 -10 47 42 -77 -115 47 -46 8 15 
-24 -10 -22 20 14 15 4 37 0 0 0 0 0 0 0 0 
-70 27 38 21 40 -51 -42 -28 -56 8 -43 34 37 -10 -31 9 
39 -27 -38 11 77 33 -33 -2 59 6 -1 8 -16 42 53 19 
28 74 -19 5 -55 3 -64 29 0 0 0 0 0 0 0 0 
42 -61 27 -50 -3 17 -16 66 -43 11 -14 29 -10 -42 46 -6 
-52 3 -17 -36 -6 7 24 8 11 -7 34 -3 12 23 -5 -93 
10 -1 -3 -15 1 1 15 -36 0 0 0 0 0 0 0 0 
-52 -8 40 -37 21 -12 69 -96 21 26 -15 27 -29 4 35 -20 
-20 17 27 47 -58 -42 41 -31 -13 -13 30 24 33 -8 -26 -29 
17 -48 -49 -18 -3 -7 -50 23 0 0 0 0 0 0 0 0 
4 -30 -34 -21 -7 36 86 -37 3 -36 27 21 -34 51 -28 24 
12 37 25 27 -6 19 18 1 16 -25 18 -50 53 -15 7 20 
-37 -11 13 30 -59 45 -12 38 0 0 0 0 0 0 0 0 
1 19 48 -42 -68 -31 -31 -38 -24 -17 28 -26 -24 86 -38 20 
54 56 -10 32 -37 39 -37 5 40 16 59 10 13 -49 18 6 
-52 10 9 -15 -13 -1 5 11 0 0 0 0 0 0 0 0 
7 26 -9 -26 11 3 39 -23 -44 40 25 -22 -28 61 -72 -26 
-35 1 -17 -8 -32 -16 -25 15 -31 6 -11 -16 -9 43 2 22 
23 -32 -45 58 3 11 45 16 0 0 0 0 0 0 0 0 
32 -15 44 26 -23 4 -28 -27 -11 -50 -73 -7 31 -53 40 -33 
-41 -27 2 16 -32 30 -3 -46 17 -19 -17 12 16 -10 19 26 
15 33 4 -19 -10 -11 -31 -47 0 0 0 0 0 0 0 0 
0 0 0 0 0 0 0 0 0 0 0 0 0 0 0 0 
0 0 0 0 0 0 0 0 0 0 0 0 0 0 0 0 
0 0 0 0 0 0 0 0 0 0 0 0 0 0 0 0 
33 -5 2 -12 -32 -14 -29 -49 -16 -71 33 81 -46 7 -21 95 
-6 -33 -35 -28 -23 61 -38 1 102 -11 -19 -49 -84 28 -30 8 
-19 48 -3 45 23 65 3 59 26 -38 0 35 -21 45 77 33 
-44 -56 -18 14 10 -28 74 53 28 -52 63 37 -36 -97 -53 54 
-69 -21 74 89 -27 58 70 -6 28 19 -78 -75 52 21 22 -8 
92 4 -7 17 58 6 26 16 16 23 -68 56 -41 49 92 103 
-31 7 25 41 -38 -48 26 63 55 62 -12 -20 32 -46 -65 76 
41 -52 51 70 32 -8 79 10 -43 -96 58 -79 -35 27 50 55 
35 -21 39 74 74 -26 -11 54 -109 -54 93 -114 68 30 -54 -66 
-51 44 -80 6 28 -16 38 7 53 33 62 -32 65 27 -2 7 
-58 14 10 -3 -1 -30 -22 -56 27 -15 83 -4 49 26 28 26 
-15 -12 -4 74 -11 -22 49 -45 67 0 -16 -50 11 54 4 -67 
2 -78 82 -76 9 -72 28 -115 0 -33 -35 -27 51 28 -60 -30 
-54 87 61 42 9 -15 -73 -35 -86 -67 -31 90 11 -90 93 -39 
-4 -32 7 95 -24 -56 -3 90 57 -6 -36 29 92 7 -20 -37 
33 -16 3 -11 -42 44 -52 65 -28 -78 23 -39 48 -71 30 -37 
-16 30 -48 47 -6 77 78 -47 -6 12 -31 -24 8 -107 43 -13 
10 -32 -52 -76 -33 30 26 -25 -73 38 20 88 9 -42 17 106 
-111 -31 -72 79 14 -2 23 42 28 -47 36 29 -82 107 91 -15 
77 -31 -51 -15 46 -6 49 28 81 -28 24 22 4 -84 -24 -17 
10 -1 40 -34 56 -30 40 -58 90 -27 43 -26 77 14 -75 26 
-37 -17 -36 -75 -83 12 -31 -53 -15 -31 -37 9 -37 9 -1 30 
-24 77 155 -31 -1 -57 87 -40 -44 55 -44 7 -2 -40 75 -8 
-9 5 -28 130 90 -106 -135 -1 74 17 -39 11 -2 -104 -58 -44 
-47 -2 22 -2 -44 8 -35 -45 22 -30 12 41 3 -55 -12 7 
-21 58 -36 24 -22 -20 -15 23 32 7 16 52 -78 -73 45 -92 
44 59 -24 -4 48 -95 -26 -41 24 -4 16 -30 -20 16 8 51 
-51 -45 -34 -5 39 -26 25 10 -6 1 -14 -4 -37 47 32 -13 
39 -30 68 38 -51 4 16 35 56 13 -21 59 -16 -25 61 2 
-8 7 68 22 61 10 -9 -65 60 -21 -59 56 -31 11 -40 -8 
-41 0 -73 -39 9 62 43 -57 -5 26 10 -40 -24 -25 -12 56 
97 44 -16 25 -41 25 14 -2 35 54 38 0 30 39 26 82 
4 12 46 22 8 -6 100 -8 -22 51 -43 -24 9 -66 23 -35 
-80 23 -24 -4 10 25 4 66 -64 -15 -6 15 -18 -11 -11 -30 
24 9 36 14 -43 47 21 -2 5 41 -24 -3 30 25 25 43 
-14 52 -29 -7 31 -22 57 -3 -18 -20 -32 -17 38 34 14 28 
-23 -44 -76 13 55 2 52 -95 -30 27 13 0 55 -33 -29 12 
-30 31 7 -29 -95 -43 -45 44 54 37 25 34 -36 27 66 -27 
-15 0 66 -47 -28 15 5 30 -13 -31 -60 2 -3 8 17 -7 
8 75 10 10 -6 -72 8 34 14 -14 38 -62 29 -6 -60 12 
11 31 40 -9 -17 -12 10 32 -66 7 -30 48 -36 -68 -22 -25 
40 -8 9 87 10 -74 -40 43 -54 -49 32 -26 18 -1 -16 11 
-1 20 28 21 -65 1 -10 -49 21 20 7 -15 -22 -34 60 20 
-6 -34 -80 -15 33 -5 -71 -46 -6 -34 -4 -34 15 48 -19 -15 
-24 39 66 -39 0 29 14 13 46 -31 -37 94 -35 -60 -12 -38 
-27 6 -2 7 42 -64 42 -47 54 49 47 -13 -23 -40 -40 -3 
9 -4 13 20 -23 51 86 13 37 46 28 38 -21 11 -21 4 
-5 72 25 69 35 -55 18 37 -6 -53 -27 -77 48 -18 28 14 
21 -34 56 13 -33 -58 -28 31 -12 88 -42 -44 31 -45 -35 -44 
23 38 -25 56 -15 53 -72 20 -1 -2 -43 19 -3 19 57 -33 
37 -5 34 14 46 -16 40 16 -22 -71 0 53 -23 13 41 -1 
3 -51 -31 60 -11 -34 28 -33 -27 -3 -97 -5 60 -37 11 -44 
4 33 22 25 0 7 0 34 -21 31 -11 31 -11 28 22 -38 
63 -78 16 -41 39 -8 22 43 -6 -11 -25 28 -7 31 -27 73 
-9 26 72 -12 1 -36 10 -51 31 37 58 21 -35 29 -16 15 
-21 -39 20 5 16 -23 -2 85 12 18 -1 -19 -9 -38 -43 -17 
54 4 43 -31 -59 2 -35 56 24 20 15 9 -26 54 -27 79 
-10 -19 -13 -59 44 77 47 -90 -12 -99 41 56 -17 -22 57 -44 
9 86 12 -57 -59 -9 -35 19 -66 12 -55 88 5 -8 2 12 
40 6 -38 -39 -22 -77 31 -38 -18 -1 -37 22 83 -25 -59 -24 
-18 12 -26 27 -21 85 12 46 -13 19 0 12 -62 33 -15 80 
25 18 20 -99 -3 34 31 39 -49 -41 66 -79 14 -21 33 34 
-37 13 19 26 -6 61 -1 -28 -1 -21 25 11 -21 25 72 6 
10 14 20 -8 27 0 12 46 -19 44 -46 62 -98 76 -37 -3 
18 -56 6 19 27 -31 45 -42 65 -35 1 -28 -38 7 38 -46 
18 6 1 -33 -17 -27 36 12 2 46 -11 -47 9 34 -20 24 
11 -22 -35 -17 -60 -34 50 12 -17 7 -13 66 -7 9 -35 21 
19 -25 34 -6 -19 14 10 37 -47 51 8 -68 33 -24 16 94 
-41 -43 28 14 -9 -11 42 99 56 13 7 9 -47 -32 48 46 
-46 -15 16 -27 -10 65 -52 3 -39 -72 2 -6 -3 -62 -62 61 
-38 -5 -35 77 -3 53 10 29 7 -18 -40 10 3 -96 37 4 
24 37 -22 34 1 0 -37 55 -4 18 23 27 30 -24 -2 -12 
-6 39 -28 -26 -41 -15 9 -36 -4 60 -33 -17 8 55 -2 90 
23 -16 -45 18 11 24 0 -49 26 -59 -67 -10 73 -5 3 -13 
-4 -34 60 72 19 -50 -45 79 -57 45 -27 -16 72 -68 77 -12 
-80 53 4 -8 -8 6 -56 -18 -20 -62 -15 24 12 -82 -42 34 
-35 53 28 7 2 32 16 32 8 62 20 27 29 24 83 -35 
7 5 37 70 -17 27 19 -36 56 23 -72 21 17 20 24 39 
27 18 53 8 0 -8 -5 -25 56 -5 -36 -34 14 6 -8 2 
-15 0 22 9 56 -33 -36 -21 26 -15 -5 20 60 21 -9 -35 
18 -44 -50 19 53 -11 -21 13 41 23 -65 9 1 45 -6 58 
9 -17 -14 -11 -28 -4 42 -38 42 32 -3 -31 3 29 -2 2 
-16 51 -6 37 36 -5 0 31 -39 13 43 45 -24 -8 0 -12 
9 -26 23 31 -4 -66 11 -6 -25 -1 -19 -22 -66 9 -1 12 
-25 20 41 -15 24 -6 -11 19 -37 15 8 4 -44 -31 -57 22 
10 1 -4 -25 -38 -13 3 -31 -12 23 16 -12 30 -2 -5 28 
0 -48 -23 33 -3 -17 -46 15 4 -22 1 20 -30 44 5 -51 
8 7 36 3 -39 -16 -58 43 23 -31 0 -1 29 -9 10 23 
13 -26 -20 14 51 -13 -15 36 2 47 -35 28 -10 17 -7 -37 
12 -5 7 -82 12 -3 -27 -42 14 6 -53 -31 -32 -83 -12 -14 
-17 -31 -43 39 3 -74 16 -44 -15 8 -28 -5 -30 4 -27 4 
-6 -46 -41 88 -3 -6 -44 -2 -15 -10 17 6 -3 -39 25 -49 
19 19 -27 30 -12 23 4 15 18 -5 15 7 -37 -26 25 -49 
9 1 31 17 34 14 -6 -31 -11 -32 11 7 4 3 41 10 
-40 23 9 23 -11 -6 -72 -16 25 -1 -17 -11 -19 -3 -41 3 
-29 -32 19 13 6 5 -11 -1 13 67 24 -38 14 11 -22 52 
11 -1 -2 13 4 -6 -9 50 1 -8 16 23 4 7 -30 9 
52 18 -7 15 1 -53 6 -2 28 -13 5 11 2 -19 -21 34 
-37 7 -2 -27 13 -38 48 9 -8 31 8 -2 35 0 27 33 
-9 23 -5 -17 -25 -25 40 -12 -19 -22 -24 -10 -28 -42 3 -10 
-25 -1 17 -12 -15 30 -54 1 21 33 -20 -51 15 -8 -3 12 
-4 11 -2 9 23 19 13 -6 22 39 -17 -10 33 44 -14 0 
-13 -8 19 5 -7 20 29 -16 -6 -13 4 -6 20 -3 10 18 
17 23 24 27 33 -22 -27 0 -35 -49 -35 -4 -8 20 25 -32 
-31 -7 -25 21 18 18 8 -2 4 -24 -3 -15 -7 -23 -17 11 
-8 -1 -6 18 2 -35 22 -27 10 10 -4 -9 20 26 -32 -11 
-13 -18 13 -18 -38 32 -4 -4 -36 36 32 7 1 10 15 24 
-3 14 -38 16 2 -9 9 38 -11 11 -31 -12 52 23 21 -11 
-12 -12 3 -20 -8 3 -9 -44 -33 29 -17 11 -17 -28 -1 51 
24 0 -19 5 -8 -42 31 -18 2 -25 -7 -16 -6 -8 -12 9 
22 -19 -52 14 32 -4 -83 17 4 -13 -14 16 -14 25 -14 -5 
35 -18 -17 -11 4 -17 21 -19 25 -28 -12 -16 35 1 22 12 
0 11 -6 20 4 -21 -8 -4 -5 37 20 1 -12 1 -20 10 
16 23 15 -50 -20 34 26 -3 -26 41 -30 7 -15 -24 -8 -2 
-5 0 -15 -23 -24 -21 -6 -21 -7 17 -31 10 -32 22 -12 -11 
13 8 -35 31 13 -28 -40 23 -2 -30 16 -50 16 -4 -26 -25 
-36 -8 22 -12 -21 11 31 28 31 14 23 16 5 -15 -11 14 
-12 5 -13 9 -7 -7 -1 16 18 -7 1 1 -10 7 -16 34 
-5 -6 -6 -10 0 -1 32 1 23 20 -25 -16 -10 17 7 -6 
-5 11 14 17 40 -15 -16 -5 37 -24 6 16 -5 -14 -25 -25 
-10 29 -9 -34 1 -31 35 -25 -33 27 -21 -14 -18 5 3 -4 
11 -3 -15 20 18 -2 -24 13 41 -23 -10 20 -14 25 11 -19 
6 -18 -23 0 -7 -2 -33 14 -18 10 -6 -18 -25 4 13 -6 
34 -2 -11 9 -22 31 -16 -13 -16 33 17 40 9 36 26 -40 
-2 -7 -25 16 -17 -6 13 69 9 -32 -10 -7 18 -3 50 -15 
21 30 19 33 -49 -6 26 13 18 -13 -25 14 -20 -3 40 -4 
-27 -39 9 -27 -35 1 28 -42 -27 25 37 30 -25 3 -44 48 
8 -36 -10 10 1 29 19 -57 14 10 -10 -7 17 -1 16 2 
9 -13 -11 42 2 9 -12 1 -12 0 -9 -20 -65 34 25 -30 
27 19 -9 21 -12 36 -46 -33 -34 -4 -12 -12 -15 -16 22 19 
-65 23 -19 -12 -12 76 22 38 -1 -31 -44 -30 14 34 -28 -40 
-19 -36 24 1 -21 -3 -18 -30 16 -13 5 9 -1 27 -8 21 
-16 -23 -5 11 7 32 18 53 44 -20 39 -1 36 29 -16 24 
-19 -22 31 16 -17 44 12 39 24 -24 -54 30 31 -20 -5 -26 
21 15 3 4 -13 29 -17 -9 -31 -27 -47 -30 -16 12 3 -42 
-11 14 -25 -24 19 19 -10 3 7 30 -11 -10 16 -37 -2 5 
11 -18 12 14 24 -33 20 -16 -18 -9 35 9 2 -4 12 -14 
2 -2 -19 10 -15 -2 -6 10 7 -12 -27 2 -16 -37 -13 -31 
18 10 -16 -3 -14 8 -12 -8 -2 25 7 -1 -20 -8 45 -17 
-10 22 -10 2 8 4 -6 28 -16 -11 14 0 17 -7 23 -36 
10 17 31 2 -8 17 17 0 14 -10 23 -8 -3 31 -16 -27 
8 -3 24 33 20 38 -39 -7 -10 -15 72 -19 -30 8 5 35 
39 -34 18 -2 19 -21 -33 17 6 16 -43 -17 -14 -9 -7 -6 
26 -49 -7 13 -9 40 -16 -13 24 -13 -6 -34 4 -32 12 16 
34 -6 -19 11 6 -26 -10 -12 -2 37 27 25 2 -21 -13 -11 
-3 -11 15 47 -40 16 16 9 36 -7 -12 25 -26 -48 -40 38 
-17 -20 14 -23 -6 -33 16 8 -29 8 52 -22 -1 -20 32 4 
0 40 10 57 -15 -29 43 -19 -12 -48 17 15 6 -23 5 9 
24 -15 7 -15 43 6 -19 43 1 -12 3 -9 4 -4 -7 -13 
6 2 8 -10 -11 -29 -27 22 -29 -5 2 -22 12 -23 5 14 
13 28 -25 1 -25 1 -31 19 -21 13 -69 -15 -47 13 -25 40 
-29 -23 -23 -7 33 17 19 -40 28 -9 80 11 -12 -36 -30 -26 
-26 -48 -11 -5 -23 -19 29 13 16 -8 8 23 -29 24 6 -20 
4 33 -38 -24 9 -17 -13 30 5 9 45 -6 -28 -27 -45 16 
59 -52 -6 14 45 -55 15 1 42 -21 -10 31 -17 -7 -22 -27 
35 36 22 10 -29 -15 -37 -44 -3 -17 -26 -53 8 -25 -7 -14 
-4 31 -70 59 -7 -23 16 -22 -1 -36 -4 16 3 -27 9 -2 
17 -23 42 0 29 45 37 2 15 -16 -14 8 -2 -45 41 43 
72 -6 17 46 -43 1 44 49 -4 -10 31 -16 -31 7 22 -7 
18 -5 -1 -4 -26 22 -14 -43 1 12 -18 23 -5 -29 -13 14 
-16 38 -1 9 -9 -15 7 26 25 -22 2 -12 -10 -5 7 23 
26 -7 9 10 2 -27 0 27 -7 15 8 5 0 27 -5 -8 
-15 -4 25 -17 1 7 18 23 -13 -10 11 4 -5 -26 6 9 
11 -2 8 -17 -10 -1 9 -29 4 30 -5 -26 20 -12 -8 21 
2 5 -16 17 11 -12 -25 -14 -12 -12 -24 -10 -1 -10 9 -25 
5 64 18 28 -49 19 38 -1 -1 -37 -19 43 -23 7 25 -14 
-1 -8 -21 -40 28 30 16 -37 -4 46 4 18 20 5 -19 -35 
-17 -27 -5 25 13 14 -24 3 41 11 -29 -27 3 -19 -31 21 
-28 -16 -31 -42 13 -35 -30 6 -22 13 1 -19 -41 64 25 -7 
-4 21 -45 -45 14 7 -37 -9 39 -42 12 4 -30 9 6 5 
-35 18 32 -29 14 18 -9 28 35 42 3 -36 -10 45 -38 -20 
12 17 23 -21 -36 23 10 -17 -34 -3 -13 -10 19 -27 -22 29 
-9 3 8 42 -3 -6 15 -43 -15 -10 -6 18 -7 29 59 -30 
10 13 -9 -60 19 38 6 -22 -3 5 -26 -10 -32 -4 -49 12 
21 -21 7 2 -45 22 7 -11 -5 -5 29 -7 48 58 31 28 
-13 25 3 7 -21 113 -46 0 -33 -1 -14 -44 -1 -60 35 11 
-2 -7 -9 13 -32 19 -34 -17 -17 25 -23 -45 0 1 19 13 
-3 -7 -13 -6 31 -17 0 -15 7 -19 -2 5 -6 24 -5 -10 
15 1 7 -18 -14 -12 -8 12 -15 -2 -20 26 -18 32 -21 -7 
-22 -5 3 -4 16 -19 -12 -7 0 -2 10 11 7 -10 16 13 
11 6 0 -26 4 -17 2 3 14 7 -14 -14 -9 23 -7 7 
22 -13 -8 3 -3 -13 13 11 44 -10 18 -15 17 -28 -39 3 
17 -5 -12 -30 17 -26 -30 -15 -8 -6 2 11 17 6 25 13 
4 1 -5 -22 -22 40 34 -23 -4 9 26 12 -23 20 32 -22 
-3 -20 -10 -22 7 -3 5 46 -24 -10 -20 14 -11 8 32 -7 
32 11 1 16 -34 20 1 30 8 -24 -50 13 -33 16 48 5 
7 -29 29 -51 -8 0 40 -33 -29 36 -11 -13 8 -26 -54 40 
3 -24 -14 2 -25 28 -21 -52 6 -11 -22 -12 -4 29 -16 20 
11 1 -13 11 18 -17 -28 14 -24 -43 -34 -12 -34 55 26 -9 
40 -36 6 -17 -70 33 50 -43 0 -28 -13 29 2 -1 -9 -14 
-32 -33 -5 53 -46 43 -8 -10 44 15 14 29 -24 -53 46 4 
20 20 -48 -30 9 14 -6 12 3 -13 0 21 15 24 14 -5 
8 -69 31 -32 -5 8 44 -55 -1 -41 -13 -20 10 1 -24 10 
3 -10 13 63 -19 8 21 -30 47 6 0 -19 22 18 36 36 
-21 33 16 -14 0 25 -5 6 60 4 -23 -46 1 -13 1 13 
4 17 13 15 -8 0 5 -17 0 -15 0 12 4 -13 15 -15 
-42 50 25 -57 -26 45 26 -20 8 45 -12 -59 45 -53 -1 40 
-9 -14 42 28 45 10 19 -3 -34 33 -3 33 4 -21 17 19 
7 22 15 -31 2 -29 -2 1 16 17 8 18 8 -23 -7 -12 
-31 1 29 -19 16 -17 -1 12 28 20 2 1 -44 22 0 2 
-38 24 -7 34 10 5 -1 32 12 8 -13 2 4 9 -22 14 
-2 23 20 -20 -6 23 16 -12 -69 -18 -29 -4 -8 -31 -38 4 
-16 -33 32 21 13 21 44 26 48 -4 -1 -22 5 9 42 -5 
-17 16 22 -29 9 20 -4 -30 -35 -10 7 -4 27 20 -22 25 
-9 52 11 12 8 12 -4 13 -15 -61 0 0 29 -16 -6 27 
-11 -2 33 -46 36 32 -37 -11 -27 -5 22 32 6 -15 22 28 
26 -30 -42 26 -63 -6 13 32 29 24 -21 23 -5 15 7 -38 
17 16 -19 51 -47 -25 -17 29 -29 10 1 -3 59 100 -41 13 
21 -25 -30 -71 6 -10 -9 20 10 8 22 -45 14 -4 3 -25 
-8 15 -39 -65 5 52 47 -18 32 -47 -38 -6 8 -2 -1 38 
-3 15 4 17 20 -32 17 -25 -5 1 -29 12 -7 16 -6 -14 
25 29 -14 3 77 -33 -28 0 4 26 14 11 11 14 -21 30 
-52 -4 -13 -10 3 36 -26 -21 20 33 -25 6 -44 32 -4 32 
-12 6 -31 -1 -25 -3 24 19 -2 33 -14 -6 18 20 -17 -25 
11 9 -20 -5 -37 -10 -18 -32 -17 -54 43 7 29 25 16 5 
-36 10 -36 -16 -16 -16 28 -52 1 -10 31 0 -17 -24 -35 -2 
35 14 -44 28 2 5 -64 6 7 14 18 1 81 28 44 22 
-18 5 -27 8 -20 17 -16 -3 -16 37 -8 23 30 18 43 -12 
11 -8 51 -8 -1 21 -5 -48 -23 -14 -60 -28 60 -31 35 19 
-25 -17 -22 -62 -1 -67 -19 10 -30 18 -53 -16 0 -23 -15 17 
-7 44 8 20 10 4 7 -26 17 -71 51 32 -25 9 31 58 
-30 17 -1 -74 -10 -21 6 15 -22 45 -3 31 32 -18 -21 -9 
-13 -22 15 27 -39 46 -41 14 4 -6 42 -3 13 -7 0 14 
54 5 -34 -65 0 10 2 15 -45 32 14 10 57 -39 -7 12 
30 -14 3 -7 -17 -1 -13 -48 -2 -10 -30 -40 -30 -6 16 -4 
18 -2 -8 -47 -8 98 10 11 13 14 -14 10 -7 -40 10 -1 
6 -54 -16 88 62 -24 31 20 42 -6 56 -19 17 10 -17 -11 
8 -26 -22 -13 -15 -35 -20 31 -27 -34 -10 -46 -12 -22 32 0 
-1 12 -27 -9 -7 0 25 -19 10 -6 -15 -3 -40 -34 21 -37 
-43 12 6 -23 18 12 15 16 33 -4 60 -40 33 -15 17 4 
-21 -23 10 -2 -57 27 22 22 32 -37 77 -7 -12 30 -23 -19 
-27 8 0 -16 23 -22 13 15 -32 -35 -2 -6 -6 -20 15 14 
0 -46 -1 -21 7 31 -14 10 0 19 25 -39 12 -6 17 19 
-8 -25 14 -3 9 -6 -6 36 4 3 -2 -18 18 8 -24 2 
-27 -7 15 19 -4 44 -28 23 16 -8 10 -5 30 -17 -2 5 
-8 20 4 -23 -18 14 -3 -7 -28 -2 -14 36 -19 -3 5 1 
-3 -13 7 -13 -32 -21 -10 -3 -26 -14 -29 2 -22 0 2 -5 
-5 -3 7 -5 -58 28 12 -14 -17 -12 0 14 10 -27 -19 -32 
-12 -32 -15 9 8 -4 40 5 42 -14 -12 -40 20 17 54 -33 
11 36 -5 -15 -22 -4 -5 0 -4 6 19 -20 13 17 -1 8 
-18 16 8 10 -23 13 -26 0 41 10 -13 8 52 51 25 21 
6 -23 43 16 -9 47 -17 -34 -44 -7 -10 14 -7 -19 41 11 
20 -31 4 19 -65 24 -12 -18 -25 -7 -67 -29 -69 64 -12 -25 
59 -18 33 -2 22 -3 -2 6 -58 -49 -11 16 1 56 -14 18 
-10 -55 -18 -30 9 15 4 103 38 -26 -18 -10 -4 55 -9 -28 
-5 5 -1 -27 1 -5 -30 -10 31 -39 -1 -19 53 18 -8 -16 
-49 -1 0 9 -11 16 11 -9 20 2 -55 -22 -8 18 -11 34 
26 -33 -84 20 68 7 -22 -46 16 -43 17 6 7 -18 -16 -3 
25 -30 -25 21 -16 -27 16 2 -16 -8 -19 -45 -43 26 28 25 
-2 7 -13 -33 -40 16 31 -11 12 13 -9 -32 5 21 9 1 
-34 -21 -68 1 -28 40 42 12 -9 17 -36 35 -23 -6 7 13 
-24 25 -22 -23 18 26 24 -12 41 25 16 -3 37 13 -18 3 
16 19 35 -47 -1 14 12 -14 9 28 13 -1 17 -1 -18 31 
24 19 -47 -13 34 34 -36 8 20 -19 -34 25 -11 15 17 18 
-4 8 -18 23 23 12 -63 -4 11 24 -23 -17 4 -14 -31 13 
22 -20 -46 14 -43 8 12 -16 22 -1 17 -1 24 3 -9 -45 
7 -13 -6 30 10 4 -2 -61 -26 -6 14 20 2 -22 10 20 
0 -4 -28 5 5 -13 40 14 -14 6 26 4 -22 -13 16 30 
24 -24 -18 19 28 -29 35 -2 -20 -1 -18 3 -31 -10 -2 -35 
-32 29 -3 -9 -11 -36 6 10 16 -14 9 -56 -17 13 17 24 
28 17 12 11 3 2 15 17 2 -16 9 34 16 -6 -63 7 
5 3 1 6 4 -13 -2 -2 -3 -11 -10 5 -6 10 3 -3 
-7 5 -9 -17 -5 11 3 -3 -2 0 -5 7 2 3 -15 3 
-10 -10 7 -4 21 -5 0 -9 2 7 12 13 10 2 -8 -7 
-1 9 -1 -1 -2 1 -10 14 -4 -7 7 -3 -9 -1 -8 -2 
20 2 7 -1 1 0 -3 3 14 -4 0 -3 -4 -4 2 -3 
-17 13 1 -5 14 -11 -3 8 -3 11 -12 -12 5 -6 9 3 
-30 1 2 11 -3 2 -39 11 9 19 1 -20 -18 -22 -21 10 
-17 20 3 -14 -6 -24 -12 32 15 -19 -14 30 23 18 -37 2 
22 25 -14 -11 -6 -8 -7 5 -4 23 -8 0 -23 4 -5 -33 
-6 14 -22 3 7 -39 16 -17 -18 19 2 2 -17 -11 4 -27 
7 -47 2 1 -1 28 23 -9 33 29 -3 8 -19 -27 7 -13 
-28 -17 -6 -3 4 21 -8 9 -12 15 7 -11 14 18 20 30 
-6 6 28 -31 21 4 13 -27 -26 0 -16 3 -15 -9 29 33 
19 -6 3 1 15 -13 14 -6 1 -15 41 -9 3 10 47 1 
11 -11 9 11 -12 -5 2 13 -2 5 -12 -30 12 -2 -11 15 
20 3 7 15 16 28 -11 -5 11 -1 -3 3 -3 -2 8 14 
-15 -9 -25 -37 -26 24 4 8 -46 17 7 14 13 -21 -5 10 
10 0 11 13 -20 -25 -5 -5 -33 -22 1 -3 12 38 -8 -8 
-13 -45 -3 -51 35 -1 31 -4 -24 -19 -11 24 -53 20 -21 43 
-18 13 21 -2 -34 18 25 14 44 -15 -18 0 -29 40 22 -33 
-1 10 20 -17 -13 28 38 -4 7 4 5 38 4 23 -8 30 
7 39 73 -7 2 29 49 -6 24 -33 -3 -18 16 -7 -63 23 
34 -7 -6 -2 11 42 -2 7 -13 8 -54 36 12 10 11 -39 
4 -18 -19 -6 16 -17 6 17 11 -22 -16 11 -17 -43 -10 -6 
-19 -8 5 -12 -1 -18 13 19 26 -5 -21 0 -7 -15 -1 1 
-31 8 -11 -8 14 4 -6 -12 22 3 -20 20 -26 1 8 -2 
-31 4 21 27 3 8 13 -8 -6 10 15 24 27 24 8 27 
-25 14 0 5 -22 33 -38 31 51 -7 3 8 4 16 28 -34 
4 44 16 -15 5 -43 5 36 -27 29 -35 21 3 15 21 -3 
12 -4 -5 -15 13 13 -54 -25 -6 10 -32 -6 -14 5 -1 -20 
12 5 33 -5 -51 9 54 0 -12 -42 25 56 4 -18 -12 -62 
28 1 23 2 2 -4 -17 -18 34 9 3 -44 1 20 46 -43 
-4 0 33 33 -6 17 -1 40 8 -21 -25 -45 7 3 18 -11 
7 10 -8 33 -2 -2 -7 -33 7 -7 -21 -44 8 18 -20 7 
-24 -26 15 -34 9 27 -40 -25 -72 -38 -8 -9 -29 -13 11 0 
9 -33 -49 38 16 19 2 47 26 17 17 4 -31 -21 -25 -9 
11 4 8 -26 5 30 3 -18 10 -10 -15 -11 4 -29 -5 23 
14 -6 19 23 7 -1 24 -12 10 10 22 -5 -6 5 32 -10 
14 -7 -6 -30 -10 18 1 34 -1 -6 -19 -7 -11 30 1 -12 
-13 12 9 -3 -6 18 7 -2 -2 -15 17 -19 18 -6 19 -2 
-7 12 6 -3 -34 28 -24 5 -33 -2 -22 23 13 -3 -2 10 
20 -6 -13 -1 -18 -5 -6 2 -1 -19 -23 -25 8 -3 18 6 
-35 -12 11 8 27 -4 -8 16 11 28 31 -24 -29 -34 20 5 
3 -10 15 -21 -29 -4 -12 20 -8 -6 -24 -25 -27 4 27 20 
-4 -2 10 -6 13 52 29 26 29 -2 -21 62 27 40 32 -8 
-38 -29 17 -5 17 8 12 -19 19 -5 41 -8 2 11 -50 15 
16 -17 -20 24 -9 3 -22 -32 -39 -6 -25 31 -22 40 -11 -13 
47 24 -34 26 48 -5 -35 24 -20 -13 9 33 -30 -7 6 -15 
-1 -1 0 -1 0 1 0 0 0 0 -1 0 0 0 0 0 
0 0 0 2 0 0 1 0 0 0 1 1 0 0 0 0 
0 0 -1 0 0 0 1 0 0 0 0 0 0 2 1 0 
-1 1 1 0 0 0 1 0 0 0 0 0 0 0 0 0 
1 1 1 -1 0 0 0 0 0 0 -1 1 0 0 1 2 
1 -1 0 0 0 -1 -1 0 0 0 -1 0 0 0 0 -1 
-2 22 -11 14 -8 21 -29 -8 9 -4 8 -6 -7 -3 -19 -6 
30 -20 -12 -16 14 15 13 -24 -21 -10 -2 -13 -12 17 -4 4 
-23 6 10 8 -1 34 6 7 8 -6 8 -25 -16 -6 -4 -15 
-14 1 14 16 -37 17 -11 -4 5 3 14 -2 14 5 19 -22 
2 27 31 2 -12 23 -23 -7 -19 -3 3 2 6 12 6 -13 
-9 -1 12 -5 -14 3 10 -6 -3 13 -8 -15 12 10 -9 2 
7 -40 -44 -62 -14 -8 -2 -12 8 22 -30 0 0 -32 -31 -47 
-14 -19 31 43 -33 12 -12 -49 -22 -9 23 -4 -20 -6 15 -28 
-23 6 -13 -22 -13 22 11 -5 3 -24 -1 9 2 63 35 12 
-12 -1 -28 31 5 -16 10 -11 -4 15 50 21 -3 58 -31 -28 
-3 -7 3 -25 -7 -19 -41 -7 6 -45 -6 -31 0 28 9 13 
61 -9 -6 -15 25 -19 37 -7 21 -13 -17 -17 11 5 -14 15 
-2 6 2 -6 2 -2 -8 9 -4 2 -5 4 5 5 0 3 
-1 8 5 -6 2 -5 2 -1 3 -4 11 3 -8 1 1 -1 
-1 -4 9 -6 1 -7 -11 -8 -4 -4 0 -10 2 -5 -12 3 
-5 -6 4 -4 5 8 -2 -1 -4 3 0 3 4 2 1 4 
6 0 -8 -1 0 -2 -2 -1 -2 4 5 -3 8 -3 -8 -6 
0 2 2 1 -8 -9 2 -5 0 6 2 -4 -5 -1 10 -5 
2 -6 -26 -29 -18 -9 -9 -4 7 -6 -9 19 2 16 0 17 
-3 -7 -14 6 5 -9 -22 21 -7 -8 -4 17 -9 -10 -6 25 
17 14 9 -4 -4 -24 -9 -7 -4 -9 -6 -11 -4 -7 -6 18 
4 -11 2 4 7 6 24 -11 -28 -4 -2 16 21 0 -8 31 
-1 -30 -12 -22 -9 -9 2 -2 8 -15 7 -17 32 -10 -5 -9 
-4 16 -16 11 -6 2 8 2 -1 -25 6 -1 3 -5 7 -12 
16 -5 2 8 8 -8 13 11 -7 -7 3 -4 5 -14 1 11 
-12 0 8 12 -4 -2 0 -4 11 11 -1 -7 19 -1 14 -9 
2 -2 -5 1 -3 19 4 21 8 4 6 1 1 -6 6 6 
2 5 -6 -2 -8 5 -8 3 0 12 6 10 -10 -1 -3 -12 
-6 12 7 16 11 -9 0 2 3 2 -2 -2 -11 10 4 -4 
-12 -8 10 -17 -7 4 11 -3 18 1 3 2 11 5 -3 17 
-1 7 -2 2 4 4 -5 4 1 2 1 7 2 -5 3 -8 
1 5 4 -1 -4 -7 0 -6 0 2 2 -1 -2 -3 2 4 
5 -3 3 -5 7 -4 -6 2 -6 -1 -1 0 1 -1 -4 4 
4 -7 -6 -10 5 -1 -4 -4 -5 3 0 7 -3 3 1 -7 
0 4 -4 2 -2 -10 2 1 5 2 3 -8 1 1 -2 -5 
-2 6 -9 1 -1 -9 0 -5 -2 -3 7 -9 2 -3 -1 -4 
-1 4 -3 2 4 2 -2 1 -5 4 3 1 -4 -2 2 -6 
0 -1 0 0 -3 7 2 5 2 -4 -3 2 0 -3 0 -3 
-7 0 2 1 4 -3 4 2 3 -3 5 8 5 0 1 1 
1 -4 -3 2 8 3 4 2 1 -6 6 0 7 2 -11 5 
2 0 4 3 -3 5 2 -2 1 0 -5 7 2 3 -4 1 
6 -2 -1 4 5 -1 0 1 -2 -3 -5 -1 -5 2 3 -3 
0 -3 2 -2 2 1 -1 0 -2 -1 -1 0 1 1 1 2 
-1 1 0 0 1 -1 -1 3 1 0 -1 0 1 3 1 -1 
0 1 0 -1 -2 1 1 1 0 0 -2 0 0 1 1 0 
-2 3 1 0 -1 1 1 -1 0 0 1 -1 0 -1 -4 1 
2 -1 -1 2 -1 0 -2 -1 -2 1 -1 0 -1 0 0 0 
1 -2 1 1 -2 1 1 0 2 0 0 1 -4 1 0 1 
2 -4 1 -2 -2 -2 -3 2 4 6 -7 3 2 5 1 -1 
-4 7 3 -2 -5 1 5 -1 1 0 7 1 -4 1 -3 0 
0 -1 6 -5 0 -5 -3 -1 -3 0 -3 -1 1 2 -4 1 
-5 1 0 -3 2 2 -3 -3 0 6 7 2 3 5 -1 -2 
4 1 0 0 2 -2 -2 1 1 3 -5 -6 7 -5 -1 -4 
-1 5 0 0 -3 -1 -1 -3 0 5 2 -5 3 0 7 -3 
1 0 0 0 -1 0 0 -1 0 0 -1 0 1 1 -1 0 
0 0 -1 1 0 0 1 1 -1 0 0 1 0 0 0 0 
0 0 0 -1 -1 -1 0 0 0 0 -1 0 0 -1 -1 0 
0 -1 0 0 0 0 0 -1 -1 0 0 0 0 0 0 1 
1 -1 -1 -1 0 1 -1 -1 0 0 0 1 1 0 1 -1 
1 0 0 1 0 0 0 0 0 -1 0 0 -1 0 0 0 
0 0 0 0 0 0 0 0 0 0 0 0 0 0 0 0 
0 0 0 0 0 0 0 0 0 0 0 0 0 0 0 0 
0 0 0 0 0 0 0 0 0 0 0 0 0 0 0 0 
0 0 0 0 0 0 0 0 0 0 0 0 0 0 0 0 
0 0 0 0 0 0 0 0 0 0 0 0 0 0 0 0 
0 0 0 0 0 0 0 0 0 0 0 0 0 0 0 0 
0 0 0 0 0 0 0 0 0 0 0 0 0 0 0 0 
0 0 0 0 0 0 0 0 0 0 0 0 0 0 0 0 
0 0 0 0 0 0 0 0 0 0 0 0 0 0 0 0 
0 0 0 0 0 0 0 0 0 0 0 0 0 0 0 0 
0 0 0 0 0 0 0 0 0 0 0 0 0 0 0 0 
0 0 0 0 0 0 0 0 0 0 0 0 0 0 0 0 
-3 -18 -36 -14 -13 -9 18 -9 30 13 -6 -11 -11 -4 17 -8 
-6 15 -24 24 -6 8 -16 1 4 4 5 37 7 -2 -21 13 
15 -4 3 13 -30 10 -5 -8 -2 6 23 -11 -13 24 -5 -11 
-24 10 -21 -4 5 -3 -12 1 -5 -4 32 21 -7 -5 2 16 
-4 -12 24 6 -26 5 6 -19 3 -19 -19 15 -4 14 14 6 
-1 9 29 17 20 -5 -11 16 -5 -2 0 6 9 -7 -2 -1 
10 -3 -9 21 -30 -15 17 5 34 -1 7 -32 -9 14 0 16 
1 16 -30 52 34 -4 -13 3 13 -48 1 11 -3 -17 6 -5 
14 17 5 -3 -7 -41 -12 -44 -27 -9 24 -4 -57 -6 -31 3 
-7 11 9 2 5 -11 15 6 -30 -9 1 3 10 4 -19 23 
26 -13 2 -8 8 28 4 -5 -2 1 24 6 32 -7 41 18 
8 -2 27 -28 -38 27 45 -7 -18 -25 13 -22 -41 23 -2 -16 
0 0 0 0 0 0 0 0 0 0 0 0 0 0 0 0 
0 0 0 0 0 0 0 0 0 0 0 0 0 0 0 0 
0 0 0 0 0 0 0 0 0 0 0 0 0 0 0 0 
0 0 0 0 0 0 0 0 0 0 0 0 0 0 0 0 
0 0 0 0 0 0 0 0 0 0 0 0 0 0 0 0 
0 0 0 0 0 0 0 0 0 0 0 0 0 0 0 0 
9 2 -10 -26 -25 -24 -3 -5 -6 -16 -51 39 17 -20 -8 -25 
5 -1 -28 7 12 14 16 2 -15 -2 -34 -7 -22 5 -34 -10 
30 31 29 -32 -22 5 -5 10 22 10 3 3 -19 -5 10 -15 
-38 2 -10 26 -52 15 -6 2 -3 7 21 -29 23 15 7 21 
14 -36 8 -7 -5 41 -38 4 4 -6 12 -4 11 -39 4 -13 
6 -31 19 2 -21 12 3 16 -7 20 7 -27 -16 20 -5 -42 
0 0 -2 2 0 0 0 1 0 1 -1 -1 1 1 -1 0 
2 0 0 0 -1 0 2 -1 0 0 0 0 -2 -2 1 1 
-1 2 0 0 -1 2 1 -1 -1 0 -1 -1 0 0 -1 1 
2 0 -2 0 0 0 1 -1 -2 1 -1 1 -1 0 1 1 
-1 1 0 -2 1 -2 1 1 0 0 0 -2 -1 1 0 -1 
-1 1 -1 1 -1 -1 1 0 1 0 0 1 1 -1 -1 2 
-22 24 -13 45 -12 -20 -28 -9 7 -14 28 -25 -27 3 6 48 
-29 -32 -29 4 33 21 -4 0 16 13 -19 20 -12 -19 -36 -5 
8 -27 5 21 13 29 -7 -24 18 5 22 -11 -25 -4 -19 10 
-2 -6 21 0 1 -12 5 12 -13 20 -13 -4 -29 -4 0 -13 
31 17 28 15 10 -2 1 -14 22 -33 -10 21 -22 -8 -12 13 
-25 18 23 -15 -7 5 6 15 -12 5 36 2 9 -1 4 3 
0 -5 10 11 -4 -10 -3 -7 15 2 -2 -5 0 7 -11 -6 
4 4 -5 1 -6 -8 4 -7 -12 -8 10 10 -2 4 -15 2 
3 0 -14 2 2 -1 7 -6 -4 13 8 7 -11 0 -1 5 
-6 10 -8 8 -2 -3 -5 -1 2 6 -14 -6 -5 -2 4 5 
2 -3 -5 -9 -1 1 6 -4 6 -1 6 -8 -7 -8 8 10 
-2 1 -3 -1 4 0 -5 5 -1 18 1 -5 13 -3 2 -4 
0 7 2 4 3 -2 2 0 -2 -2 1 0 -2 -1 2 -5 
-3 -1 -2 -2 0 5 -5 -3 -4 3 0 -2 7 3 -1 3 
-4 -4 -1 -1 1 2 -3 -2 0 -2 1 -1 0 -4 1 -2 
5 -1 -5 0 -1 -3 -2 3 2 3 -1 -2 -3 2 4 1 
0 -3 1 3 4 -4 -1 -3 5 -4 -1 -2 0 -1 -3 -3 
-4 2 -1 -4 3 1 2 0 -3 1 3 1 1 -1 -3 2 
0 -38 -6 -12 21 -14 -10 -27 7 5 12 -1 0 -4 57 -4 
8 10 -42 -16 16 -26 -21 12 -12 -57 13 16 7 3 28 12 
-19 -29 17 47 -25 -11 -46 14 9 10 32 -40 7 -9 -8 16 
6 12 -33 -15 -7 22 0 -7 50 9 34 4 -7 -8 5 2 
4 24 -17 7 20 19 6 -27 -23 0 -10 -5 5 -10 -30 -46 
15 2 22 -69 9 2 9 0 11 -35 -4 -2 7 14 3 -25 
-27 5 5 4 -7 45 18 -25 -4 -35 -15 10 10 30 15 8 
-7 -27 16 26 -28 -25 28 -37 11 19 1 -36 -10 -25 1 -11 
-24 -1 -38 45 -8 13 -2 4 -14 23 28 -35 -3 22 -26 12 
32 -11 13 2 14 42 -8 33 -24 -19 -11 22 -18 10 32 -4 
-30 27 8 23 -16 18 -17 -13 0 -51 7 16 -29 -13 32 -3 
-23 -6 21 -1 -17 -14 13 9 39 6 -28 -20 13 18 -9 12 
-15 26 -27 -21 -9 -8 -20 34 12 -24 25 -14 -23 21 -22 -2 
43 -10 -15 -2 18 -27 -26 16 6 -5 -16 16 -29 -23 -21 -13 
25 -6 3 22 4 -6 -12 4 -29 8 -2 -19 -6 -39 18 8 
11 -18 1 1 -8 11 39 17 -23 -6 -49 45 2 -16 -34 3 
-17 -42 24 15 -21 7 0 26 -3 -18 41 25 22 3 5 23 
17 -3 -29 2 -1 7 2 35 -13 -30 18 1 -21 23 -16 -6 
-8 -3 -24 -16 -14 -25 -2 7 7 2 -18 0 -7 10 10 15 
-9 2 -24 5 12 5 9 -4 4 -8 -4 26 4 -12 -9 -9 
-2 -6 6 -1 10 -3 -13 -6 -6 8 12 -14 -14 -2 -19 -10 
12 4 -2 3 -11 6 0 -16 6 -7 -13 -1 6 10 -1 7 
7 3 -5 -6 1 7 -15 9 15 -1 -14 3 15 -9 9 -11 
3 1 0 -1 -13 1 -2 -6 -11 -18 4 4 -6 -2 5 -10 
-5 5 1 2 -8 8 13 -7 2 -2 13 -14 6 1 5 -7 
2 -3 -3 -6 0 -4 -6 4 -6 1 0 2 7 2 4 -4 
-1 -4 1 5 -7 4 -1 0 5 8 -5 -7 -6 2 -2 0 
4 0 -3 -1 -8 3 -5 4 3 -6 6 4 12 0 8 -3 
0 -1 1 7 -3 9 0 1 -4 0 -13 10 3 -1 11 3 
-3 -6 12 4 -6 12 -1 2 -4 1 -2 1 -2 -8 -13 3 
-36 -10 10 -4 16 -21 0 38 23 7 5 -14 -18 21 21 -9 
-28 8 -19 1 -5 -11 -7 -17 21 -22 -12 41 -36 16 -20 -9 
-27 -16 -14 -4 18 16 2 -27 6 21 22 2 5 11 -34 -28 
-15 -3 13 -13 -2 -14 5 -30 -4 8 19 -19 6 25 -4 -6 
-3 30 11 31 -3 8 -6 -32 -23 2 -33 -12 -14 12 32 -7 
14 1 37 -5 29 -12 -1 -43 -10 12 -25 -24 19 -22 -2 -3 
0 0 0 0 0 0 0 0 0 0 0 0 0 0 0 0 
0 0 0 0 0 0 0 0 0 0 0 0 0 0 0 0 
0 0 0 0 0 0 0 0 0 0 0 0 0 0 0 0 
0 0 0 0 0 0 0 0 0 0 0 0 0 0 0 0 
0 0 0 0 0 0 0 0 0 0 0 0 0 0 0 0 
0 0 0 0 0 0 0 0 0 0 0 0 0 0 0 0 
-7 58 5 31 25 -1 -15 -3 -12 -16 -15 -21 14 20 17 -9 
7 -1 -32 0 25 7 -17 13 -39 1 2 0 37 -20 -22 -4 
-43 -62 31 6 20 -3 -41 -14 20 9 7 -34 -6 -36 -23 5 
11 4 -30 13 11 -9 -2 29 -1 14 17 8 7 1 24 21 
18 -12 -10 22 24 -20 20 -19 13 -21 -1 -6 -9 2 -11 -15 
-17 21 1 -28 4 -8 27 -9 1 28 8 6 21 0 8 12 
-2 9 1 -1 -12 -5 -10 2 4 -3 -7 3 -12 12 -4 4 
-9 5 -1 7 -1 4 8 0 9 -6 -6 1 7 -1 -4 -12 
-3 -3 1 -2 -3 -3 -4 4 0 0 5 -5 -9 2 2 10 
0 -16 1 1 7 2 -6 4 -9 -5 7 3 4 2 0 4 
11 -1 3 3 3 12 -11 -5 2 -9 0 14 5 -2 14 -11 
-10 9 -2 2 -9 -10 4 1 1 -6 2 -15 -4 16 7 2 
0 0 1 -1 -1 0 -1 0 1 0 -1 1 1 1 -1 1 
0 1 0 0 0 0 1 1 1 0 1 1 -1 0 -1 -1 
1 1 0 -2 0 1 0 -2 -1 -1 -1 0 0 -1 -1 0 
-2 0 0 0 0 1 0 -1 -1 0 -1 0 1 1 1 1 
1 0 0 0 0 1 0 1 0 1 0 1 1 -1 0 1 
1 0 0 1 -1 0 -1 0 1 1 0 -1 -1 0 1 -1 
11 23 37 24 -31 10 2 -28 -7 4 27 37 1 7 3 -22 
-53 20 18 10 8 -13 -9 -14 -1 10 -4 18 -15 1 14 -19 
-41 -1 -3 22 12 -1 19 -5 -12 19 14 34 -47 25 3 8 
4 -24 26 -21 22 -36 0 8 -15 0 -1 -15 -18 16 -24 7 
1 4 5 30 13 24 -1 -26 33 -7 -4 -11 -7 7 11 54 
-33 16 0 22 0 -10 37 -17 -30 50 -27 5 39 -32 31 11 
0 0 0 0 0 0 0 0 0 0 0 0 0 0 0 0 
0 0 0 0 0 0 0 0 0 0 0 0 0 0 0 0 
0 0 0 0 0 0 0 0 0 0 0 0 0 0 0 0 
0 0 0 0 0 0 0 0 0 0 0 0 0 0 0 0 
0 0 0 0 0 0 0 0 0 0 0 0 0 0 0 0 
0 0 0 0 0 0 0 0 0 0 0 0 0 0 0 0 
35 14 53 29 -6 9 -9 -2 -9 -40 17 34 25 30 5 15 
-9 -5 15 -8 9 -60 -32 -10 -14 -24 -13 -23 -7 -8 -6 46 
2 5 3 -6 -17 18 -1 10 -16 -22 1 -1 -31 6 -32 48 
-44 -10 16 -2 -24 19 -4 45 -28 -39 9 -9 17 -15 -24 -17 
8 -1 -2 37 4 23 2 -37 -29 37 10 -45 25 -8 -3 -6 
6 34 27 -16 2 3 66 -2 -5 29 31 21 -17 9 5 2 
