117 130 -233 353 33 3 349 -9 -206 -263 403 137 -177 253 144 156 
33 45 23 31 -66 49 7 -9 -73 69 104 91 -26 -8 95 99 
70 136 8 69 -20 63 -46 35 23 1 59 79 49 -60 -10 19 
16 -95 10 -50 -45 39 -58 -70 -29 -74 -57 11 -10 14 -54 137 
-28 -10 -32 9 17 -97 55 76 -34 5 61 26 17 11 -31 -22 
20 -44 -73 66 -150 -32 -131 71 109 -89 28 45 -64 -7 8 -19 
-25 -65 61 67 -46 88 -42 -34 3 -16 -42 16 -71 24 -50 -14 
106 -54 -88 79 27 13 -3 -126 0 0 0 0 0 0 0 0 
18 59 92 -6 -41 86 -95 4 41 -49 54 -71 -150 -14 10 121 
102 18 -33 4 86 66 6 -71 0 0 0 0 0 0 0 0 
-27 -21 8 -32 9 18 -13 -35 -47 -21 -42 -15 40 38 -29 14 
-34 29 20 68 -22 -8 -9 -9 0 0 0 0 0 0 0 0 
-115 -136 10 27 1 133 -16 -42 -113 -9 -6 150 93 71 153 8 
-58 52 -12 61 -73 69 -91 -20 0 0 0 0 0 0 0 0 
67 -44 2 -46 -67 -3 122 -92 -35 -185 -47 -15 -73 -32 -13 10 
-70 82 43 6 8 -12 -29 37 0 0 0 0 0 0 0 0 
21 17 53 45 3 -28 -59 100 15 51 33 20 41 11 -42 71 
31 86 -61 27 -35 -68 0 24 0 0 0 0 0 0 0 0 
77 59 -12 -4 111 65 61 -44 49 -60 -11 10 -19 -30 -28 -54 
12 -48 -32 -87 54 -43 -54 53 0 0 0 0 0 0 0 0 
-70 23 3 -21 -116 25 35 23 -34 -73 -2 -23 -3 34 -4 42 
49 28 -30 -24 -2 33 -25 -41 0 0 0 0 0 0 0 0 
-12 -73 19 13 41 -74 25 32 -48 -93 10 -26 77 8 -1 44 
117 -10 70 20 66 -43 -8 -51 0 0 0 0 0 0 0 0 
-21 -57 -99 17 -101 16 16 -35 -12 -68 12 7 -22 58 12 22 
25 25 10 -1 -12 52 -41 -59 0 0 0 0 0 0 0 0 
30 18 3 -90 -43 -26 0 -62 27 -11 -65 -81 42 -59 86 2 
-31 -75 -91 -8 15 -1 -48 -69 0 0 0 0 0 0 0 0 
-84 -22 50 2 31 145 -123 27 -37 67 120 -4 29 -5 -27 148 
59 63 -161 42 -141 39 -6 22 0 0 0 0 0 0 0 0 
97 -101 -53 38 28 67 47 -28 37 -53 89 58 -6 69 24 -50 
9 124 22 -36 -34 2 68 31 -115 -56 -21 70 1 -3 -56 24 
-42 -80 -47 -33 21 30 12 61 0 0 0 0 0 0 0 0 
-26 11 91 75 -60 -48 78 6 7 -60 21 29 -44 10 -14 42 
-81 96 -39 8 -152 60 31 6 -36 6 51 -77 79 108 1 -10 
-16 6 -45 -27 49 -10 44 -90 0 0 0 0 0 0 0 0 
39 8 3 8 -63 109 29 49 -29 -6 -35 75 -15 -61 -58 36 
-44 -10 -56 -120 66 2 -74 104 68 32 40 11 13 61 26 -11 
-62 70 -2 46 -50 33 8 -112 0 0 0 0 0 0 0 0 
-86 -52 -13 -36 18 56 -32 44 104 83 -37 -187 -1 23 -40 -21 
-8 54 54 46 -100 -124 -35 -90 -73 -65 -50 81 -3 86 40 -17 
-69 9 109 70 75 45 67 31 0 0 0 0 0 0 0 0 
12 -69 0 -97 -24 -6 16 -102 -145 -30 -5 -16 -107 -10 11 91 
123 49 143 99 -16 -39 -42 59 -87 38 24 -32 92 -2 -4 36 
-75 -80 -60 111 -97 13 11 56 0 0 0 0 0 0 0 0 
-50 -74 -4 48 25 57 -1 -7 34 -52 -140 -5 12 -51 15 -15 
24 -60 -73 7 43 53 41 0 -48 -1 -83 18 -75 60 -83 44 
65 -73 102 12 2 61 65 -8 0 0 0 0 0 0 0 0 
15 13 -24 42 32 24 15 24 41 -56 66 41 -40 -24 -9 53 
89 -28 -14 -39 -48 -44 14 -99 -33 -36 50 -2 -103 49 -39 45 
15 -121 35 16 -21 75 35 -21 0 0 0 0 0 0 0 0 
36 -1 -48 -96 -21 -23 -65 -1 2 19 22 -49 -19 97 -63 -23 
67 60 -47 37 -72 -8 -27 10 -76 -41 6 -78 30 -70 -10 -7 
-22 53 -75 80 56 -50 14 6 0 0 0 0 0 0 0 0 
22 -20 -97 -56 16 17 -43 37 32 40 24 -10 -60 37 18 113 
90 61 -58 -65 -14 -166 18 75 -37 11 48 32 -38 144 105 -31 
23 12 148 -46 -2 53 34 -22 0 0 0 0 0 0 0 0 
-21 -60 33 85 -11 92 -94 36 -27 -20 -35 -2 31 -38 86 75 
14 51 77 17 -41 -62 -5 60 -28 -34 -104 26 71 -104 10 -60 
86 -18 120 36 -112 -18 71 44 0 0 0 0 0 0 0 0 
-30 -86 -58 22 -36 48 1 8 16 5 -24 -91 -12 132 8 -38 
54 -45 -28 -81 -75 -16 -11 -50 -40 -36 16 45 -165 69 53 -1 
4 -42 -8 -41 75 33 29 73 0 0 0 0 0 0 0 0 
-56 9 54 110 92 -1 -28 79 31 -7 45 -55 -60 -1 64 85 
-49 26 -8 -18 5 -78 -28 20 -56 -62 42 -57 -37 66 -77 -63 
99 -83 113 -26 -13 20 13 42 0 0 0 0 0 0 0 0 
-35 -17 75 -81 -7 14 -79 -3 -46 -24 22 -38 45 22 62 89 
-28 19 -12 0 0 56 -43 88 36 -86 -49 -57 -2 -58 -55 12 
50 26 -38 35 -8 -67 -72 -55 0 0 0 0 0 0 0 0 
46 33 85 -32 26 49 30 -91 49 -151 32 42 -62 93 56 28 
-69 -64 -105 -15 -54 71 46 -15 17 -41 -152 -72 -11 -24 -40 36 
51 -13 -113 -54 84 -8 -17 -75 0 0 0 0 0 0 0 0 
25 -128 101 58 46 -57 64 11 -45 23 -11 67 -142 0 43 26 
37 19 -44 -38 -63 8 -43 -44 23 -92 41 49 36 159 -12 -43 
71 -21 -43 -42 -71 -2 -78 95 0 0 0 0 0 0 0 0 
-41 -69 9 -84 3 -10 -60 40 -62 -10 -90 29 -5 -19 19 70 
-60 -16 1 -4 -21 19 -19 55 -67 -55 19 -105 40 40 -33 -96 
-17 -1 83 -6 -30 -114 61 -20 0 0 0 0 0 0 0 0 
-11 43 23 -25 -55 -65 2 12 -47 -1 39 -8 -88 30 4 -20 
7 -63 -19 40 10 52 -54 3 -16 -96 -29 -60 55 -80 7 -7 
-31 -7 13 6 22 -31 -20 4 0 0 0 0 0 0 0 0 
-24 4 39 112 -56 -13 28 57 -67 -4 143 14 -43 24 22 -3 
-4 -9 -95 47 23 50 -47 -39 33 -2 -11 45 29 -75 -36 14 
-54 -18 37 -25 -13 -1 -20 33 0 0 0 0 0 0 0 0 
3 51 17 35 -29 -26 4 -35 50 -68 -15 22 -16 32 7 -64 
-42 18 -48 14 -1 12 18 -46 43 -32 -28 -8 -57 63 -42 -2 
-51 -2 -47 32 121 -62 37 4 0 0 0 0 0 0 0 0 
-37 -54 9 -101 -10 -14 -53 23 -66 -25 -51 -47 7 6 -53 10 
-1 71 35 20 2 -24 91 -28 -2 -72 -71 -99 39 -7 3 12 
-25 41 7 17 42 44 99 42 0 0 0 0 0 0 0 0 
-53 7 28 63 35 -6 21 -7 -73 42 15 5 18 21 -44 3 
-81 51 103 -137 20 12 30 -38 30 105 61 -38 30 21 15 71 
-25 -14 19 -103 -45 -36 -9 1 0 0 0 0 0 0 0 0 
-50 -43 87 14 32 13 -1 -57 6 -99 -86 65 -37 16 49 -59 
18 -22 61 -7 96 36 -16 -18 -6 11 -61 -1 56 -26 91 -12 
-31 -3 35 -61 39 -61 -38 -31 0 0 0 0 0 0 0 0 
-2 -36 -18 -2 -1 65 -77 -23 9 43 39 2 26 -18 82 78 
9 62 100 -26 41 2 20 -48 -118 -56 0 96 39 -5 -45 16 
27 23 113 67 -4 -45 125 12 0 0 0 0 0 0 0 0 
-39 89 34 -8 4 2 -5 -28 64 -34 21 7 22 21 -58 -103 
23 -6 22 1 27 -39 -56 -40 -54 37 53 -22 -33 23 -66 49 
26 13 0 -59 38 4 64 8 0 0 0 0 0 0 0 0 
2 -73 -6 -17 1 32 50 32 23 -41 12 -17 -34 53 60 -93 
48 -41 6 54 48 -75 35 -38 36 63 46 29 -17 80 8 -8 
-23 -31 -14 2 -9 -7 -26 38 0 0 0 0 0 0 0 0 
9 93 87 -21 -86 -9 -14 6 19 73 -58 38 22 -35 -48 32 
-25 20 -18 63 -17 62 -57 -26 -5 -58 17 -3 4 -72 24 -18 
-2 17 15 3 5 -22 14 17 0 0 0 0 0 0 0 0 
32 10 -11 -22 26 60 9 -27 8 22 -47 -44 91 10 105 -9 
-14 -22 -44 -13 53 -52 5 -52 -9 19 -9 18 -49 62 37 -37 
-38 -29 -14 -52 -32 44 -17 48 0 0 0 0 0 0 0 0 
64 12 -9 76 15 0 -8 -84 24 38 -6 -15 -52 42 -43 -46 
-39 -21 10 -4 23 18 -16 -43 47 65 7 51 28 97 29 23 
-5 -16 -14 44 65 -58 25 -11 0 0 0 0 0 0 0 0 
-3 -2 -83 -34 -5 -6 3 -45 -10 5 4 17 41 30 43 -58 
7 -50 -60 34 1 -55 -56 16 -18 -36 -34 28 -59 23 26 95 
-29 57 -65 38 5 -1 -8 81 0 0 0 0 0 0 0 0 
19 -8 17 81 -32 -23 34 -6 44 -31 -51 10 -4 -1 57 68 
16 -52 -132 -135 -19 -39 86 14 -54 6 -68 -10 6 -41 17 79 
22 -113 47 -23 -52 -39 -66 15 0 0 0 0 0 0 0 0 
0 -40 -18 36 64 -17 -39 -14 41 -19 -24 58 23 -13 -14 49 
-11 6 -15 -38 -33 12 26 -55 -65 50 -50 33 31 22 -15 3 
-9 -53 -47 25 -30 25 18 27 0 0 0 0 0 0 0 0 
-16 -2 50 73 33 -18 -29 -24 61 56 -7 17 -9 19 17 -31 
-37 -9 28 -33 43 -15 10 -15 -58 12 -33 13 -35 21 -9 46 
18 -23 9 -20 50 -18 34 16 0 0 0 0 0 0 0 0 
22 -20 -12 -18 -25 -14 0 -13 19 -3 -2 33 -14 -1 -13 -6 
8 30 19 -13 21 -4 -26 -7 -10 -12 36 34 47 -10 7 5 
-38 33 -15 23 -29 -31 -26 26 0 0 0 0 0 0 0 0 
24 11 13 -46 23 13 11 5 -24 -23 -14 -15 -55 61 1 16 
32 27 32 47 -5 39 7 -13 -42 7 45 -47 -17 -3 -64 -30 
55 -20 -14 4 6 -28 -1 28 0 0 0 0 0 0 0 0 
-7 16 3 -25 25 24 33 -21 -42 9 -56 1 24 -10 25 -28 
37 2 23 4 14 34 -21 -20 -1 33 -39 -46 11 47 -5 40 
12 -11 33 19 15 29 -11 21 0 0 0 0 0 0 0 0 
-74 -21 4 -8 77 70 1 28 46 -38 -25 27 -25 14 -116 -14 
60 26 -25 72 48 -71 -32 -16 52 53 47 -24 18 -49 -13 23 
-15 -12 29 28 -46 -33 -31 4 0 0 0 0 0 0 0 0 
25 -40 -8 -32 33 -22 103 -9 0 46 12 34 -62 6 -42 -9 
7 43 48 25 25 30 -16 -19 -37 60 56 -33 -56 -24 -37 54 
14 -43 39 -8 12 54 -9 14 0 0 0 0 0 0 0 0 
-25 -89 1 -42 87 -40 -71 27 7 34 95 -44 2 59 -11 -26 
8 -43 62 1 95 -6 2 38 41 -18 -23 60 40 47 40 10 
-105 -42 -39 -49 54 -25 14 -48 0 0 0 0 0 0 0 0 
45 -37 43 177 48 -43 -11 -2 45 36 13 -35 12 54 6 41 
-23 -54 -65 -42 -6 -34 -59 11 -34 -2 148 99 13 6 29 -10 
-73 -37 3 45 46 12 -97 -30 -45 37 -69 54 69 44 33 40 
45 -64 -3 -124 4 -25 28 68 139 -34 31 56 -60 -36 -29 -57 
88 2 7 -89 -12 -29 18 72 -13 -7 -44 -65 -24 -23 49 -38 
37 48 0 25 34 7 53 65 9 102 -62 44 96 8 -41 -5 
33 -20 16 -12 93 128 -40 -34 -78 -58 12 -52 95 -48 -107 -7 
18 -20 82 55 -93 136 85 -5 -75 -15 -25 24 19 -14 98 0 
21 -91 35 -77 -5 74 -12 59 -48 -87 -32 14 -124 -47 52 137 
41 20 58 -25 -61 24 16 61 16 11 -3 57 -68 29 -18 66 
-23 -59 8 68 47 47 4 6 75 -39 -36 -33 8 35 -44 -22 
28 -46 -37 19 74 14 -74 -38 12 38 56 -44 37 56 34 53 
43 22 -57 66 -1 -84 -82 22 -28 -25 -18 -35 -24 -47 88 2 
-16 -60 92 30 -16 84 37 -17 77 21 47 9 3 30 -8 60 
-12 0 -42 -83 71 21 -4 60 61 123 -8 53 -18 42 61 18 
60 -60 58 70 81 -89 -13 -38 -6 23 -30 47 55 104 3 77 
45 -75 53 28 67 -5 -36 -26 -6 0 -57 11 -46 32 51 3 
37 -22 -31 50 -20 52 -30 30 57 56 -53 -7 69 34 47 -45 
-108 -49 8 -90 105 -97 -25 8 -79 62 -56 -11 -54 44 32 -13 
5 -14 -30 -88 80 23 -12 2 11 -13 10 33 -48 -52 48 -92 
-75 -20 62 -62 -81 21 30 -16 -19 80 -145 151 -34 72 -76 -45 
31 -13 -19 29 -21 24 -15 -42 27 -20 -32 67 3 81 128 43 
-42 -32 10 -2 -1 36 42 25 12 -25 -86 -11 27 132 -6 -8 
43 -1 94 45 -71 -36 21 96 22 -69 -60 67 -66 -29 -34 -71 
54 -38 43 18 19 64 -23 32 74 -4 -24 -1 -11 -61 2 54 
-47 33 54 -22 50 -57 7 1 -59 -21 -19 -4 18 7 -7 -101 
91 -70 45 -23 0 4 3 -55 -8 -8 19 -28 -120 -65 -54 -55 
28 53 -39 0 -39 27 33 21 58 26 50 20 -6 61 -20 77 
35 9 -19 6 17 84 39 5 2 27 43 -41 56 -25 -33 52 
-6 5 9 19 53 -22 59 58 -4 43 43 -8 1 13 33 27 
-56 2 27 -6 -28 3 -1 38 -13 -76 -28 50 -23 -22 -44 48 
43 13 2 -62 -41 25 0 27 9 -19 26 -3 50 -12 43 -83 
3 29 23 -11 66 66 -13 -35 0 18 -71 -13 -30 38 -5 55 
-5 -22 70 -39 -44 49 11 -62 -4 8 11 72 17 -16 -44 61 
-50 -7 -5 -30 -23 49 -58 35 11 8 -23 -35 12 20 -17 -9 
0 24 7 -23 -20 -10 -56 15 -44 53 0 -22 -10 -84 -51 10 
-45 -21 16 -43 28 22 17 -58 7 33 10 25 -42 -10 31 37 
5 28 -3 29 -27 33 13 -12 -42 19 79 26 44 -8 42 -46 
-48 49 26 -45 -72 -41 -20 -8 -6 -69 -21 65 -30 -43 -47 -2 
-47 -53 30 -78 66 -26 -7 -23 76 15 54 2 -32 -5 -63 -33 
-2 -30 -52 90 -9 24 -1 5 -24 -31 80 -52 -45 17 -46 -25 
-1 4 -10 60 -55 -13 60 77 69 -8 1 -69 43 107 -2 46 
-77 -23 -38 -62 39 27 -27 14 21 0 50 -35 -12 -44 -61 -21 
33 14 29 -2 -63 -22 75 43 -13 33 57 -7 20 -54 -33 1 
-23 11 49 -3 -28 -30 -45 -3 10 -76 -8 2 40 -88 -17 -28 
0 -38 28 -26 -27 1 37 -60 13 41 -7 -11 22 23 -45 -45 
-37 -42 -5 1 5 26 -12 14 -16 29 37 -8 -65 -26 -24 35 
45 40 9 -18 -67 -41 6 48 -11 -39 -44 20 32 30 -41 9 
-47 13 11 46 -7 45 12 80 27 -5 57 -36 -9 19 100 -15 
34 119 -50 -42 -21 -34 2 -20 54 67 26 80 -4 32 -51 2 
46 33 -32 -62 -21 8 -32 3 26 4 21 -71 36 29 -60 27 
11 -1 -54 6 -54 73 -14 40 -5 -49 -37 -53 31 -22 -27 -32 
47 -11 8 -16 54 -15 44 -50 -37 -21 56 23 21 21 -26 0 
2 88 -69 -17 -57 -4 46 -39 6 51 -41 -47 -16 -20 70 47 
46 19 -10 75 15 -20 26 18 40 18 -6 9 11 18 -26 19 
19 -3 -20 -15 5 8 -13 -34 -8 -15 15 -45 15 -20 -34 25 
-4 -42 -7 -18 -60 -13 -7 -20 -23 40 51 -11 -113 8 2 22 
-61 -26 -15 35 -1 28 -47 5 -15 -19 28 -35 5 18 -7 30 
-16 0 -22 15 39 76 -64 -31 -22 -3 2 -17 68 -22 26 1 
-37 45 13 -13 -15 -15 46 -7 47 -49 23 72 -10 13 83 -11 
51 -1 -41 36 11 -56 -10 -24 -68 -31 -11 13 2 52 -27 26 
-43 -33 58 -13 -42 -41 -20 -37 11 6 -34 -25 18 -4 13 -40 
-45 -22 58 28 -60 20 4 -60 35 18 30 -30 -39 2 -18 -23 
-23 -38 6 -69 -51 24 41 -16 43 104 10 -21 67 76 39 -17 
34 -18 -36 8 19 -66 -47 -28 -58 0 -13 -59 -24 -25 14 28 
-29 18 1 -9 -23 -11 -20 13 26 -28 -1 70 -29 -26 -30 93 
-25 -8 6 54 0 -6 -8 30 -9 10 -29 -55 -1 -25 -16 -55 
-35 -12 72 -5 -16 -51 47 22 -29 -15 51 -37 -2 8 0 -8 
-51 -70 70 -22 34 -77 32 -17 -1 -19 41 0 -47 46 -11 -8 
6 21 26 -10 66 16 38 6 -25 54 -27 -1 -57 -8 51 13 
-31 -30 22 29 13 20 -20 -56 -18 23 26 44 16 -2 13 3 
3 53 120 24 27 -28 54 3 31 -19 -18 39 -16 -8 -43 -98 
40 -76 32 51 0 -37 -20 56 -37 -9 1 49 -16 12 16 -21 
-21 -2 -40 45 17 38 15 49 27 -44 -63 -9 5 -26 -15 12 
53 -31 21 -19 -7 31 44 8 -19 24 64 20 -33 59 11 31 
-37 -11 13 -28 -2 19 -69 -29 44 47 26 13 8 9 24 -10 
38 91 32 39 -69 -42 26 22 21 70 -58 62 -26 34 -15 -20 
37 31 -2 -33 -20 77 21 -18 -23 -80 52 37 21 -12 -42 3 
32 -38 2 11 -75 -16 23 -24 17 -21 -25 -14 7 19 -32 -29 
-34 -41 -10 42 -18 4 -40 20 -22 -44 -64 -66 13 0 5 8 
-30 27 -19 2 -12 -29 52 40 48 59 -2 -36 -28 -70 20 -13 
31 -5 -30 0 3 -17 11 2 7 19 19 -20 10 37 1 -27 
-2 21 19 -20 -71 6 -22 -24 9 -33 11 -10 -7 9 -14 0 
-13 11 -9 32 -4 10 11 -36 18 9 8 25 -3 29 4 -12 
33 15 -5 7 16 10 13 -9 -3 5 20 19 21 25 1 -16 
-18 6 -16 -26 13 -10 30 4 15 -11 -39 27 24 15 -12 -15 
3 -15 -10 -12 48 21 -10 -7 14 19 -31 13 19 -26 30 22 
-24 16 17 -8 -47 -2 8 -23 -13 -5 -31 6 -19 -48 29 25 
-54 4 4 15 -11 16 -23 15 23 10 -34 -36 -20 -11 -19 17 
5 4 26 -13 0 42 -27 -1 14 39 -35 -25 -8 30 -2 31 
-17 2 21 -2 -3 10 20 18 -13 -13 17 13 -12 -13 -25 40 
17 7 1 5 21 21 -17 -13 9 -30 -27 6 -5 10 -8 -41 
-44 26 -32 14 -5 -6 8 18 -5 -17 11 10 -15 3 0 -7 
13 23 10 -20 7 42 51 -5 -7 -18 27 4 -2 -57 26 -15 
65 37 12 -13 -1 48 -24 -44 -19 14 9 -18 11 -9 13 40 
31 -45 46 4 38 33 -41 -24 1 0 9 21 -51 -33 6 -8 
20 -22 -35 -12 -42 -43 -13 38 -8 -28 38 -3 16 -4 -3 15 
-45 -33 49 0 -32 33 -8 11 14 -9 27 13 -37 10 -4 2 
-43 24 33 -14 14 16 16 -12 14 -24 -9 24 28 4 -16 -22 
-6 11 24 -9 -37 2 16 -39 4 -20 -15 47 -24 -26 13 28 
-48 12 -48 28 -5 -16 4 8 12 -17 -31 -3 -12 9 3 -28 
-33 -3 38 13 52 -13 19 7 6 12 26 30 -15 24 -39 -1 
6 -10 32 -21 -20 13 15 14 24 1 24 -30 26 10 -7 -15 
16 8 18 7 -44 20 14 -10 -11 1 -27 -51 0 -18 1 -24 
1 35 8 -26 5 -27 -4 -4 -31 9 -29 -30 3 -46 22 -16 
17 19 -5 3 -31 -3 6 -10 -29 -31 -44 25 29 12 -35 12 
-49 -25 -12 34 14 -8 12 -12 28 4 -20 19 -8 18 -26 -7 
-17 13 -8 -55 39 -22 -40 -50 23 13 -24 8 14 -14 -37 -31 
-6 14 -40 29 6 -31 13 -13 1 0 -37 -20 -2 32 14 5 
10 0 -19 31 29 -9 -24 49 37 -10 6 -80 14 -33 8 -25 
29 -5 -16 16 -6 34 0 17 2 32 19 -10 31 15 -18 -9 
36 -49 10 4 28 18 -34 -9 12 5 53 -62 -10 -26 -34 21 
47 -1 76 28 -2 22 -34 -66 13 -7 42 8 -41 0 -52 -4 
-22 -42 -20 56 -2 40 -25 -13 -12 -27 39 23 1 1 32 -22 
34 12 35 2 0 -7 -36 1 -27 -42 67 37 -15 -45 19 -67 
-34 15 73 30 -68 -13 -4 22 -20 32 -34 89 -29 -16 -23 34 
18 -31 67 -68 1 11 14 -14 22 39 -16 15 46 -10 38 8 
-2 -4 -8 2 -78 -18 62 18 50 12 21 -47 -4 40 16 43 
4 8 -53 41 23 8 33 10 7 27 -25 28 -5 -6 -5 -31 
0 3 14 -10 30 -19 36 -4 -5 1 6 18 -41 25 -29 14 
7 17 32 3 22 15 9 -30 -37 2 -37 33 -5 18 -26 28 
-3 24 -10 31 -25 42 9 -9 -2 15 -6 -12 21 19 2 28 
6 -11 -8 37 -4 -1 -54 -17 17 -3 -46 20 -20 3 21 -24 
-8 26 63 9 7 17 -22 -51 -2 1 16 0 13 -33 -28 1 
-4 16 -3 -18 25 -45 -76 -19 -25 -1 -7 7 -21 9 -6 20 
-12 27 -16 -31 -8 5 3 17 -13 29 -6 -38 29 -22 4 37 
-29 -11 -3 54 34 32 17 -8 -5 -6 -65 12 15 -23 11 -8 
8 24 -27 13 -27 -1 22 -28 -41 6 23 -53 -36 -19 -7 44 
-8 27 -44 20 -39 -9 15 26 -5 20 39 -31 34 -8 -23 35 
21 -53 -14 -54 -19 23 27 -65 -23 -38 -30 38 -21 -37 3 -16 
0 43 24 17 33 -3 -16 -33 28 -34 21 19 -10 -21 18 15 
23 -12 -46 -27 -45 -6 26 22 10 17 14 -14 3 37 -10 -10 
-9 6 23 -2 0 -26 47 -1 7 -15 23 -28 -28 -20 -4 -8 
-24 24 4 -18 21 -17 -33 12 -9 14 12 9 8 -9 39 6 
10 -3 -4 -10 -3 -22 26 10 49 -29 15 20 33 -26 -24 -2 
-17 21 7 2 18 -18 -7 0 -1 -13 -13 15 -20 22 44 1 
14 4 -2 21 -9 -21 2 -9 1 5 4 -3 -36 -6 19 45 
-22 -36 25 9 13 -36 24 -2 -5 13 24 -5 14 -4 -23 6 
-19 29 26 0 -19 -6 -11 16 -8 -19 5 13 13 -4 -4 15 
27 0 20 -2 -11 -8 25 5 -4 -3 -11 -31 -3 -37 -2 -19 
5 21 12 -14 4 -23 1 14 -29 12 -42 -5 -2 -7 18 -10 
9 27 19 36 3 -24 -16 5 3 -33 1 -12 12 46 34 18 
22 -33 0 -12 -3 5 14 6 1 -2 27 10 -7 0 -9 15 
-8 3 -1 20 24 -3 20 -33 19 16 19 -25 12 -34 -62 -8 
-9 14 -21 9 -8 4 -41 29 -16 -24 -28 -15 12 14 26 33 
19 3 -23 11 15 -24 19 2 6 -38 0 -7 -15 -22 -3 10 
-20 1 41 -11 15 -3 17 4 5 42 -23 -14 25 -6 5 1 
60 13 -9 -3 -46 8 45 -10 21 -51 -32 19 24 12 5 1 
7 -50 -8 -80 -6 94 -19 -30 -60 -11 17 -63 1 9 2 -29 
-3 -28 -5 -3 53 62 -13 -57 12 -72 5 16 -17 -40 4 -9 
-28 4 15 17 -33 -16 11 -3 -37 -7 -41 -48 7 -5 19 4 
-20 -35 30 7 42 -35 -25 6 -18 -17 -20 -7 -10 45 -33 -49 
-41 31 63 -30 25 23 21 5 26 -17 -7 15 -9 -43 -35 -33 
-12 -8 14 35 27 13 -45 -1 7 -22 55 7 -41 -16 20 33 
33 -2 -1 19 -2 -62 19 -4 13 -33 -16 -5 -31 -4 3 -18 
18 -19 -6 10 -30 -7 -16 3 -38 -7 11 -35 -1 -26 5 18 
21 -11 -43 39 20 -8 1 16 39 -22 -3 56 -38 -36 -57 0 
5 3 2 44 -29 25 36 -6 -13 -5 23 -11 -49 -52 -30 25 
27 -4 -11 -10 -18 -19 6 34 -20 -7 44 -6 -8 -18 1 -24 
17 1 35 27 12 0 9 -30 18 -27 7 -1 -24 -17 -37 18 
10 -28 17 12 9 12 43 24 17 35 -32 -25 24 -37 -14 -40 
0 17 11 -50 50 -9 20 -17 -23 -21 -29 61 -26 13 16 -34 
-15 2 -24 -6 55 -41 40 -54 5 -30 -44 -35 19 -1 4 -8 
13 -41 37 52 -13 7 5 -1 46 -6 -1 11 10 9 8 -17 
24 0 -69 24 25 28 -39 23 14 -5 -4 -44 0 3 35 7 
-64 22 12 -19 -31 27 18 1 -5 32 13 -2 -27 -12 -12 -19 
8 -21 -15 -4 12 55 10 16 -15 -14 10 13 -23 -46 63 -4 
-6 -19 2 4 19 34 19 26 5 -7 -19 0 -5 -16 8 21 
3 -46 36 -15 0 19 8 -6 1 -1 27 7 -13 20 3 -12 
-9 12 18 -15 -27 40 -15 -6 -1 2 -3 14 1 17 -4 16 
14 9 0 7 0 -35 -42 -14 -27 -21 0 -32 -37 10 -33 -27 
20 19 2 -17 1 -24 19 -33 9 3 -37 6 9 -23 13 -17 
20 -85 -20 -45 21 78 50 -22 -45 71 30 -19 21 -14 38 19 
0 -19 5 -43 42 36 -6 -10 -19 -42 -34 48 30 21 8 23 
5 9 -31 -38 -37 -42 8 -18 -38 -4 39 -24 -11 -9 39 6 
9 46 5 -44 17 6 -51 4 24 -16 7 -31 1 -3 4 10 
-2 -18 -3 28 3 -19 -47 -16 41 -28 -23 14 -22 33 -54 -40 
2 -1 -10 54 11 9 -17 52 15 2 18 -14 -32 17 -17 15 
-28 6 -2 21 11 -17 50 -46 20 -11 -10 3 -7 -21 1 -35 
-6 -6 2 1 39 34 -19 -40 2 9 31 9 -22 -23 -2 15 
15 7 -54 45 -29 -9 -17 6 35 -11 33 15 -11 2 8 -55 
16 7 18 23 16 16 3 -9 20 7 21 -1 -10 -23 -9 -23 
0 14 33 -1 -19 9 27 13 26 39 7 -21 -1 -3 -36 -37 
56 70 17 -27 69 -16 -27 19 -1 -1 3 22 -16 2 -7 -3 
12 20 30 -26 12 40 -12 -45 34 32 -12 -29 54 22 -43 -8 
-54 -17 24 -61 28 -54 -8 -8 5 18 10 39 25 -12 -3 2 
-16 9 28 23 20 -16 -42 8 19 32 23 -51 52 48 14 -56 
26 6 33 26 5 -53 -16 23 11 20 4 9 -49 -41 -16 -32 
21 -4 9 -62 -20 15 -23 -21 -25 16 7 -45 33 -3 12 25 
-4 33 57 4 28 26 0 -21 -3 -32 14 -7 -12 -43 38 -16 
0 30 21 1 36 -3 -22 -22 10 -1 8 -21 18 3 44 -13 
-6 -64 6 6 -27 -22 -14 32 19 2 23 -3 3 23 -26 5 
11 14 -4 -7 20 5 -2 67 11 9 45 28 -20 14 -7 -19 
11 29 -47 33 -57 10 -29 -12 -35 4 13 -9 -19 -41 -23 0 
50 -2 11 -18 -13 -33 47 4 -31 -11 12 -11 -9 -19 4 29 
37 -22 11 -29 10 37 14 -39 -31 -2 -43 38 18 -9 10 -53 
-17 56 59 29 -1 -27 -3 20 28 -13 24 -19 5 -1 25 -2 
-30 8 -1 46 -17 -30 15 -16 7 -32 -32 13 -18 6 31 -29 
14 -16 23 -36 13 -61 49 -11 -26 12 -12 1 -20 19 -51 -4 
-22 -16 0 16 3 -30 19 -42 25 11 41 -15 39 12 21 4 
4 -8 -30 8 -22 -24 4 16 -33 2 -31 12 -48 50 53 45 
13 8 21 -28 19 11 -15 -32 -14 -27 -45 27 -32 -37 16 19 
-7 41 -1 -6 24 -18 -52 1 15 8 9 -8 -9 0 -17 22 
-5 -28 -11 8 -4 -19 -43 7 -2 8 9 -13 0 5 -30 12 
11 4 -14 1 26 29 26 58 -7 15 26 16 -10 -26 -19 11 
15 -4 -41 -6 -12 -12 -2 -3 -3 20 -1 -16 1 -46 -25 31 
-4 34 23 3 6 -36 25 -3 -16 -14 15 -24 18 -36 -18 18 
-10 -9 -8 14 4 2 -20 3 27 -6 23 29 -16 18 21 -25 
-15 37 13 3 -3 -2 -9 13 15 -5 1 0 13 3 -26 -13 
1 -25 -10 15 -2 -23 30 14 12 37 -6 0 8 2 22 -8 
-3 2 1 -10 21 -35 9 6 10 27 -19 0 -48 14 -27 -14 
9 -7 8 -8 21 -54 16 33 55 35 15 -12 -39 10 -33 33 
-17 -18 -23 -25 23 -29 -19 -4 3 7 49 21 3 -2 -21 24 
41 -22 23 3 5 31 -31 3 -39 -15 44 9 5 -4 -34 -64 
23 3 14 -30 -15 -2 -52 19 43 2 -7 -55 33 38 65 -46 
-15 37 6 32 -26 43 -3 0 44 34 -45 -13 2 9 62 -35 
8 18 -51 51 -28 -21 -8 -29 59 51 -9 -11 11 51 33 -27 
-34 11 11 -20 -9 -26 -27 1 -29 34 14 -9 -3 18 5 -60 
29 -49 12 -7 -8 20 31 -8 -25 57 1 -15 -14 12 11 13 
8 48 18 21 6 -27 -7 8 0 -34 34 33 10 30 -10 -24 
46 1 -19 -26 -7 -34 -20 -34 -12 -23 -28 -10 -10 24 -9 -9 
-19 10 38 37 54 9 -21 -43 18 12 21 3 -36 -18 -24 -22 
12 -27 -18 -4 -42 -12 -46 -19 -21 5 -2 -16 13 2 -8 20 
32 -12 3 1 -16 -12 24 -37 27 2 -4 -20 -71 -9 -26 -34 
-33 0 35 10 -23 -7 37 -10 1 41 -13 19 25 -6 4 5 
-19 22 22 -11 10 -13 21 -8 21 -51 41 63 -2 -3 -8 -17 
23 18 5 -38 -5 -11 -34 -27 -17 -11 -20 17 -20 31 -28 -2 
-17 -6 60 52 0 -12 -31 -30 16 -10 4 -4 -39 -62 37 4 
14 -4 20 8 -14 -20 4 -5 -25 -8 -32 9 23 52 -14 -20 
-10 -44 -1 6 -17 3 -22 -38 27 -25 34 -46 -50 -29 -6 -2 
24 7 -14 -29 -9 -1 51 -7 -36 35 -14 -26 29 -8 12 22 
-18 13 2 -3 6 -10 -42 -34 -17 9 -59 -21 4 17 11 -32 
-10 -27 -5 -5 -32 11 44 32 -35 15 72 21 38 2 -44 -5 
-11 7 1 -61 17 -65 -28 18 -24 4 -40 0 -9 23 8 -23 
-63 14 6 -12 -8 15 -2 -16 -26 -6 -5 -11 -20 -12 6 10 
-12 -6 15 -25 3 17 32 1 0 3 -8 15 33 -14 7 -14 
-9 2 -15 -1 15 -5 -3 36 -10 6 -29 -25 -5 24 38 -19 
53 -13 23 -10 -18 2 0 -19 -22 22 -27 -12 -9 20 57 48 
-9 11 -13 21 29 10 20 16 24 8 -16 7 55 23 17 -13 
19 19 11 -50 -44 -53 5 8 19 1 -6 -15 -12 33 18 -6 
22 -1 7 -29 -14 -18 18 -11 40 15 -1 1 -37 10 1 8 
25 3 -32 -27 -13 14 31 34 -6 20 4 -36 0 -7 12 21 
11 -5 3 -7 3 13 -4 1 -1 -1 33 -2 -17 26 -17 -4 
-13 28 13 -73 7 44 85 32 -5 29 -16 -9 -3 -29 -7 -96 
19 -45 45 12 47 -15 15 22 33 -4 55 -18 13 -14 -34 -2 
-16 -5 -22 47 -19 -41 -25 -9 -19 -31 0 18 32 -26 26 -31 
8 9 -22 -43 -15 -23 32 -14 3 1 -77 -6 -29 -62 53 9 
-70 -9 7 1 -15 13 0 35 16 16 37 38 -14 -14 43 -13 
-3 -42 -12 13 -20 45 -69 -14 64 -50 7 35 7 21 -47 -46 
12 13 -6 9 0 -39 -5 38 -3 -5 31 1 18 29 -29 18 
40 -30 -52 8 34 24 17 -27 -6 0 9 -17 -15 23 5 19 
-2 0 9 1 7 7 -28 -41 -17 -21 3 -3 -17 -35 -18 -28 
3 -31 13 21 -69 -22 -36 3 -40 8 13 -23 36 15 48 3 
37 26 28 14 -6 39 -28 -20 13 -30 -6 13 -47 -32 -8 -5 
-18 -14 13 -23 -16 13 17 -51 -23 36 -5 1 -39 9 8 -22 
7 23 -7 18 21 -5 -25 16 6 -23 23 -18 -3 17 -4 18 
33 -20 5 25 0 -43 15 10 -50 21 5 1 -26 -17 -16 35 
7 14 -31 14 25 -30 5 -17 -25 18 9 -6 -4 -50 -19 -28 
-14 2 -15 -19 -48 -46 -35 -18 -22 -9 -27 0 -6 -7 35 27 
-1 -45 -13 62 -15 17 40 28 -11 -2 26 7 41 -29 5 -18 
0 23 -17 11 -1 11 -34 -15 -28 10 17 14 3 -12 25 -16 
11 19 42 32 -4 45 -62 -11 -7 7 18 27 -30 14 13 29 
8 12 34 40 4 -25 2 23 30 -11 -4 2 -14 -11 -31 -20 
6 -35 20 0 -18 8 -11 7 15 15 -7 -15 -26 -34 -8 -5 
-7 -16 -15 12 -15 3 0 -4 -9 -8 19 -9 5 -3 3 -20 
9 -11 -4 29 -13 34 10 11 -5 11 -2 -3 5 -35 -23 19 
-2 13 54 -43 -27 21 20 -9 -10 7 42 -54 8 -24 10 11 
14 8 -11 35 6 2 -11 17 -29 -23 4 9 28 24 44 -25 
14 -2 -21 0 -10 -21 -27 -3 20 -18 27 -29 8 -24 -11 41 
-7 -16 -4 49 10 -20 -3 -8 -1 24 41 -3 31 -17 -18 -14 
-6 29 19 13 -42 3 -56 19 -31 3 -12 31 -5 -22 27 -4 
-4 23 -23 -15 17 -26 18 -23 16 -5 37 5 -9 0 -18 -5 
-25 5 37 -20 2 -20 34 -6 -9 53 -9 5 11 20 4 17 
-17 -37 -15 -36 16 -5 -5 16 -40 -12 -33 1 -2 26 14 -7 
-30 -11 -1 -10 17 16 50 20 -4 -17 28 -5 -3 18 33 8 
-6 37 13 -17 10 6 4 4 7 -30 -12 22 20 24 3 0 
-47 -25 63 -20 -20 32 11 -15 -6 -30 39 -5 -13 27 -52 21 
39 -29 0 -65 25 1 -18 -25 -6 -6 -11 12 18 9 -15 0 
-2 1 5 -11 -18 -47 5 15 -3 -5 -34 -6 -72 38 0 8 
17 -27 1 24 -51 39 52 -18 14 18 -30 8 5 -8 2 0 
-38 2 -10 23 21 -16 -3 -28 28 -10 -38 9 -34 -31 10 -24 
16 6 -34 17 -16 45 2 -18 27 50 30 2 -20 16 -49 11 
-4 9 -27 -7 17 -17 82 -34 10 4 2 0 -30 37 0 -3 
-32 42 -23 40 -1 9 -3 12 2 29 17 4 -39 -19 77 -7 
-1 22 35 -6 -12 25 1 2 54 3 28 -4 8 -18 -38 -14 
14 -7 -8 -5 23 -8 5 6 6 1 -7 -20 1 12 -9 45 
7 -4 3 -16 2 7 7 2 9 5 3 6 -6 35 -3 -19 
2 -12 -4 -6 3 16 3 -8 14 -14 -5 -9 -4 24 -3 -10 
-2 9 14 15 8 4 -9 5 -6 -4 13 -11 2 12 5 -17 
-8 -3 3 -17 6 3 -6 23 -13 11 -25 18 -4 -9 12 6 
-4 -23 21 -9 -20 -4 -28 -24 10 11 -15 0 -26 -3 20 7 
-25 45 87 -29 4 25 6 19 -18 -24 28 50 -11 -24 10 -6 
2 59 13 2 20 -9 -27 4 26 26 -13 -29 -2 -9 -9 -26 
24 -45 38 35 -26 -43 -36 52 -26 -30 3 -27 -51 9 9 -10 
-29 -10 5 -17 -2 -26 -13 28 -2 23 18 20 -33 -21 -36 3 
-19 -5 -19 7 -37 12 -30 -68 -41 51 40 12 -50 12 -26 10 
-3 10 -35 23 -21 -57 23 5 -3 -5 46 -13 -63 34 18 8 
-21 -34 4 17 -35 4 -47 -20 10 30 -32 19 -17 19 -26 -4 
-16 -10 -42 17 -12 34 32 -2 -22 -12 -7 5 -10 -1 -13 -26 
24 4 -56 -48 -17 32 10 -25 41 3 3 24 4 11 -5 -14 
-37 -7 -2 21 -3 17 -23 15 2 -8 43 -38 0 12 34 6 
-3 -14 6 -24 -14 3 19 -14 -2 28 27 50 10 11 40 -6 
-21 43 7 -13 13 -16 -3 -7 15 15 3 -19 -25 26 -26 19 
0 0 0 0 0 0 0 0 0 0 0 0 0 0 0 0 
0 0 0 0 0 0 0 0 0 0 0 0 0 0 0 0 
0 0 0 0 0 0 0 0 0 0 0 0 0 0 0 0 
0 0 0 0 0 0 0 0 0 0 0 0 0 0 0 0 
0 0 0 0 0 0 0 0 0 0 0 0 0 0 0 0 
0 0 0 0 0 0 0 0 0 0 0 0 0 0 0 0 
5 4 6 8 1 -14 -6 19 6 -7 -6 -5 -12 -7 9 16 
-1 1 -6 20 20 -13 15 0 2 -12 -12 14 -2 -8 -6 -1 
-17 -19 6 -6 15 -3 -4 -27 1 4 27 -2 -13 -10 -14 12 
1 13 -9 -3 -8 -5 0 5 16 -21 -4 -6 -9 -3 -3 -11 
9 2 22 16 -7 3 3 -29 -3 0 7 0 -10 -16 3 -6 
-7 5 23 -8 -13 0 19 4 4 4 1 2 -1 9 14 -9 
0 0 0 0 0 0 0 0 0 0 0 0 0 0 0 0 
0 0 0 0 0 0 0 0 0 0 0 0 0 0 0 0 
0 0 0 0 0 0 0 0 0 0 0 0 0 0 0 0 
0 0 0 0 0 0 0 0 0 0 0 0 0 0 0 0 
0 0 0 0 0 0 0 0 0 0 0 0 0 0 0 0 
0 0 0 0 0 0 0 0 0 0 0 0 0 0 0 0 
0 -1 2 -1 2 -3 -3 1 1 0 -2 0 1 -2 -2 -1 
-2 0 0 -1 0 -1 0 3 0 -1 1 1 0 2 1 1 
1 1 1 -2 1 -3 -1 -1 -2 -1 0 2 2 0 1 -1 
-2 2 0 0 -1 1 -2 -2 2 -1 0 -2 1 -1 2 1 
2 -2 1 1 1 1 0 -1 -1 1 -1 -1 0 -3 -1 0 
0 0 -2 1 0 -1 -2 1 -4 1 0 -2 1 -1 1 -1 
26 -17 11 16 -5 3 43 5 -2 -8 29 28 8 -23 10 -32 
17 44 -1 -12 -9 11 -26 4 28 -5 -19 0 19 -3 -1 -11 
-4 8 21 18 -24 7 22 21 21 26 1 8 2 -1 32 -9 
-18 -10 -11 2 17 -9 -12 1 27 -19 -30 -8 -3 8 -4 -6 
-16 20 2 15 18 10 -35 -4 -31 1 -8 19 -26 23 -3 -1 
-2 -12 20 2 14 15 43 9 15 -8 3 5 6 -19 -31 0 
0 0 0 0 0 0 0 0 0 0 0 0 0 0 0 0 
0 0 0 0 0 0 0 0 0 0 0 0 0 0 0 0 
0 0 0 0 0 0 0 0 0 0 0 0 0 0 0 0 
0 0 0 0 0 0 0 0 0 0 0 0 0 0 0 0 
0 0 0 0 0 0 0 0 0 0 0 0 0 0 0 0 
0 0 0 0 0 0 0 0 0 0 0 0 0 0 0 0 
-28 13 -3 9 49 -45 -2 -12 28 -20 23 -11 10 -1 -16 18 
-17 22 15 -4 -13 25 -43 -2 19 18 11 6 1 -32 4 6 
-28 -19 9 -20 27 26 -17 -14 3 12 38 -9 2 -22 -1 -4 
47 15 -2 2 13 -32 18 36 -44 12 -14 2 -20 -18 27 -8 
-8 1 2 -4 8 -40 -29 11 13 -2 5 -22 -46 19 -14 7 
-11 -2 -21 -26 -11 -13 -15 -16 -2 8 -5 31 39 -7 -11 25 
-1 3 -1 0 0 -1 -3 0 0 1 -2 0 -1 1 0 0 
0 1 -1 0 -1 0 1 -2 -1 0 -1 1 1 -1 -2 0 
-1 -3 0 -1 2 -1 -1 -2 -1 -1 3 1 0 -2 -2 0 
0 -1 -1 -1 0 0 -1 1 0 0 -1 -1 0 0 0 0 
1 0 1 -1 -1 0 2 0 1 0 2 0 0 -1 0 0 
0 2 1 1 1 -1 0 -1 -1 1 1 0 -1 0 1 -1 
2 -1 -6 -6 1 -7 -7 -3 1 1 -9 8 0 -11 -2 3 
2 6 2 -5 -5 0 4 -2 1 2 5 -2 -4 1 -1 -3 
5 7 2 -11 4 4 -4 -6 -2 -1 -4 0 10 5 -8 2 
-10 8 1 -7 2 3 0 -1 -4 3 5 3 2 5 1 1 
3 2 -4 -6 5 -5 0 11 7 9 -6 -4 3 -4 -2 0 
3 -3 -6 3 -8 -4 -6 0 6 3 -4 -4 9 -6 5 -4 
6 -2 6 -3 5 -11 3 -2 -2 -3 1 4 6 -9 -1 -6 
0 -1 4 1 1 3 -4 11 6 3 -2 -2 4 3 7 5 
6 7 0 -1 -13 -3 -1 7 3 0 -9 2 4 -2 6 -8 
0 5 3 9 -9 -2 -10 -3 5 -4 4 1 -1 -6 4 7 
1 -8 6 6 0 9 0 3 -9 4 -2 3 -1 -1 2 -5 
4 -8 4 8 -3 8 2 -2 -8 1 -8 0 4 -10 3 0 
-1 5 6 3 9 5 3 12 6 -4 -4 -5 2 -2 0 22 
-7 3 -7 -5 0 10 13 -9 -9 3 8 -4 3 3 13 -3 
-8 -6 -16 -9 2 5 -10 3 11 1 0 2 -8 -5 -1 -5 
-11 -3 -3 6 -15 7 -13 3 4 9 7 -10 14 -8 0 -2 
-11 -13 11 -6 1 7 5 -11 1 13 0 13 0 -4 6 -8 
-15 -9 5 -8 7 3 -3 -5 -11 3 -8 -2 -16 18 -2 2 
-11 -17 4 1 -31 26 -40 -3 1 -10 -25 6 -11 -10 8 -1 
-10 -24 -30 18 65 16 8 19 17 23 -3 29 -2 2 -80 -31 
-10 -21 23 -10 -15 7 7 19 12 -8 -41 15 -14 13 38 3 
-61 5 10 -10 -4 4 25 -11 5 19 -9 -22 27 32 1 -17 
51 43 12 -7 13 18 -44 10 13 -16 -13 0 18 -5 -1 45 
-8 -17 -3 -23 -7 -13 35 20 27 10 24 -3 -31 32 -13 -48 
-37 33 12 -44 -36 -4 20 10 28 -25 17 3 -9 14 -6 -4 
27 -11 -46 7 66 -1 -6 -13 10 -4 10 -14 32 -18 -45 -28 
18 -28 28 -19 20 -16 1 23 -22 23 24 1 -43 -25 -6 -10 
-12 -6 20 37 -31 19 -19 23 8 -31 -39 -9 -6 -8 31 -15 
0 5 -7 -19 4 14 4 -38 -1 -4 5 -2 -24 22 25 11 
-7 -2 5 -7 -24 -21 -13 -17 9 -9 15 1 -55 12 -31 -41 
0 0 0 0 0 0 0 0 0 0 0 0 0 0 0 0 
0 0 0 0 0 0 0 0 0 0 0 0 0 0 0 0 
0 0 0 0 0 0 0 0 0 0 0 0 0 0 0 0 
0 0 0 0 0 0 0 0 0 0 0 0 0 0 0 0 
0 0 0 0 0 0 0 0 0 0 0 0 0 0 0 0 
0 0 0 0 0 0 0 0 0 0 0 0 0 0 0 0 
-9 -10 -18 -3 5 9 -21 -4 -16 7 -15 -13 0 23 -40 39 
18 -17 25 8 11 -6 32 -9 -29 14 25 5 -14 1 5 -14 
-25 -2 -23 25 33 -2 16 14 5 -21 3 24 3 -13 9 -12 
8 17 13 23 23 -35 19 -5 -43 -5 -34 -6 -8 -1 -12 -16 
-24 11 8 -17 -17 -15 -13 -24 15 -34 20 -10 -9 15 -38 -2 
24 11 -41 4 10 -15 -14 29 -1 -22 -10 19 -33 39 -3 -16 
5 -11 -20 -18 -31 -2 -1 -9 15 14 4 -9 -1 6 3 -11 
0 -29 -13 12 -4 33 20 5 -12 8 -3 18 -4 6 -16 -16 
17 7 -8 -5 -6 14 8 11 17 -19 -22 -11 -5 -13 3 1 
-9 -11 0 8 10 -6 8 -2 -23 11 13 -8 0 -5 -10 0 
0 -6 8 -29 -20 5 -29 3 -1 -11 8 27 -7 12 6 0 
-5 9 8 8 5 -11 5 9 -3 -21 9 -8 -35 9 -18 -1 
0 0 0 0 0 0 0 0 0 0 0 0 0 0 0 0 
0 0 0 0 0 0 0 0 0 0 0 0 0 0 0 0 
0 1 0 0 0 0 0 0 0 0 0 0 0 0 0 0 
-1 0 0 0 0 0 0 0 0 0 0 0 0 0 0 0 
0 0 0 0 0 0 0 0 0 0 0 0 0 0 0 0 
0 0 0 0 0 0 0 0 0 0 0 0 0 0 0 0 
-26 -7 0 3 -5 19 -48 -21 31 27 13 43 -23 -14 9 -15 
30 10 1 -55 -32 -43 28 -44 -11 -9 -26 26 -7 -33 8 -34 
24 -5 10 5 -26 37 22 1 -21 16 -22 31 -25 14 -13 -16 
-32 15 -32 24 -36 12 18 1 33 1 -44 -6 -32 -13 -1 -41 
-5 3 -4 -47 4 4 14 11 -13 67 28 -5 -24 -1 4 -16 
14 19 36 18 42 -14 38 -3 48 4 79 7 -3 0 0 -34 
-49 -26 -26 8 2 -72 -9 1 6 11 12 11 -15 -13 -5 -35 
2 62 -15 17 -33 15 -4 -17 19 -33 -13 22 17 0 -16 7 
23 26 -5 7 -11 -28 13 -7 5 26 0 16 -16 -7 -6 -15 
40 14 -15 -6 15 -28 18 -12 8 -16 -28 -11 -28 29 -14 3 
-24 -17 12 19 -25 20 21 24 -14 19 16 8 -6 10 25 10 
6 13 0 -1 18 6 6 -29 -19 21 14 11 13 -46 10 7 
0 0 0 0 0 0 0 0 0 0 0 0 0 0 0 0 
0 0 0 0 0 0 0 0 0 0 0 0 0 0 0 0 
0 0 0 0 0 0 0 0 0 0 0 0 0 0 0 0 
0 0 0 0 0 0 0 0 0 0 0 0 0 0 0 0 
0 0 0 0 0 0 0 0 0 0 0 0 0 0 0 0 
0 0 0 0 0 0 0 0 0 0 0 0 0 0 0 0 
0 0 0 0 0 0 0 0 0 0 0 0 0 0 0 0 
0 0 0 0 0 0 0 0 0 0 0 0 0 0 0 0 
0 0 0 0 0 0 0 0 0 0 0 0 0 0 0 0 
0 0 0 0 0 0 0 0 0 0 0 0 0 0 0 0 
0 0 0 0 0 0 0 0 0 0 0 0 0 0 0 0 
0 0 0 0 0 0 0 0 0 0 0 0 0 0 0 0 
16 11 24 1 6 -8 15 16 4 -8 50 9 2 7 -4 -2 
30 3 0 -11 0 9 -18 -8 11 -8 -5 -21 -2 2 20 -1 
-3 -4 7 37 -8 9 -15 11 7 -19 -11 -11 10 6 20 -20 
6 0 -6 9 -6 -16 -19 5 1 -7 -5 1 -1 -2 -16 -4 
-6 1 16 4 2 16 1 -5 -32 -3 -4 25 -19 12 1 -11 
15 -15 -14 -7 6 -3 -1 -2 -7 -13 2 17 -25 0 5 4 
0 0 0 0 0 0 0 0 0 0 0 0 0 0 0 0 
0 0 0 0 0 0 0 0 0 0 0 0 0 0 0 0 
0 0 0 0 0 0 0 0 0 0 0 0 0 0 0 0 
0 0 0 0 0 0 0 0 0 0 0 0 0 0 0 0 
0 0 0 0 0 0 0 0 -1 0 0 0 0 0 0 0 
0 0 0 0 0 0 0 0 0 0 0 0 0 0 0 0 
19 -26 9 4 21 -32 -37 -4 -10 -7 -15 0 -17 -13 20 34 
-13 -4 47 25 4 4 28 -11 -1 10 19 -14 -17 -5 -5 -18 
-14 -33 2 -12 11 9 19 29 -1 -25 26 38 -10 11 9 -18 
-20 14 -9 4 -21 9 -7 14 21 -18 14 -20 -23 -16 -18 20 
33 13 26 26 47 15 -9 -14 -18 -6 -23 -22 1 -9 -8 12 
-21 -12 3 -9 13 -20 4 15 3 -10 34 3 32 -42 14 -10 
1 2 0 1 1 2 0 0 -1 0 0 0 -1 -1 2 -1 
0 0 2 -1 1 -1 1 -1 -1 1 0 -1 2 0 -1 0 
-1 -2 1 1 1 -1 -1 1 0 1 1 1 0 0 1 0 
3 0 0 0 1 0 0 1 1 0 0 0 -1 0 0 -1 
-1 1 0 2 -1 -1 1 0 1 -1 1 -1 -2 0 -2 -1 
-1 0 0 -1 0 -1 0 0 -1 1 1 0 2 0 0 1 
0 0 0 0 0 0 0 0 0 0 0 0 0 0 0 0 
0 0 0 0 0 0 0 0 0 0 0 0 0 0 0 0 
0 0 0 0 0 0 0 0 0 0 0 0 0 0 0 0 
0 0 0 0 0 0 0 0 0 0 0 0 0 0 0 0 
0 0 0 0 0 0 0 0 0 0 0 0 0 0 0 0 
0 0 0 0 0 0 0 0 0 0 0 0 0 0 0 0 
-15 0 -23 5 17 -10 -16 40 8 -3 19 -21 -8 14 62 40 
-11 23 -11 29 5 16 11 -16 22 0 -8 3 -32 -21 7 -17 
3 -30 12 15 21 20 5 -41 46 26 21 -10 8 -2 -13 -27 
2 -4 37 -19 -16 -25 0 -6 11 13 17 -5 -17 4 -13 -15 
-4 6 -6 84 14 -11 -7 23 -9 -41 -29 -18 -13 20 1 -15 
14 16 25 -15 16 4 -27 -10 -30 28 2 -5 11 -2 21 18 
-16 -71 -26 -47 -11 15 8 -24 -15 -35 36 -9 -1 -1 -23 -15 
34 7 22 14 13 -24 -26 -7 27 -47 10 -22 -7 -1 1 -11 
10 21 -13 12 9 -7 9 2 5 20 5 11 -11 6 14 27 
-3 5 40 31 -11 5 61 -48 12 -25 3 -10 -7 -16 -6 -26 
16 0 19 0 43 4 -25 29 -29 -6 3 -16 -3 20 -9 16 
12 -56 -18 24 -40 -15 20 -11 46 -22 -22 32 8 -36 -9 39 
24 19 -2 23 -1 -44 15 -12 23 11 -20 5 8 10 -9 -29 
-1 -8 6 28 12 -4 -2 -8 -35 15 9 15 11 -4 -27 0 
31 -10 -19 -14 5 -49 19 12 -22 34 18 17 -20 21 2 -19 
9 5 -25 -14 13 -2 -28 24 -28 -5 6 2 -2 -2 -8 21 
3 -27 -4 15 -15 -22 -4 -11 22 -15 6 1 18 -50 12 1 
6 17 0 8 26 29 -10 20 -14 -1 -5 -9 -8 -3 -1 -6 
-11 13 -3 -25 -15 17 -3 25 -5 -4 -33 22 6 -17 -11 -21 
-55 1 -4 19 7 -3 -24 -31 22 -2 27 -38 13 4 25 32 
-8 13 -11 14 -24 -1 -7 3 29 7 -2 10 30 27 -18 -26 
-3 -6 46 -3 -6 21 -17 -8 -22 -3 47 -18 28 -11 58 -43 
-13 31 24 -16 -1 -22 -18 -12 13 -1 -3 5 -4 3 47 -13 
23 11 8 32 -24 8 12 7 4 -3 -17 -21 6 -2 -5 26 
-1 3 -2 -2 2 -3 -3 1 -3 -1 1 1 0 3 2 3 
0 3 1 1 0 0 -5 3 2 0 -2 1 0 1 3 1 
2 -2 2 0 -4 -1 -3 1 0 -1 -1 -3 -1 -1 -1 -2 
5 0 2 -1 2 -2 1 1 -2 2 1 1 -1 1 -2 1 
1 -3 -1 3 -3 -1 2 1 1 0 3 -1 2 -2 -4 -1 
-1 2 -1 2 1 4 4 1 -4 1 1 0 -2 1 4 2 
1 1 -1 -1 1 -1 -3 -2 1 3 -1 1 1 1 1 -1 
1 3 0 0 -2 -1 2 2 0 2 2 4 -4 -2 -2 1 
2 1 3 0 0 -2 -2 -2 -2 0 -1 -5 0 0 -2 1 
-1 -2 -3 -3 2 1 -2 0 -3 2 1 4 1 1 -2 1 
3 1 -3 0 -3 -2 0 -1 1 0 0 0 3 -3 -2 2 
3 0 0 1 1 -2 -2 0 -4 3 0 -2 0 -1 3 -1 
5 -26 13 -10 26 4 -33 14 16 5 20 28 16 20 13 -14 
15 -7 -16 8 8 1 -30 39 -27 3 19 19 4 9 -1 19 
7 13 7 33 -14 -21 -5 35 -6 1 -25 -15 -6 -2 18 -11 
-5 -13 11 -1 -26 -42 7 -19 -24 25 14 4 6 -12 -20 10 
19 -32 -14 0 -14 3 -11 -37 -2 -4 37 -19 19 -14 -12 5 
22 -16 -7 -14 31 8 35 36 -12 -16 9 31 -31 19 15 0 
-1 -5 5 7 5 7 -8 5 -5 8 -3 10 -4 0 -4 0 
-6 1 -1 -3 -2 5 18 17 4 -2 7 2 4 5 -4 -3 
-1 -4 5 4 2 -13 -4 12 4 -6 -2 0 7 6 9 -11 
-17 3 9 -6 1 1 6 -6 -6 5 8 -1 -3 -5 0 -6 
-4 -7 3 -1 2 -5 1 -17 2 0 2 0 -2 10 -4 1 
-1 10 6 4 10 -6 0 6 2 -1 -11 -10 -7 13 -1 -3 
-1 0 2 -4 5 -6 -3 7 -5 4 -1 6 5 -11 1 -2 
-3 10 8 0 -5 -5 -1 2 9 4 2 -5 -8 -1 1 -3 
0 -2 12 -4 5 0 -6 4 -6 -5 -4 1 1 -7 -5 5 
6 -6 -3 -5 6 11 -8 0 -4 0 4 3 -3 5 1 -5 
3 7 -5 4 -6 -3 -7 3 2 5 -1 -5 4 -8 0 -5 
4 3 -5 -1 -11 -3 0 -7 1 -1 5 -6 2 -4 8 -5 
