24 69 2 263 -228 -214 -216 -290 -127 4 -17 -8 43 98 219 238 
-24 -63 83 -162 -12 17 124 66 -63 17 -90 79 90 102 -21 -18 
80 70 27 -50 6 -17 66 -18 36 60 -25 2 -41 -33 -34 -13 
7 3 7 -37 61 11 35 32 91 -2 -88 24 65 29 -21 79 
82 3 154 -80 32 16 124 -95 3 -11 -173 48 35 -30 -13 -60 
-107 79 78 101 29 59 -101 3 26 -58 -32 102 -29 -30 44 -30 
169 20 37 0 -128 37 34 -103 -69 91 -64 -53 76 148 36 69 
49 8 81 30 14 -65 4 -1 0 0 0 0 0 0 0 0 
39 11 -57 20 -63 -96 46 12 -11 79 93 14 -43 -74 3 -57 
-37 -53 20 22 23 65 54 76 0 0 0 0 0 0 0 0 
5 31 -93 -119 2 -87 8 -11 18 70 -91 18 -120 -16 28 4 
32 -35 -114 -12 -44 -39 -96 51 0 0 0 0 0 0 0 0 
-48 -6 -97 -66 48 -10 82 -20 -25 -5 9 -12 92 -1 -35 -36 
13 0 -34 -64 -81 -76 -21 -103 0 0 0 0 0 0 0 0 
-4 -18 -41 34 37 -17 -17 126 80 -96 108 13 -112 -73 -39 -4 
-156 -40 -21 103 89 24 31 33 0 0 0 0 0 0 0 0 
-76 -45 -7 -46 -57 63 -18 63 -5 -58 74 -13 -94 45 22 -63 
70 -33 28 8 -78 99 49 -22 0 0 0 0 0 0 0 0 
-38 -74 3 117 -33 19 -6 75 -111 122 -140 -12 -67 -17 48 -75 
87 -80 -111 35 115 12 2 73 0 0 0 0 0 0 0 0 
-17 -57 -3 38 -63 -41 -27 39 -2 -15 51 1 9 44 -101 22 
16 70 20 -38 -5 -15 -16 -20 0 0 0 0 0 0 0 0 
39 -55 -36 37 -7 -80 85 41 -12 -23 38 25 -2 5 -36 48 
31 -29 56 -50 21 -25 12 17 0 0 0 0 0 0 0 0 
-49 -163 -68 -49 60 34 153 -30 -107 -6 -43 -11 43 -82 -26 23 
-81 -56 -27 -69 -128 57 -25 -87 0 0 0 0 0 0 0 0 
-44 -40 56 100 -70 -67 3 49 -115 -122 111 164 59 82 110 18 
71 -50 27 19 30 -77 -130 73 0 0 0 0 0 0 0 0 
15 111 81 -144 15 -28 -29 -2 -23 -103 -64 -55 -59 -33 -4 -79 
-52 -25 42 43 -72 74 -85 -73 0 0 0 0 0 0 0 0 
-7 45 -64 20 21 13 59 24 103 16 10 42 -44 10 -72 -9 
-14 -6 27 -116 -2 -57 -49 18 61 -2 -32 -3 -71 104 -70 -57 
-15 -40 0 38 56 76 -25 -42 0 0 0 0 0 0 0 0 
-76 -22 84 11 26 15 25 10 -1 0 -49 -10 -4 -14 -15 -3 
-47 40 49 -113 -33 -87 -31 -49 -8 -50 -59 14 -27 64 -3 -61 
-33 -55 57 25 40 -11 -8 -92 0 0 0 0 0 0 0 0 
-43 -9 18 -73 -5 10 -22 -15 19 64 5 -93 40 7 58 90 
-10 -79 82 7 -5 27 -21 29 -32 89 18 14 -59 -14 49 -63 
36 27 -14 -58 -91 39 -2 50 0 0 0 0 0 0 0 0 
-41 -29 31 -51 -16 14 -72 4 -70 93 48 -36 23 12 9 18 
-2 4 18 16 -6 -22 17 44 -20 57 2 104 -93 -29 76 -105 
4 -60 -14 -28 -31 61 -72 -8 0 0 0 0 0 0 0 0 
-94 -41 119 -98 -127 -36 -7 81 -2 -134 3 48 1 -34 -3 29 
-61 46 74 36 -37 -119 -140 20 -54 -95 -93 -38 -58 -95 43 47 
-63 51 5 -15 -45 51 -59 0 0 0 0 0 0 0 0 0 
-11 19 -25 -14 -57 76 43 31 -72 -71 -38 -73 -20 -64 100 109 
26 63 -14 31 -86 -21 -49 90 -14 -57 5 52 42 16 77 -25 
-39 -49 -26 35 -23 86 -50 -30 0 0 0 0 0 0 0 0 
79 16 48 9 -126 8 64 -44 94 40 65 0 -11 37 -19 -33 
-3 -28 93 -35 13 -73 19 -25 -71 20 -13 -66 -60 -29 19 22 
23 100 50 -63 -12 65 76 120 0 0 0 0 0 0 0 0 
-20 -47 -129 88 104 136 -5 -41 -232 -119 6 -97 -33 89 -66 -152 
-86 28 79 -35 50 13 80 106 116 71 80 51 -25 -10 -135 37 
55 2 -12 -44 -85 -64 -80 51 0 0 0 0 0 0 0 0 
-39 -6 -28 -6 107 0 -90 -49 -113 51 -34 -53 68 -52 52 12 
21 91 26 -23 18 -64 22 22 -43 26 -19 -60 35 63 105 -5 
-23 47 -57 -152 50 0 -24 58 0 0 0 0 0 0 0 0 
-72 -41 -18 -10 72 73 -47 -14 -25 -62 26 -81 -3 16 -45 37 
37 90 0 -39 -37 -48 -3 -26 68 -43 18 43 -7 7 -35 -25 
-95 -10 2 3 -3 -30 -86 -75 0 0 0 0 0 0 0 0 
-10 -18 62 53 -46 5 -53 29 -105 -47 7 -35 -3 -7 133 50 
10 0 15 -81 -145 29 8 -51 -76 48 29 24 5 11 152 -12 
59 137 -24 -35 -29 -36 39 84 0 0 0 0 0 0 0 0 
19 -146 34 14 -23 -85 20 -33 79 -2 -10 92 -86 15 40 16 
-28 -87 16 13 -17 76 62 -38 77 -34 36 19 2 3 -84 10 
-15 -72 -36 49 77 11 57 -43 0 0 0 0 0 0 0 0 
143 -2 20 -1 62 -29 29 -85 82 5 33 -56 -42 -15 -96 -73 
6 116 3 -118 15 -63 -39 -40 42 20 16 101 8 25 -43 -84 
-30 -74 -6 48 -3 23 -68 53 0 0 0 0 0 0 0 0 
-27 43 -8 95 100 42 38 -77 -26 74 -27 -41 -23 -92 -22 35 
35 -66 -21 73 117 35 -48 34 -23 117 9 -85 66 14 -54 122 
-21 10 8 -17 24 103 52 12 0 0 0 0 0 0 0 0 
68 24 -14 -30 5 5 -142 74 58 124 16 -64 153 -39 -35 -37 
79 34 28 -21 -99 -58 43 8 8 -17 7 -65 -21 7 94 -7 
-65 77 -15 -78 38 61 -7 40 0 0 0 0 0 0 0 0 
-11 -7 63 13 27 31 2 59 3 20 -32 127 23 -60 7 -32 
-26 41 -21 33 -32 -152 -46 -100 -34 -64 -13 16 48 92 36 -76 
11 -65 62 50 -1 88 -33 62 0 0 0 0 0 0 0 0 
-45 -27 -75 22 -15 23 36 -31 -29 43 16 15 -57 -40 -12 10 
3 37 -33 71 54 -18 19 44 -6 21 37 -27 85 62 -15 28 
-6 -21 -2 43 -8 28 -24 -17 0 0 0 0 0 0 0 0 
15 77 5 -98 -63 2 -50 -58 -18 -53 -37 33 -80 8 -33 19 
43 -23 -34 62 -34 -4 -2 -29 19 -9 9 -47 -30 -43 49 3 
8 -69 -108 -80 50 -37 -34 -74 0 0 0 0 0 0 0 0 
-6 -11 22 -6 -57 -40 1 0 -68 37 45 4 50 -1 -49 29 
6 -16 -15 26 3 19 -20 84 2 -33 -29 59 53 -2 30 44 
4 -27 -21 16 1 27 -63 -57 0 0 0 0 0 0 0 0 
-54 -50 14 -37 19 53 26 22 41 22 98 -21 -31 38 -32 18 
-13 -1 2 40 14 45 -31 66 -29 -5 84 95 18 -26 -23 -40 
-6 2 35 -11 -8 57 -22 -39 0 0 0 0 0 0 0 0 
9 65 -70 19 3 -63 35 18 41 -13 -31 -12 -21 -7 -55 -40 
23 -83 10 44 -74 31 44 -27 -9 -62 3 -56 37 3 27 53 
5 -6 -106 45 33 -25 -47 36 0 0 0 0 0 0 0 0 
-29 61 3 18 -24 -36 61 -14 -45 -21 -51 24 16 39 62 4 
9 3 -14 -21 -29 -10 -24 -55 -24 -32 0 -43 27 17 52 30 
-2 66 11 -55 -33 2 -57 -11 0 0 0 0 0 0 0 0 
19 -16 2 10 -38 -56 -7 -3 39 -24 -1 68 39 12 46 8 
-37 30 -20 59 -19 42 -29 16 3 -31 9 -3 18 -39 10 38 
-7 11 24 43 -14 -79 -25 39 0 0 0 0 0 0 0 0 
36 22 -26 12 -32 22 57 -33 -27 -22 33 -78 -26 35 -4 25 
24 30 25 -32 -49 -8 -9 86 -40 26 -1 -11 43 15 46 -88 
-71 17 32 -29 0 33 86 19 0 0 0 0 0 0 0 0 
-13 18 -15 20 -22 -22 -18 -34 56 26 32 74 -6 -46 -33 -71 
36 -28 -16 -56 64 -148 37 -48 -81 -28 33 25 -5 98 -21 -2 
-82 -52 -40 33 44 23 18 -12 0 0 0 0 0 0 0 0 
23 -48 48 -19 -27 40 -25 -13 6 -27 87 13 -35 18 -7 26 
114 -3 -16 25 28 -24 -16 7 -54 4 10 44 0 -60 -3 -27 
42 -42 -23 16 22 -55 -40 -1 0 0 0 0 0 0 0 0 
-34 4 -11 -81 12 64 -21 66 -35 8 26 -83 50 -6 40 -24 
20 2 -13 -35 94 40 50 -32 17 -14 -5 -56 -71 8 7 96 
59 90 -29 -11 0 92 -19 -14 0 0 0 0 0 0 0 0 
74 -97 -13 -3 -58 36 -29 -61 60 -37 -31 75 -4 27 26 -27 
-50 -26 9 -70 -58 111 45 -49 -52 -46 -29 44 -22 -38 77 -42 
-9 -52 -45 -48 -46 7 -20 -26 0 0 0 0 0 0 0 0 
9 18 -7 20 -25 8 34 -98 48 -109 -65 -30 -22 -11 11 -66 
-13 60 42 12 13 45 -21 -73 3 -51 -6 -50 43 3 38 46 
20 39 -62 -13 23 -39 -63 -41 0 0 0 0 0 0 0 0 
5 -44 39 28 -21 -35 38 -2 53 -23 -65 113 -75 -116 29 -5 
-40 -79 -28 16 -22 -11 17 44 -37 -62 -96 94 -13 67 26 -42 
-82 27 -21 -39 -14 77 -104 16 0 0 0 0 0 0 0 0 
-39 -14 -53 -16 -8 60 31 59 58 9 0 24 8 -7 11 -28 
-61 -67 -28 -12 13 -65 29 -2 1 1 39 18 -12 -33 23 17 
28 15 3 -44 -24 79 -69 57 0 0 0 0 0 0 0 0 
66 2 5 25 46 46 25 84 8 29 10 -52 -6 -1 -5 -49 
-20 16 -93 22 53 -35 89 50 -39 85 -19 13 -77 15 -29 -1 
13 -22 63 52 -34 33 -41 24 0 0 0 0 0 0 0 0 
-18 23 5 -3 46 -27 15 -55 -19 -11 -24 -6 32 34 11 -41 
-37 -19 -49 -31 -16 -4 28 -40 -62 22 -41 -7 50 43 19 23 
3 14 -19 33 29 -22 -20 24 0 0 0 0 0 0 0 0 
28 15 -33 -54 39 -4 -16 43 -17 39 11 68 43 -57 -13 41 
22 33 4 -17 -35 -27 -11 26 22 -22 -23 18 3 -3 38 31 
-36 6 -30 -7 -4 7 -43 47 0 0 0 0 0 0 0 0 
-61 -12 18 -35 30 -71 67 21 -17 33 23 7 8 -67 -35 -19 
23 -7 -88 32 62 16 46 -50 42 -24 -65 65 -23 -3 20 2 
83 33 80 -8 7 30 100 13 0 0 0 0 0 0 0 0 
-48 21 14 6 39 -22 -28 -24 26 18 -55 68 -35 -43 12 9 
6 -2 48 12 0 45 4 18 -22 -35 -62 -28 13 -19 49 -32 
-17 -21 3 -24 8 -16 -37 -14 0 0 0 0 0 0 0 0 
30 40 -30 -69 -70 -25 -11 35 41 -22 -65 -11 -48 54 -13 -6 
-3 76 56 55 24 30 58 -35 35 -37 -27 52 0 32 -22 82 
-45 57 -25 -10 58 -17 -28 18 0 0 0 0 0 0 0 0 
-15 22 -70 21 -20 -30 -15 43 29 -37 -26 35 -15 -40 -39 -54 
-27 -25 51 20 -26 -34 3 2 -21 -24 30 -28 72 6 -29 8 
-45 27 -51 1 -15 0 64 9 0 0 0 0 0 0 0 0 
3 142 -20 63 22 67 51 37 -50 -28 -127 -14 22 44 -2 17 
22 -81 -25 13 -18 -58 -44 43 -45 -46 15 -42 5 100 67 87 
-145 24 -27 31 -31 -4 32 -13 -1 -7 4 45 38 -25 96 -105 
-41 68 68 80 -38 -18 13 -8 15 -69 -67 17 68 -31 8 65 
-16 47 -69 -28 82 50 -47 -6 11 80 -103 30 -42 -31 -35 -40 
43 3 47 4 -77 -14 -55 77 28 -50 -19 -42 49 84 -20 6 
59 33 59 43 -48 -65 105 36 -12 25 0 -23 11 -5 36 -37 
11 12 95 -57 -21 56 -43 -59 -92 71 -41 -43 17 -80 11 -3 
-24 -6 -96 -77 141 -44 -118 92 -14 75 -43 -52 87 2 -98 -120 
-33 19 67 -6 33 -52 -106 95 -7 -24 30 -16 -35 -63 -16 -17 
117 94 -30 -62 45 -63 -22 74 39 23 -61 26 -16 71 -7 17 
-11 21 -58 23 45 -11 77 43 -1 -79 90 -92 1 46 -34 14 
-51 131 39 13 -24 42 20 -31 -12 42 -66 -58 -45 -4 29 -21 
37 27 105 -48 -41 -47 2 16 -38 -80 23 20 -25 64 57 38 
10 -3 -55 83 -11 -83 40 7 11 -74 74 -92 -2 -65 -2 -16 
11 -88 37 19 -50 70 -22 -11 34 11 -51 3 66 42 43 14 
-5 -45 -13 14 102 -70 -42 -25 26 -132 -68 4 -1 -33 -45 24 
16 10 -29 -42 -36 -43 23 -45 -49 52 74 -14 -66 25 -16 -30 
-50 -4 -81 0 31 89 -50 75 21 -37 29 11 -56 4 -42 20 
101 21 11 -70 42 10 -84 49 0 -25 -74 5 -106 41 33 -17 
-73 14 42 10 39 87 31 41 6 -22 39 -28 -12 0 57 18 
-35 37 -7 -81 95 59 -36 -49 72 -75 69 -10 8 101 35 88 
55 122 -38 -30 63 -43 226 -1 70 78 25 -61 98 74 -143 -23 
-50 -17 -4 -31 -89 37 -40 -18 -137 35 7 -84 -11 91 -98 -46 
25 0 84 94 36 -17 -62 61 -51 -77 6 -61 69 -39 -130 -6 
46 101 -52 -43 -14 17 -32 98 -52 -60 47 -38 -3 1 1 4 
-54 -64 13 25 25 29 4 -58 36 -80 60 1 32 -43 17 -49 
9 -18 -26 16 40 34 -26 -24 -85 -7 -17 -27 -40 76 -35 17 
-56 -32 -19 14 8 -100 6 20 -24 -33 -40 -6 -32 64 57 -12 
5 -33 -20 33 -73 -11 -48 -30 -23 24 71 -34 2 -18 10 -50 
20 21 -58 9 -29 -7 14 56 -32 23 31 1 7 44 7 -31 
61 -3 66 54 12 43 -7 19 29 39 -27 18 30 -17 23 -47 
9 -11 -31 -3 -27 65 -10 -4 28 16 87 -81 9 28 -43 -24 
-18 1 -24 -16 70 -64 78 20 50 27 30 -4 -4 -22 59 -49 
-22 19 62 4 -30 43 51 -2 41 22 39 26 -26 34 37 44 
39 -60 23 -23 32 1 -33 -3 52 -8 -24 4 -41 -23 -128 25 
4 -4 -6 -6 6 -58 -41 -11 16 -14 -1 -5 -32 -17 -4 9 
34 9 95 -59 74 -55 20 -16 -59 -50 1 7 7 -1 8 -45 
-40 43 9 1 -41 39 -75 -45 -4 -41 82 -36 12 36 43 99 
56 -31 -12 -4 -12 -15 -19 -16 -59 -7 18 49 14 -7 7 -50 
-55 -9 48 -56 -50 -71 -3 27 -52 -35 33 -51 -50 -82 -14 0 
17 -5 33 -20 -70 20 -15 12 -7 22 19 1 -44 53 -9 4 
100 24 -46 7 51 10 -39 34 11 9 25 -49 77 -4 -24 13 
31 55 3 46 6 2 6 -19 -86 36 16 -10 -10 84 -13 -69 
25 -24 64 29 -44 1 66 -27 51 59 -11 -33 9 38 -6 -124 
36 12 85 13 35 -13 -25 -49 20 -49 -27 0 16 -16 17 60 
-13 2 29 -17 3 14 -30 -30 -29 -42 -17 17 -16 19 40 -44 
53 0 52 -23 -19 12 -43 -18 6 -23 -1 -1 -58 -7 9 40 
-47 20 -15 -21 -24 -19 -26 41 -23 17 3 -63 -10 -30 24 -33 
60 55 47 -36 -39 50 23 -13 -50 29 -56 27 -13 -26 34 48 
33 -13 -50 9 38 -17 18 -47 -18 -9 21 -29 59 -39 12 13 
30 46 -10 30 5 -38 7 -12 -20 -18 -63 -36 -15 -9 9 -31 
-30 22 26 -51 0 17 -21 -18 49 -66 42 51 40 71 45 -73 
-1 -21 3 12 44 -53 0 27 -83 18 -35 24 19 11 -25 -21 
-15 -27 35 2 -24 41 5 -66 28 -47 32 -78 68 17 -22 -37 
-4 -26 -59 29 -10 2 34 -69 41 27 -12 3 49 29 -87 5 
-26 39 -92 20 -28 -26 34 -15 112 62 -49 12 52 55 22 55 
-47 31 19 26 25 56 -9 17 -12 12 40 68 -39 -34 -21 37 
23 -25 -36 29 34 57 -63 42 28 -44 -37 -29 -65 5 7 -8 
-33 2 -40 49 -20 14 8 100 -30 -4 0 -72 41 42 -1 14 
15 50 -52 -3 47 26 -14 -23 30 15 15 23 -44 30 -15 57 
-29 -2 70 -24 19 -6 49 -40 57 -89 38 -10 13 30 5 20 
6 -57 7 -29 23 -36 10 -48 -11 -10 -25 -16 25 1 22 -27 
19 3 56 31 20 -9 -29 -40 -49 -40 -36 21 -16 -39 -38 42 
-49 -58 1 1 -27 -46 -24 36 -60 -21 16 -52 -27 -31 24 17 
-22 -22 1 -5 11 -18 -32 -31 -29 -9 11 60 40 -44 12 39 
-47 -76 1 -79 -10 45 84 -1 25 37 -57 50 -16 -12 64 -46 
41 69 33 -71 -54 -1 -51 -40 33 -18 77 79 47 50 -36 45 
-20 -22 12 46 12 -54 24 42 64 -65 -8 41 54 16 -35 -53 
22 -14 53 52 -102 -36 62 -48 -37 35 -77 10 3 -22 54 -28 
-55 -15 33 -25 17 -19 12 -79 -31 -52 28 -20 15 50 51 -6 
37 -22 1 37 -26 -22 -70 74 12 68 -23 66 -28 24 21 -40 
-46 16 42 26 50 -16 -30 0 51 35 -22 -7 9 -9 13 -52 
5 25 4 -11 -15 34 32 -1 19 34 44 46 55 -5 -38 9 
-53 -51 -37 -39 7 -36 18 -52 63 -78 -128 45 27 -34 18 25 
71 -72 -77 -129 -73 -48 -103 -8 -65 -18 43 -40 -53 -37 -111 -40 
-16 -9 15 25 -40 -92 -56 -61 70 -13 -86 -37 -41 -22 101 -101 
42 -14 3 76 28 29 -46 -11 -69 -3 70 -4 5 -28 41 48 
2 20 31 17 -17 6 -16 94 -45 -41 6 -40 -33 -36 1 -7 
24 22 -18 -20 23 33 41 -23 -37 -27 2 1 25 -63 -26 9 
25 8 -17 37 30 0 77 39 -20 -38 51 63 -15 -23 77 24 
18 -16 21 -18 -37 -7 44 -18 -31 9 -25 -44 12 -2 -1 26 
1 16 -21 53 14 17 1 7 23 21 -11 24 2 -4 -24 -30 
-14 9 19 -21 -3 -40 0 -13 -33 -7 -11 12 -51 11 -28 -2 
9 -3 2 -10 29 -2 17 12 -50 14 -22 21 1 7 -48 29 
-31 11 19 1 -15 41 -4 -4 -14 3 1 28 25 3 41 3 
14 -12 17 14 -37 8 13 6 18 6 -32 3 2 6 38 2 
-29 11 -37 10 -33 4 -21 66 29 20 7 13 -25 28 -30 -26 
-33 -20 38 -41 13 35 43 -17 -36 -12 16 -25 -36 7 21 -46 
-5 1 21 -20 9 1 -20 -4 -21 -37 -11 20 47 -1 40 -10 
-45 40 24 10 -17 2 -24 -46 -4 5 30 -33 -11 -7 18 -71 
-20 -15 36 -44 28 -38 -55 -4 1 -9 23 17 -37 7 -21 -25 
5 -41 12 21 -2 -2 -25 2 7 30 20 -3 -81 44 -12 -61 
21 23 -6 -12 -18 -11 -11 -10 -4 -4 0 26 -20 9 41 -6 
1 34 -50 -10 19 54 -16 -9 20 -20 -23 1 1 18 -2 -20 
-1 -8 37 -30 2 2 -2 1 38 -5 20 8 -24 8 -34 -32 
21 -39 -16 -24 -1 -24 -7 21 30 -6 31 -51 10 55 -17 23 
27 1 0 36 -31 -7 -32 6 -23 -5 -65 17 -5 2 9 -22 
26 50 23 -31 26 36 -3 -29 -51 -14 -25 -35 31 -53 31 14 
-22 5 12 29 11 16 -5 -2 -18 -53 17 27 -6 13 0 -6 
-14 -8 -2 26 24 -49 0 -33 10 -43 -31 15 -44 7 -2 -9 
-47 -9 2 26 26 34 -32 -30 20 19 55 -9 9 -47 -23 17 
1 2 -21 -8 -22 2 21 -20 38 -27 -36 9 -3 22 17 -24 
-31 -11 -9 33 10 23 6 -35 -8 6 3 -13 -38 -36 -3 -47 
1 -16 49 -9 -39 -6 13 -15 11 52 0 -20 14 -24 -20 -23 
-18 4 -15 11 33 -22 -15 0 2 -29 11 19 11 32 37 -6 
17 20 2 25 15 -25 -7 -24 9 -6 18 -4 -24 -12 5 50 
-17 -30 -11 34 6 -53 -3 7 3 21 -1 -11 37 4 -13 -29 
-32 -2 25 -3 -5 -12 -32 -6 -47 -21 -13 12 1 -4 20 -4 
10 9 -18 -17 -24 -9 33 -6 13 -1 9 -5 -10 -12 -5 -7 
28 20 11 -1 7 -16 15 -2 -14 8 -32 -25 -24 -12 28 10 
-22 -4 71 5 -2 26 -8 4 24 -54 26 26 -15 -25 14 -16 
-18 10 -32 37 22 -48 -27 40 12 9 13 -1 29 -30 -9 -13 
33 -40 10 -17 -11 -21 -24 61 -2 3 -6 -37 -40 6 0 14 
-58 -11 -30 7 -19 19 -22 41 18 -1 2 33 -29 -39 11 19 
10 31 -32 -13 -32 32 10 -50 -36 32 31 -16 -14 -19 2 37 
11 13 -27 3 4 -36 19 40 -27 -20 41 -24 -47 15 -23 2 
9 -41 33 12 9 2 -43 9 14 -78 20 17 -16 44 -17 5 
-33 -4 33 46 -25 -26 13 -9 9 55 25 -40 -70 -17 -10 8 
-5 6 -48 10 56 2 23 20 19 26 -7 34 34 -10 -10 -16 
-41 46 -12 -39 -30 -18 -18 -10 8 -4 3 9 -16 -16 -10 -23 
47 -13 -16 60 -16 -8 12 27 -4 -3 59 -3 26 -36 -41 -35 
-11 -5 -43 7 -8 15 24 30 -2 46 -1 28 -2 -16 25 5 
-4 -2 6 6 10 19 11 -12 -4 3 -11 22 16 3 5 -8 
18 -6 2 -7 14 -6 -38 -21 3 -5 9 -22 -31 11 -5 20 
-8 -14 -26 6 -11 -21 16 4 -23 22 7 -9 7 -10 -7 6 
3 -2 13 -2 -19 -7 -4 17 -19 0 -19 -30 10 5 6 -2 
7 -9 -9 -33 4 -19 15 30 28 7 36 -15 20 -17 -22 20 
-14 -1 -7 -15 -23 12 -6 -15 4 32 -4 15 17 11 -14 -1 
-8 -43 1 -5 18 7 -38 -8 13 1 7 7 -5 19 -18 11 
-6 30 20 0 34 -50 12 2 -12 -36 10 49 -36 5 -10 -13 
-11 13 -21 -44 -3 -20 -8 -15 -15 21 21 40 -9 -17 -3 22 
-49 4 16 0 -15 10 5 -17 14 -15 2 -21 -15 -21 -1 -30 
23 -20 30 -14 27 -12 12 15 3 36 11 -33 26 -45 -10 2 
8 -7 0 5 -22 -3 13 5 8 24 22 18 0 23 -10 -2 
-17 28 20 16 2 -26 -20 31 -27 -4 39 3 -34 6 20 20 
49 14 22 -17 9 22 -7 8 -8 14 -22 -1 -11 -18 -7 17 
1 -31 31 -27 6 26 -12 25 30 2 -19 -13 -22 -52 8 -31 
56 -38 -40 -20 -27 -32 -6 12 -5 9 -15 17 -12 -25 -12 1 
-25 -30 -28 34 -28 17 -14 3 2 -32 23 1 -17 -2 -48 2 
-35 45 -1 6 -11 -20 -1 4 -15 -26 25 29 9 -20 12 23 
21 -5 -8 -11 51 -7 13 19 -20 12 21 -20 14 65 -63 13 
13 10 1 -11 -22 -19 -31 2 -57 -8 47 -19 -9 2 18 -9 
6 25 -69 -10 17 10 51 -21 9 -6 -20 18 8 -16 9 -10 
36 7 31 11 67 12 5 -17 -10 11 -33 12 59 -18 8 -38 
-22 -4 -21 -46 12 -47 -25 22 -42 -18 -1 54 43 20 -39 7 
17 -11 -42 2 45 17 -25 -31 3 1 -5 37 -20 -18 4 24 
21 -5 14 -35 -21 -23 23 -10 31 -12 52 20 -27 -21 -37 -54 
2 -1 7 1 11 23 -27 8 56 -24 -67 24 -33 -14 -61 -60 
-7 18 38 -33 -32 -15 -20 -16 4 -37 12 15 -29 47 41 16 
27 25 -37 18 -23 -46 20 10 41 8 -24 -2 -5 32 -19 -19 
51 31 43 11 -1 -5 0 3 41 13 6 -14 -12 -9 7 48 
58 -17 -29 -14 3 28 -23 -39 8 25 17 -17 -25 -10 32 -61 
0 27 22 1 -12 -9 -5 -17 -6 17 -1 -20 10 9 3 28 
19 -3 -29 -23 11 25 -35 47 -10 13 -8 46 -3 -1 -12 28 
9 -12 -5 -12 10 -28 8 -1 -21 0 -34 -13 -28 -8 0 0 
-18 -30 -21 0 26 -40 18 -4 -50 6 -25 22 -3 -20 -35 30 
5 -39 0 8 -22 39 21 -43 15 18 -7 3 20 -2 3 32 
-10 -12 -2 18 12 -15 -7 -6 1 -14 -30 -9 -8 35 38 12 
-16 0 2 -10 15 -3 -4 -21 -24 -10 -26 1 -13 -30 2 -21 
-14 -28 24 5 -2 14 20 10 -2 10 18 -25 1 -4 -21 10 
-20 -20 5 -11 11 -19 -1 16 -7 2 10 14 24 15 10 13 
-22 25 17 2 0 34 -12 20 17 -18 26 3 10 -5 -14 -1 
-9 -6 19 -29 -22 6 4 -5 -17 7 2 29 -3 -17 -27 -15 
-16 9 0 3 5 -18 -17 4 -4 -17 -20 -4 8 -3 13 -22 
11 12 13 60 -17 -34 25 -7 -18 -36 17 4 11 10 -22 32 
-10 21 0 -37 0 11 3 -58 -13 22 -58 16 -7 -31 6 24 
11 28 19 -30 31 65 57 -33 -1 22 23 -18 -11 -19 -31 46 
-16 -10 12 13 -11 54 -36 4 -19 -36 6 -19 -12 65 -12 28 
39 33 -25 -2 78 -49 2 10 14 -16 35 -26 -1 29 -7 -38 
-81 -29 7 -1 -32 0 53 -24 58 51 -22 53 26 37 -3 10 
-17 7 -8 -9 -4 -1 -6 -27 19 -4 27 -38 -24 -20 -27 -14 
-3 21 17 -3 -8 -18 -5 -26 -3 1 -14 13 -15 -36 -8 16 
6 15 6 -27 1 -8 18 -9 3 18 -23 15 -32 16 11 37 
-16 -17 18 6 1 -10 35 -4 -6 10 -22 25 -4 8 -11 -10 
25 24 6 -6 -22 -12 -27 -10 6 2 -1 -24 13 -2 2 41 
13 2 2 22 9 -21 4 8 -22 -10 -11 -10 -10 -12 -5 -1 
34 13 -9 -5 -21 17 15 -2 -15 9 -23 1 5 1 18 16 
-10 15 -10 14 2 16 9 -9 -8 16 -7 1 -10 -12 -7 20 
-4 -14 1 18 12 -20 14 -1 -18 20 31 10 9 8 -24 6 
-9 10 -7 -2 -5 -5 -15 19 -8 5 30 -6 21 8 13 2 
11 6 10 5 -5 4 -5 12 15 -4 -13 -8 11 -16 5 -3 
5 7 30 15 3 9 13 -3 -13 26 -30 -12 12 7 2 -10 
11 20 -10 -12 -6 -1 12 -42 -16 3 -11 19 -18 -40 -20 -23 
5 -33 -11 10 29 -8 5 -35 14 -47 -11 17 -30 -22 67 10 
-20 3 15 -13 1 -26 15 -3 -34 14 55 37 23 22 11 38 
28 -1 1 67 2 19 16 29 2 -12 -9 -7 19 -19 -29 -13 
1 9 2 -10 -22 0 16 -6 -23 12 22 -33 8 -23 -5 10 
62 23 -22 2 -17 3 5 7 -10 -8 -18 -13 22 12 -32 -35 
19 42 -3 49 2 -7 44 25 -7 -5 1 -32 26 31 -20 -6 
11 -36 12 -15 5 17 -16 10 -18 -20 5 -24 -3 -5 13 -6 
-53 -17 2 43 33 21 7 -6 -20 -28 -15 -37 1 5 -28 -15 
-4 -5 18 -12 -13 -5 -3 -22 -12 -11 -31 0 11 -13 24 21 
-13 29 4 6 21 42 -9 -38 1 22 -13 48 23 25 5 -21 
-12 -11 -13 34 -9 10 -52 -23 12 7 -55 -1 16 -46 15 31 
-23 5 -3 -4 24 -4 -8 -7 5 -2 -2 -18 -15 13 5 10 
-2 -12 -12 -20 -4 15 -9 10 -27 -3 -4 24 -6 4 -35 12 
-17 -26 4 -16 30 -36 -15 -14 -6 -10 17 13 9 -19 -6 11 
-8 4 0 -10 -17 7 -6 19 -1 -2 2 -9 5 -2 1 0 
22 -27 9 7 -3 11 24 3 38 8 4 13 -2 -25 -4 -7 
-3 -19 -7 -2 13 -28 -13 -1 -24 -6 -3 -3 -2 13 17 -6 
-44 6 -21 42 15 24 10 14 18 4 31 -10 -27 -43 -52 45 
-4 39 11 -3 11 -34 14 -58 -51 -13 14 22 -55 -43 3 -16 
48 -30 -19 3 14 52 -7 -43 -46 -4 -1 18 -31 -39 -26 -23 
61 -12 -16 -1 -12 -46 -1 5 -11 -39 38 37 -9 -10 -26 2 
-18 0 41 57 -7 47 10 8 27 48 15 13 34 6 0 24 
24 24 6 0 -5 -11 -4 -30 27 18 12 6 1 2 8 -3 
22 -2 -25 33 -1 -17 -5 12 17 9 30 -16 4 19 -2 9 
20 -19 -6 -16 23 -2 14 -11 42 -14 -15 21 14 2 -12 -28 
18 3 41 -18 2 -14 -2 -55 22 8 -13 8 -1 -37 -25 -4 
52 19 -48 49 28 -32 -29 -14 -25 19 -22 -14 6 -10 9 0 
22 9 2 22 37 -22 -1 29 12 -4 24 13 6 3 15 -20 
-8 -8 13 8 -11 -1 -13 -1 10 3 35 -12 -1 -16 15 30 
-18 -10 3 -11 16 8 -15 -11 -6 -19 -24 39 -1 13 21 -26 
2 17 14 -7 6 18 -14 -18 -14 2 32 -16 -4 -12 -9 45 
-10 -28 -3 4 -5 -26 -7 25 -16 6 -1 -26 13 -20 -3 -8 
-44 6 20 10 -11 0 -11 22 -28 -13 -14 -3 -12 -13 18 -2 
11 -2 -2 -50 -6 -38 -4 -11 14 -5 34 5 -9 -14 -4 3 
-11 21 17 15 7 -30 32 -4 14 7 4 19 2 16 1 11 
2 -14 21 18 -5 -26 -3 19 12 -11 -9 20 -47 -17 -6 10 
8 -4 -6 -11 43 -18 -13 -13 23 3 -10 20 -22 8 -60 1 
4 -28 26 16 -2 -13 -28 -19 -37 29 24 15 -11 -15 -5 3 
-10 20 -19 -18 -7 -16 -4 39 25 -6 -27 -2 -6 -3 -59 7 
12 -4 7 10 -9 0 10 -1 16 10 28 19 -20 -17 -12 2 
-5 -9 -12 -1 2 -18 -1 -6 17 18 13 16 -17 -11 9 -50 
13 46 -14 -18 -51 3 26 -41 -16 -13 -19 34 -14 2 32 -13 
-21 -37 -50 -36 12 19 26 -28 -11 9 -3 42 -2 3 -15 -1 
-10 20 27 -17 -21 14 -25 -45 -8 16 -14 -7 -8 -25 -15 -14 
-33 -2 -3 2 -16 1 30 22 -16 -42 -41 -23 -1 26 1 33 
19 -4 6 -1 23 30 2 8 49 -46 -1 -13 9 -34 8 -26 
12 9 28 22 -11 16 12 35 18 9 -6 -24 -14 32 -10 -55 
-29 -3 -8 16 -33 -8 -17 6 -4 28 -25 60 -36 -13 21 -40 
-28 30 -53 3 38 -69 -21 -10 20 -45 2 26 -36 5 12 -22 
-16 31 -40 40 -4 -4 -4 -18 12 20 25 39 45 -9 -19 -2 
-6 10 -21 7 -21 -13 -17 14 41 -12 -35 -44 -15 37 33 13 
22 -1 -26 -18 33 17 20 -3 38 40 36 -13 -22 8 38 -19 
17 18 9 -18 8 6 -19 -52 -1 18 37 -25 21 15 -35 4 
-16 -7 12 53 -32 7 -2 -61 -28 -2 12 28 11 -29 1 3 
26 -40 -50 -20 27 -41 -34 16 -37 36 14 27 6 -47 -9 21 
-19 -14 -29 -11 -18 -36 -2 49 -56 25 1 -4 -8 -37 -30 28 
-9 -29 -4 -6 -37 10 -42 38 -48 44 -10 16 -11 -3 21 7 
-9 -1 -17 -37 1 13 3 -28 36 30 81 6 22 5 -24 15 
-9 12 33 -12 -7 -15 2 -9 10 -30 22 -14 15 52 -37 -24 
-17 22 58 2 -10 4 -22 -7 -45 -8 8 42 -49 -50 7 -20 
-32 20 -9 -13 3 -14 -11 -5 41 -27 15 4 6 6 -9 -14 
-24 -7 -17 -4 1 2 -15 5 8 7 35 5 25 -28 -4 12 
-33 -28 -30 40 -13 34 14 13 43 -25 20 7 21 8 -4 0 
4 17 -20 -6 -36 46 -3 -37 -32 63 6 24 -15 -7 -15 -9 
4 11 31 0 -15 -10 36 -5 -12 37 7 -51 -4 18 -7 1 
-12 7 24 0 7 40 -24 -11 -43 -26 16 -10 -40 -76 44 -13 
-57 18 46 -11 -24 9 -19 23 -10 8 -1 -53 35 -27 0 -45 
13 -3 9 16 -10 24 14 53 36 14 -2 18 -13 9 27 69 
-24 -4 25 -5 53 60 17 44 40 12 62 2 10 -11 -10 -33 
-18 0 24 8 4 -25 -41 2 -48 -14 -32 -7 1 16 -11 2 
1 10 16 9 -20 2 -19 37 -49 -11 -3 -19 9 21 -27 -13 
31 32 28 38 13 -14 3 -8 -3 -41 13 38 14 10 -7 13 
-7 -33 7 -1 -24 -1 11 -13 -26 -5 -7 -26 3 24 -7 -8 
-34 1 8 -6 55 12 -16 -11 26 -61 -6 28 2 20 -27 0 
20 -1 -12 0 -5 -34 -5 -17 -25 -26 -5 -30 7 2 12 34 
10 -46 -29 24 -6 19 -12 -17 13 7 8 -20 -5 15 -32 -19 
-20 54 -9 13 16 -15 20 -4 0 13 -5 -9 52 -51 -9 14 
-25 -29 -19 -20 -2 -21 5 -10 22 5 -9 -24 -3 24 -15 3 
10 6 6 -19 -11 12 20 -12 -26 -12 27 25 -5 18 -9 9 
9 2 6 -15 15 -18 -2 -12 -5 -6 14 9 -22 11 4 24 
-3 -3 2 3 16 15 -5 4 0 -23 13 5 7 -20 2 -3 
9 5 11 -50 9 -15 6 12 -1 0 8 12 -4 -12 6 13 
-2 19 -2 -10 15 -13 3 3 7 -10 6 0 10 -19 14 15 
3 -17 -9 -1 0 12 -22 -14 -15 -4 -8 14 10 2 14 7 
-4 4 15 29 14 -23 -14 18 3 -7 24 24 -13 6 11 18 
-9 -11 4 27 -7 -32 -8 27 6 13 5 -21 26 17 -3 -11 
-15 -8 36 -1 4 4 -11 -1 -29 18 -1 -13 -19 1 -11 -13 
-2 -28 -18 -20 2 -13 11 -14 18 6 9 -36 -2 -23 -9 5 
-7 -13 -6 -5 -16 -5 -1 2 -6 12 -5 -17 -23 26 13 17 
-7 36 12 46 -62 -11 10 21 -32 -4 -19 -8 -8 -16 -29 17 
-31 -20 23 -18 54 25 8 13 25 2 -48 18 13 15 3 -38 
-18 6 24 -27 17 -25 -17 -5 42 13 -26 23 -2 -12 -13 -14 
-9 0 -3 -10 35 -10 16 -18 -34 19 -15 -57 16 47 -3 -34 
23 -38 -13 -9 37 0 -8 -10 61 -70 -7 -19 3 -29 11 -11 
-47 -29 -47 -1 -41 11 -44 0 -2 27 -26 -85 9 9 32 14 
2 26 47 9 -21 -20 15 23 -34 -29 25 34 7 -22 5 -6 
20 5 52 -12 27 21 20 12 40 20 0 -4 -31 5 -44 -43 
-2 25 -26 -43 -21 -2 -30 -11 38 -15 -34 14 -1 -22 13 -19 
-12 0 -21 26 10 -56 10 -18 -7 36 -62 -3 -30 28 -35 -25 
8 -27 -68 -1 22 -26 11 23 39 -35 44 -32 -49 -49 -52 5 
-6 5 -49 -14 -20 43 31 10 -6 33 71 -4 -18 13 30 28 
10 5 -1 5 1 -35 7 18 -4 9 -9 -20 6 -16 6 -13 
3 -5 -1 3 8 -7 -7 -39 -8 -2 13 0 12 8 14 -9 
-18 2 -28 21 -2 8 -9 -36 -21 -9 1 -4 -9 7 -23 -21 
21 15 -42 12 4 2 -31 4 -9 -12 9 -19 15 28 25 1 
-13 -3 3 10 -3 12 19 22 -15 23 -1 11 22 -13 30 -10 
-5 -13 17 -7 -11 31 -5 -10 6 2 -17 17 15 -8 11 -6 
25 -22 -5 17 -53 52 23 -53 7 14 21 28 38 76 -8 -36 
-3 -48 -61 -37 0 -46 -10 53 -11 11 -59 46 -6 -22 25 -7 
-38 12 0 -21 -30 9 20 -3 17 4 6 -25 21 2 -11 15 
-13 -15 -15 0 -7 18 15 -13 21 51 -4 -20 31 -6 20 58 
25 -18 -33 -24 25 11 44 -3 50 -15 -34 -5 -31 1 53 56 
-8 -31 29 57 -5 -35 -50 -50 10 -18 -33 -26 -11 46 -29 -18 
0 3 -3 -1 6 3 -3 -8 -3 2 5 6 -7 -9 -2 6 
5 -1 1 -7 1 -2 -3 -2 7 0 -5 1 5 -3 -7 -6 
1 -8 0 -1 -2 4 2 0 1 5 -6 6 2 4 2 2 
-2 1 5 -4 3 -5 8 3 6 -3 2 -1 -1 1 -2 -7 
3 -6 1 0 -1 -6 6 8 5 -1 0 1 6 3 0 3 
11 7 2 -4 10 -2 1 -2 4 -1 8 3 5 -1 -1 -1 
0 0 0 0 0 0 0 0 0 0 0 0 0 0 0 0 
0 0 0 0 0 0 0 0 0 0 0 0 0 0 0 0 
0 0 0 0 0 0 0 0 0 0 0 0 0 0 0 0 
0 0 0 0 0 0 0 0 0 0 0 0 0 0 0 0 
0 0 0 0 0 0 0 0 0 0 0 0 0 0 0 0 
0 0 0 0 0 0 0 0 0 0 0 0 0 0 0 0 
6 -10 -18 3 -25 5 14 -6 -13 -19 -25 14 -11 12 29 33 
-21 -16 -33 18 0 -23 -6 -6 25 -35 -24 17 -33 2 -6 -13 
-19 -7 20 12 8 13 -8 -50 -14 -7 15 -1 -18 2 3 27 
10 -8 19 2 17 -3 27 12 11 -8 -34 3 -27 21 -46 15 
17 18 11 20 4 19 -5 -40 7 -3 6 -26 -3 -24 18 -1 
-4 -23 18 8 -13 -19 -2 0 29 -4 -1 -18 8 10 15 -18 
0 0 0 0 0 0 0 0 0 0 0 0 0 0 0 0 
0 0 0 0 0 0 0 0 0 0 0 0 0 0 0 0 
0 0 0 0 0 0 0 0 0 0 0 0 0 0 0 0 
0 0 0 0 0 0 0 0 0 0 0 0 0 0 0 0 
0 0 0 0 0 0 0 0 0 0 0 0 0 0 0 0 
0 0 0 0 0 0 0 0 0 0 0 0 0 0 0 0 
18 14 2 -33 -25 -13 22 20 -5 -13 19 -42 -8 29 -14 21 
18 -34 -12 16 5 17 -10 7 -22 13 -22 8 -14 -10 2 2 
7 11 -8 -7 -15 1 18 -5 -10 -19 -18 -22 -37 -26 9 3 
15 1 3 6 19 4 23 -12 -42 -18 -29 37 9 6 -12 18 
-8 -38 10 24 -9 5 -1 -6 3 -34 9 11 25 -11 16 16 
35 -18 -2 0 -17 11 11 30 -4 -27 -13 -1 -38 -7 -4 -18 
5 7 8 11 3 -14 -9 -3 8 6 0 4 2 6 -3 -11 
-2 -2 -6 -2 -7 -7 -10 -2 -8 5 0 5 7 0 -2 4 
12 -6 2 2 4 -2 -5 -1 -4 5 -2 -5 -1 -3 -2 -6 
2 -5 -5 2 -6 2 -12 6 -11 10 8 -1 2 6 10 -3 
5 -6 1 4 -1 1 3 -4 5 0 0 -5 3 -6 5 -13 
-1 7 -6 2 6 1 1 0 -3 8 1 -6 2 -1 7 2 
0 1 0 0 0 1 -1 0 0 0 0 0 0 0 1 0 
0 0 1 0 0 0 0 0 0 0 0 -1 0 0 0 0 
0 -1 1 0 0 0 0 0 0 0 0 0 0 0 0 0 
1 0 0 0 0 0 0 0 1 0 0 0 0 0 0 -1 
0 0 0 1 -1 0 0 0 1 0 1 -1 -1 0 -1 0 
-1 0 0 0 0 -1 0 0 0 1 0 0 1 0 0 0 
6 10 -13 0 -10 43 17 -20 -1 -8 9 13 -5 20 -25 32 
-21 -1 -14 -8 0 19 4 23 -11 5 -9 -24 -6 9 3 -24 
-24 3 -9 20 5 -3 14 19 22 -21 -23 6 7 22 20 1 
-20 -11 48 -25 10 -8 33 -10 -15 10 3 6 7 -13 -22 17 
14 -11 5 -8 26 -22 4 -14 30 -9 9 -12 22 12 -7 23 
4 -17 -22 22 0 3 -13 15 -1 -11 -28 1 -9 16 4 -4 
0 0 0 0 0 0 0 0 0 0 0 0 0 0 0 0 
0 0 0 0 0 0 0 0 0 0 0 0 0 0 0 0 
0 0 0 0 0 0 0 0 0 0 0 0 0 0 0 0 
0 0 0 0 0 0 0 0 0 0 0 0 0 0 0 0 
0 0 0 0 0 0 0 0 0 0 0 0 0 0 0 0 
0 0 0 0 0 0 0 0 0 0 0 0 0 0 0 0 
1 1 3 0 1 -2 5 0 1 -2 4 -1 -1 2 2 1 
0 4 0 2 -1 2 1 3 3 0 -4 -1 3 0 2 -1 
-2 1 -1 2 0 -3 1 3 -1 0 1 -3 1 3 3 2 
3 1 0 -2 4 -3 0 -1 -4 3 -2 2 -3 0 -3 1 
0 1 1 2 0 -1 -2 -2 2 -2 -2 0 0 0 1 4 
-2 -2 -4 -1 1 0 -2 0 1 -1 -2 -2 -1 2 3 3 
7 -7 10 14 2 0 7 -13 25 -16 -14 -10 -4 -11 5 -5 
-3 15 -19 3 -17 -13 -22 -32 7 0 -8 -7 7 2 -10 6 
14 -10 -32 50 -6 4 -3 -9 -13 22 28 13 -11 21 12 12 
7 35 -30 9 -29 -6 -10 18 -15 16 -10 22 -30 7 1 -24 
10 1 -1 -12 6 -22 -21 5 -5 20 -22 -9 -28 7 31 8 
-1 12 -8 -19 12 -6 37 34 19 11 22 13 18 -6 -15 -4 
-8 9 -46 18 -47 -40 -16 7 -5 -4 -33 20 -5 9 -21 3 
-59 -5 -47 -17 -17 8 0 -21 -14 4 -41 41 -4 -1 -23 14 
14 18 10 -16 -11 28 -5 -24 16 14 14 -7 -29 0 -10 13 
-3 -12 -19 3 -12 -7 10 -9 -2 3 4 3 9 1 8 29 
12 10 -8 -26 2 13 -19 -19 18 -20 -12 -6 -23 0 33 -14 
-15 11 -5 13 -4 4 -22 19 -20 23 -10 17 12 8 -2 -16 
-8 -7 2 -1 17 24 26 -17 4 11 23 -23 3 -24 19 -19 
24 -10 26 6 24 6 -20 -2 0 6 -7 9 -11 -1 -32 13 
5 -16 -9 6 -25 18 4 -14 -7 2 -9 -13 -23 -2 9 20 
10 -14 25 -8 26 -12 22 12 -3 -25 -7 22 7 -13 2 -9 
-17 -14 11 21 -25 -4 17 15 -1 19 8 30 22 2 14 43 
-4 -12 32 -6 -28 23 17 10 -25 -25 -9 20 1 -20 -2 -10 
-2 9 0 -2 2 -5 -12 -4 4 0 -5 3 -2 4 2 4 
-2 7 -2 2 2 -1 5 1 0 3 5 10 -1 -3 -8 -2 
3 -5 3 -10 -1 -6 1 -3 -1 -1 -1 -6 0 -10 -7 5 
3 -5 0 2 4 3 -3 -2 -1 3 -3 2 -1 2 2 2 
4 -2 -9 -1 -3 -4 -5 4 5 -1 2 -4 3 -5 -2 1 
-2 8 2 0 -1 -3 -2 -4 -6 3 11 -2 0 5 3 -7 
4 3 0 -5 2 -3 -3 3 0 0 -2 10 1 -5 3 1 
-3 6 8 -2 -3 -3 0 -2 0 8 1 -2 -5 -4 2 2 
-2 -5 8 -6 -2 5 -10 -2 -3 -9 -3 -1 6 -2 -6 6 
4 -6 1 -4 6 8 -5 -5 -3 3 1 2 -4 8 -3 -1 
5 3 -3 2 -1 -8 -6 3 3 3 1 -11 3 -2 -5 -7 
0 0 -3 1 -10 -6 -2 -6 3 -3 3 -3 -1 -6 3 -8 
1 7 -9 -20 19 15 11 -9 8 11 17 -9 10 46 -27 18 
40 -19 1 -4 -13 28 24 15 -20 -1 16 12 0 -11 1 -5 
12 5 4 24 11 -3 31 12 10 -16 -11 -16 -1 -7 18 14 
21 8 16 24 22 -1 8 14 -19 -1 -20 12 5 -23 -10 -4 
-32 13 8 -25 -11 -9 -10 8 -7 -12 2 24 -7 11 -20 -12 
20 -21 -21 10 12 -12 -15 8 21 -33 -31 -5 -15 13 -1 1 
0 0 0 0 0 0 0 0 0 0 0 0 0 0 0 0 
0 0 0 0 0 0 0 0 0 0 0 0 0 0 0 0 
0 0 0 0 0 0 0 0 0 0 0 0 0 0 0 0 
0 0 0 0 0 0 0 0 0 0 0 0 0 0 0 0 
0 0 0 0 0 0 0 0 0 0 0 0 0 0 0 0 
0 0 0 0 0 0 0 0 0 0 0 0 0 0 0 0 
-9 -34 -17 -16 -8 32 -31 13 -39 -27 14 -2 15 34 -20 44 
-30 -11 19 49 17 14 -24 36 13 -26 -5 -3 -3 11 -35 -22 
-58 3 12 2 -4 13 1 10 26 -34 -12 -32 6 -18 26 24 
-15 25 26 12 16 20 -4 -27 4 2 -7 41 12 7 -15 4 
24 38 -10 10 34 -25 -27 12 -10 -12 28 21 36 7 -21 -2 
-35 -10 -24 -25 -53 4 9 9 27 29 15 15 22 34 -4 35 
0 0 0 0 0 0 1 0 0 0 0 0 0 0 0 0 
0 0 0 0 0 0 0 0 0 0 0 0 0 0 0 0 
0 0 0 0 0 0 0 0 0 0 0 0 0 0 0 0 
0 0 0 0 0 0 0 0 0 0 0 0 0 0 0 0 
0 0 0 0 0 0 0 0 0 0 0 0 0 0 0 0 
0 -1 0 0 0 0 0 0 0 0 0 0 0 0 0 0 
34 -9 -3 -8 26 -19 17 -9 -18 1 -10 -19 25 -8 -14 -13 
-2 -15 10 19 1 -13 -6 18 8 16 -8 -34 -3 3 56 8 
11 18 -13 10 -15 -8 13 26 0 -14 -27 -19 17 12 0 -12 
13 26 -16 9 19 12 -10 -15 -7 13 -9 15 -1 -10 11 22 
-6 0 -8 2 -5 6 -16 7 -29 -21 -5 -4 3 -17 -12 -23 
25 -30 -25 16 0 23 -11 -5 4 -3 -14 4 0 -2 8 10 
0 0 2 -3 4 -2 -10 4 1 7 1 2 8 5 4 2 
3 10 8 -1 0 -6 2 0 6 -1 10 1 -9 1 2 -4 
2 -2 6 -11 -2 -4 -9 -6 -3 -5 -4 -8 4 -6 -7 7 
0 -3 -4 0 5 6 -7 -1 -1 4 3 3 8 8 -3 -1 
4 -1 -7 5 -5 -8 3 4 -4 7 5 -6 14 -7 -11 3 
8 6 2 -6 -7 0 2 -9 -4 8 -1 -7 -1 0 12 -5 
31 -8 5 4 35 -16 -40 7 -19 -10 34 7 -18 3 3 -4 
9 -19 14 -12 -7 5 -10 5 18 -30 -1 -15 -1 22 20 -17 
-12 -17 2 -5 -10 13 -27 4 18 -30 17 -9 16 -3 9 -16 
-7 -2 -8 12 -24 13 3 -11 25 -4 26 0 4 -14 -39 -12 
3 5 9 26 -2 7 25 -3 -2 -4 -31 34 -2 4 -38 -9 
-5 -7 -3 -12 21 -1 -5 -18 -8 -15 9 13 -5 -3 10 11 
26 1 -25 -13 -8 49 3 14 -32 4 18 38 -30 -40 6 -61 
33 13 -8 -12 6 20 -10 -8 -4 1 1 4 9 -9 12 39 
0 14 -27 20 8 34 56 22 -18 -16 -18 46 36 29 -13 12 
-13 -10 7 -40 -4 3 -6 -9 3 3 -33 1 5 -9 -17 12 
-11 39 -5 -13 -22 -18 15 61 29 12 31 -17 8 28 -27 5 
13 -4 -13 -19 4 -23 -6 3 17 -16 25 45 28 -9 -47 10 
6 4 -1 6 -3 16 20 -16 -5 -17 30 -18 -9 -9 -11 -2 
12 -19 -4 19 12 -9 -11 12 23 -8 -24 -6 2 -9 14 -21 
-21 17 -12 5 -8 12 15 13 10 21 3 -5 15 -3 23 3 
1 21 -4 15 -3 -1 4 1 13 -7 -20 13 14 -2 -5 -13 
-13 9 22 7 -8 10 -1 14 -17 -1 14 41 -6 0 15 1 
30 -19 13 -5 0 17 -12 11 17 -1 -9 5 -1 25 -9 2 
4 11 11 6 3 -10 -2 -3 -11 0 -11 11 6 -13 -1 -18 
-4 -4 4 -1 0 -8 5 5 -1 -2 -2 -2 11 4 -10 -4 
-1 -2 6 -15 1 -22 -5 3 -8 -3 6 9 8 -8 3 3 
10 -2 -11 -1 4 3 -5 6 11 -3 0 -1 -3 0 6 5 
9 -5 3 -6 -9 5 2 3 11 7 7 -8 -1 -11 -2 -4 
-11 2 -5 -1 2 -2 0 -4 -9 7 4 -10 6 5 3 -6 
0 -2 0 -2 0 -1 1 0 0 0 0 0 0 1 -2 0 
1 0 -1 0 0 0 0 1 0 -1 0 0 0 0 0 -1 
1 2 0 -1 -1 0 0 1 0 0 -1 1 -1 -1 1 0 
-1 1 -1 0 -1 0 1 0 -1 0 -1 -1 1 -1 -1 1 
0 -2 -1 -2 1 1 -1 0 -1 1 1 1 0 1 0 0 
0 0 -2 2 1 0 1 1 0 -1 0 2 -2 1 0 -1 
0 0 0 0 0 0 0 0 0 0 0 0 0 0 0 0 
0 0 0 0 0 0 0 0 0 0 0 0 0 0 0 0 
0 0 0 0 0 0 0 0 0 0 0 0 0 0 0 0 
0 0 0 0 0 0 0 0 0 0 0 0 0 0 0 0 
0 0 0 0 0 0 0 0 0 0 0 0 0 0 0 0 
0 0 0 0 0 0 0 0 0 0 0 0 0 0 0 0 
-20 2 14 2 -9 21 -1 -21 -16 -1 -13 16 -9 5 18 8 
-37 5 0 5 -3 26 -15 18 -8 12 9 -3 26 19 7 14 
-12 -3 1 3 -4 -17 -9 25 -3 -5 -5 13 0 -12 5 -15 
4 0 26 -6 4 -15 10 -2 -11 3 10 -20 1 -13 -10 9 
0 -39 4 -18 21 -12 -7 -25 0 -7 16 -10 19 13 -8 11 
4 10 -8 19 -3 -12 28 8 -11 -9 7 5 -22 18 -9 20 
1 -2 -2 0 -1 -3 2 0 1 -1 -3 -5 1 2 -2 2 
-1 -2 -3 -1 -1 0 3 3 1 0 -1 4 -1 2 0 1 
1 3 0 -2 1 -1 -2 -2 0 2 -3 -2 -1 -1 1 1 
0 4 -1 3 -2 1 -1 -2 -2 0 -1 -2 3 0 0 0 
1 0 2 -2 3 -1 -1 0 0 -1 -3 0 -1 -1 3 -1 
0 -6 -1 0 -2 2 0 3 1 0 -1 -2 -3 0 3 2 
-6 -1 -8 -1 4 12 8 -2 1 2 -7 5 2 -8 0 -2 
1 -6 4 7 4 -2 -8 6 -6 6 2 -6 5 2 2 3 
2 -4 -3 3 9 -10 -5 -1 0 -5 0 -8 16 -1 -6 1 
-1 1 0 -8 4 4 5 -4 -3 4 1 7 8 4 1 4 
5 -7 -1 -2 -1 -5 3 5 4 -3 5 -6 13 -5 0 2 
7 0 -5 7 -9 -3 -10 5 -3 -1 -9 -4 -5 0 -5 -4 
23 8 7 13 14 -19 33 1 -25 -39 -9 38 -20 -34 23 -47 
-4 -12 19 -16 15 24 -38 -2 -2 6 -35 -13 -11 12 -1 -4 
-13 -4 4 3 44 -1 -34 -16 7 -5 21 48 8 19 2 -12 
-2 35 27 -4 -3 -24 27 -3 -3 -23 -21 -41 1 -30 -19 30 
20 -25 3 30 14 19 16 -10 18 -9 -25 -34 -17 0 2 -21 
-5 -5 -6 43 -11 -24 21 -8 0 10 11 9 40 -54 -21 -24 
23 -22 -4 10 3 -7 -12 11 17 -16 13 4 11 11 -13 36 
20 11 -35 14 22 -4 41 -4 -20 -21 36 9 21 14 25 18 
40 -5 3 30 6 -28 13 41 -19 -21 -13 -19 -10 -5 -15 -3 
-6 -7 11 26 -31 15 -18 35 4 -6 -4 -11 -19 -25 -1 -2 
2 10 2 -8 22 44 15 -44 -24 29 3 -9 -12 -1 -35 -11 
0 -1 16 -9 23 -10 19 -16 13 -27 62 10 -57 28 -12 -4 
0 1 1 0 1 1 1 0 0 0 0 1 -1 0 2 0 
0 1 1 1 0 0 0 0 0 0 0 0 1 0 1 -1 
-1 -2 1 1 0 -1 1 1 0 1 1 0 0 1 1 0 
0 0 1 -1 1 0 0 1 0 0 0 0 0 0 -1 0 
0 0 0 1 0 0 0 -1 1 0 0 0 0 0 0 1 
1 0 -1 0 0 0 -1 1 -1 0 0 1 0 1 0 0 
1 2 2 3 0 1 2 -4 -1 2 0 1 -2 -5 4 -1 
-4 -3 -2 1 2 -1 5 1 0 0 -2 -3 1 2 3 -4 
-3 -7 0 1 2 -2 1 3 -1 2 4 2 -1 2 0 -1 
-4 6 1 1 1 -1 -2 5 2 -3 5 0 -1 -3 -1 -1 
2 0 2 1 0 4 1 -5 -2 1 -2 2 2 0 3 6 
-1 0 4 3 -1 -1 3 0 -1 -2 -1 -1 3 -1 -4 -1 
0 -1 -3 3 1 -6 3 -1 7 4 -4 0 0 1 -3 -10 
2 1 -6 -2 -1 3 2 -2 -2 0 1 1 -1 0 -4 -2 
2 4 -4 -4 -4 -2 5 0 3 2 -3 1 -1 -2 -3 0 
-3 -4 2 -4 -2 1 2 0 0 -4 1 1 2 0 3 5 
0 -6 -3 -7 -1 -4 -1 0 -1 1 -5 7 -2 1 6 3 
1 0 -6 4 5 -1 -3 0 -4 2 -3 2 2 -3 1 -2 
19 14 -3 -6 10 -21 -28 -32 -26 -8 -23 8 -27 -1 38 41 
-6 21 7 32 18 22 56 26 32 -15 21 9 4 -28 -25 -36 
-20 -26 18 -22 -1 32 35 -7 -20 2 -24 18 -27 -40 0 -15 
41 -22 18 -5 42 14 15 22 18 1 -16 -15 -40 15 -63 18 
-5 4 -36 -1 3 24 -33 49 11 0 -11 -6 18 21 -28 -12 
0 4 -3 -14 -27 -20 13 -10 8 0 37 27 -7 4 19 -17 
