-201 230 27 139 41 19 131 -97 49 99 -52 86 118 50 -87 24 
57 30 159 57 -80 -107 178 101 -14 55 26 -28 -120 -48 -72 83 
-81 -33 43 -71 73 43 72 -18 -9 23 -102 47 3 8 -110 -23 
-125 46 154 61 34 -95 128 55 100 47 43 -174 30 -51 15 178 
-99 28 10 -56 52 -15 74 -44 -96 7 88 52 -32 -25 -104 12 
0 0 0 0 0 0 0 0 0 0 0 0 0 0 0 0 
43 53 -21 -95 -71 82 -25 -51 43 34 63 -18 -14 24 -69 7 
11 -74 -35 133 -52 65 -76 -9 0 0 0 0 0 0 0 0 
14 1 126 -89 39 90 -37 45 -55 -9 -13 58 71 35 1 29 
-1 70 -90 -12 43 143 1 78 0 0 0 0 0 0 0 0 
94 -129 41 67 -113 -69 8 13 -48 52 -72 47 25 -70 -60 68 
-21 -96 -12 10 -111 3 -85 -31 0 0 0 0 0 0 0 0 
20 -3 -77 -51 6 -13 -92 46 19 18 42 -1 -24 -115 113 41 
19 -20 59 -18 21 13 -105 45 0 0 0 0 0 0 0 0 
-66 -124 -13 9 -58 -58 -8 63 -17 -30 -43 74 -6 61 33 -18 
85 10 22 -3 54 45 8 -27 0 0 0 0 0 0 0 0 
0 0 0 0 0 0 0 0 0 0 0 0 0 0 0 0 
0 0 0 0 0 0 0 0 0 0 0 0 0 0 0 0 
4 -44 -13 8 -19 -51 -51 -12 -33 -57 1 12 60 -7 -20 29 
25 53 1 38 -39 7 -53 -87 0 0 0 0 0 0 0 0 
-22 -88 43 -10 26 11 35 54 -33 76 81 51 -67 -36 -93 34 
46 89 41 -14 -52 103 8 93 0 0 0 0 0 0 0 0 
-51 -24 13 -14 -33 -67 -54 -5 66 64 -1 116 15 33 -84 -18 
-59 23 69 32 79 111 37 17 0 0 0 0 0 0 0 0 
-10 -55 -43 31 -22 -18 -26 86 59 -87 66 82 -57 -67 -24 -48 
44 81 13 39 54 32 84 27 0 0 0 0 0 0 0 0 
-47 48 25 -91 -37 43 46 -15 108 -12 -1 -38 18 55 15 -41 
127 -46 -46 -54 65 -43 -30 44 0 0 0 0 0 0 0 0 
5 -99 37 -44 10 -189 -45 122 -102 -129 -5 -27 -120 32 105 -16 
-24 -19 -11 33 183 102 -45 -6 0 0 0 0 0 0 0 0 
61 -117 -118 -67 14 96 64 13 -55 10 -39 -37 -250 -22 -9 -50 
119 -64 2 87 160 -11 -153 37 47 28 -12 30 -6 44 -27 131 
-26 6 -118 156 8 28 9 26 0 0 0 0 0 0 0 0 
-21 -47 5 25 -86 39 37 0 -6 87 -6 21 29 -4 46 52 
9 -5 -54 80 -111 8 -77 32 7 0 29 26 2 -18 12 53 
75 3 35 82 -46 -12 54 35 0 0 0 0 0 0 0 0 
4 -110 -59 48 -73 65 -21 21 24 -6 42 -54 72 47 34 -25 
-35 -1 6 -15 -62 48 103 -98 -63 47 84 -2 -26 95 12 73 
-2 17 -14 -40 33 -15 -12 66 0 0 0 0 0 0 0 0 
-12 -26 -3 -24 12 -45 -77 45 -141 25 18 -83 74 42 -28 68 
37 9 -43 10 36 59 -5 38 7 16 77 24 15 -20 73 21 
45 21 37 -12 -52 1 54 -12 0 0 0 0 0 0 0 0 
0 32 -60 -61 5 -19 34 116 -25 -44 10 11 55 -8 -35 -7 
50 -15 7 -10 27 -77 7 36 -8 -6 34 -87 -90 16 -19 13 
-42 108 116 39 -39 80 21 13 0 0 0 0 0 0 0 0 
51 65 23 -17 -7 -57 41 45 41 -38 39 39 -41 26 -29 16 
5 -18 -19 -44 50 -40 14 -49 -19 -51 -11 0 -65 -3 -91 35 
32 4 22 -34 -10 34 106 42 0 0 0 0 0 0 0 0 
29 -18 19 9 38 -27 57 -39 -25 45 56 17 -3 96 -48 -64 
-19 54 0 -46 -46 -81 -62 -35 -42 -10 -41 2 48 -19 136 -37 
9 31 -64 -87 17 -67 -27 -22 0 0 0 0 0 0 0 0 
-83 -18 -17 -39 -47 32 -30 12 -23 20 19 -38 77 9 119 50 
-26 -19 -51 -58 -54 43 54 13 6 -67 37 24 23 46 57 -43 
32 61 -37 24 -56 -111 20 -1 0 0 0 0 0 0 0 0 
-5 54 102 93 -53 94 23 14 -10 -126 -151 66 -89 -63 -42 -67 
-82 -11 46 -80 -90 26 -36 68 -28 -99 -31 32 64 83 -38 26 
14 -6 -113 10 -75 56 -14 -46 0 0 0 0 0 0 0 0 
-54 -59 6 6 -25 65 43 31 39 -50 -37 -7 -16 -122 -44 15 
96 98 -71 31 17 -42 -1 -6 46 -53 -12 87 -33 108 -104 0 
-66 -55 17 118 29 117 -29 -76 0 0 0 0 0 0 0 0 
-48 7 34 -5 104 -59 -44 96 74 15 44 -102 -112 -83 107 -30 
-12 41 84 9 -89 -118 -80 -47 84 -107 -132 23 -36 12 -1 -37 
34 -31 65 65 -105 -26 -65 109 0 0 0 0 0 0 0 0 
24 54 48 -24 -10 41 -58 15 -63 52 -19 -19 -18 -9 26 -7 
3 21 58 -7 -3 3 23 -5 -46 -56 -45 -48 -20 6 -60 -38 
64 24 -4 -13 -11 3 -21 25 0 0 0 0 0 0 0 0 
-20 53 112 1 47 10 -52 -12 6 53 25 -11 18 -45 -37 42 
9 -11 82 0 -46 7 44 -9 -8 -37 -52 -119 -7 -2 -19 -11 
9 42 95 30 37 56 -43 16 0 0 0 0 0 0 0 0 
-75 -18 -91 -25 40 49 -84 15 69 37 54 -121 55 -43 -48 157 
69 -17 89 92 -111 86 59 22 176 -3 84 44 -42 -162 34 10 
16 -5 47 39 3 108 -82 45 0 0 0 0 0 0 0 0 
-56 -79 -42 95 -32 102 52 -33 26 -15 102 -2 -63 36 2 44 
32 21 -48 -19 10 -75 104 38 68 138 -28 63 24 85 63 -18 
-48 32 168 -117 73 -35 39 7 0 0 0 0 0 0 0 0 
-29 1 64 22 37 39 -24 25 23 39 -1 70 26 -2 -69 93 
-25 27 47 -25 1 -44 -50 68 -2 1 -43 65 60 -19 68 -6 
-49 -31 -54 -32 50 -4 0 12 0 0 0 0 0 0 0 0 
47 61 24 -29 -24 29 11 -88 58 56 68 -27 -3 19 -73 -65 
32 -34 31 19 3 -65 -58 21 -48 24 93 9 41 35 -1 -6 
-45 13 -20 -83 20 -14 2 43 0 0 0 0 0 0 0 0 
10 -23 13 7 25 27 -9 45 -70 -19 8 39 -12 -31 2 37 
72 -70 -17 -28 -37 -58 -55 23 28 -4 19 -13 5 0 30 -3 
-34 3 -30 78 -139 19 -37 -79 0 0 0 0 0 0 0 0 
26 35 -70 -51 -38 -74 53 -2 6 11 -50 111 -31 6 -41 -69 
-40 1 11 78 -43 -32 -37 -25 -58 -42 54 -21 27 -81 22 20 
-21 9 -33 1 6 1 16 73 0 0 0 0 0 0 0 0 
-58 19 126 -58 47 67 -14 -12 32 42 0 -60 -64 -69 -36 20 
-31 26 114 112 -2 -19 -2 -24 -80 -101 -20 55 2 -17 87 -6 
26 41 -28 16 52 39 14 31 0 0 0 0 0 0 0 0 
14 5 -9 0 -39 11 -1 57 -35 -8 -41 -61 48 7 86 17 
-79 14 36 -30 -29 -2 56 44 -4 -6 -4 -19 -38 38 -61 8 
6 13 -26 -22 -47 5 3 -38 0 0 0 0 0 0 0 0 
-20 -11 55 -79 20 49 -71 36 -66 14 39 -75 -17 42 -24 -55 
-51 -27 57 -23 43 -55 -12 17 -62 68 -34 12 -23 8 -29 3 
-51 45 22 -41 -102 -27 18 38 0 0 0 0 0 0 0 0 
-31 13 -95 -8 -28 67 9 -74 -69 -42 43 -54 -30 70 -54 11 
-12 59 -8 -26 -2 29 -47 29 24 51 -44 13 24 -9 9 54 
-92 -12 86 -89 18 -50 62 -21 0 0 0 0 0 0 0 0 
50 -1 10 -24 -29 -16 5 -29 -66 -20 -12 -29 40 -7 51 -12 
-8 9 37 40 -11 52 -17 -21 -13 37 35 -1 16 -41 45 24 
-5 21 18 0 -72 -8 -39 -18 0 0 0 0 0 0 0 0 
50 4 -63 -29 -41 -17 -2 39 41 -42 28 30 -31 63 30 -19 
-32 -31 -46 65 -23 25 -55 -4 39 -28 -7 13 4 -42 -7 32 
21 -7 31 -5 -55 -46 15 13 0 0 0 0 0 0 0 0 
21 13 89 31 52 -10 14 -63 -22 40 31 31 -22 -34 90 12 
67 -39 29 16 -55 41 -39 -3 15 78 -14 20 -8 43 -48 -16 
22 -49 -3 -53 -27 26 11 -39 0 0 0 0 0 0 0 0 
2 -17 -26 2 13 -42 30 -65 -45 -26 -57 0 75 -10 36 -33 
-36 5 -2 -7 38 35 -22 -36 -17 -1 -86 24 84 28 76 63 
8 56 23 16 -78 2 -61 7 0 0 0 0 0 0 0 0 
20 -68 69 -40 22 34 -107 6 -21 26 33 -55 -45 20 -19 69 
-39 24 35 16 -46 -56 22 -20 61 -4 -35 52 49 -10 68 27 
13 -42 51 -10 -16 -45 -53 -15 0 0 0 0 0 0 0 0 
-49 42 -28 -72 33 51 2 -9 -45 -73 -30 19 27 -44 -11 51 
47 -21 8 11 -23 -25 -18 85 -11 -12 15 -43 16 -34 -6 -1 
24 32 21 16 13 -40 36 -31 0 0 0 0 0 0 0 0 
8 -42 46 -62 -9 -6 11 22 -76 77 -10 29 -6 -39 39 55 
-45 19 -28 23 -34 -36 53 8 89 -1 -67 11 27 14 49 -78 
-56 14 -35 19 80 -47 -85 -23 0 0 0 0 0 0 0 0 
-5 30 -1 -30 -71 16 54 -31 -7 14 40 23 -71 42 45 2 
18 -30 -23 45 42 -27 -26 33 -2 10 19 -15 14 31 -48 56 
-32 4 1 -17 -33 -42 8 21 0 0 0 0 0 0 0 0 
12 -15 37 -33 -31 -27 -11 -42 -32 -30 41 -7 -24 -22 13 4 
33 35 2 -8 18 -21 -49 -10 11 -72 35 26 -9 -53 59 -15 
-46 -12 -36 -18 -48 22 13 -7 0 0 0 0 0 0 0 0 
-58 37 6 -72 -21 31 -31 24 -32 2 69 78 75 -16 -15 -2 
-32 23 44 44 22 -89 -6 -68 -80 -54 12 -9 2 -21 -16 34 
-2 67 2 -32 28 -25 94 39 0 0 0 0 0 0 0 0 
1 36 -34 4 45 22 -52 -15 -40 53 -82 -24 -34 15 -9 1 
31 -5 19 25 2 19 1 68 21 -1 -12 0 48 -35 26 -44 
-24 7 -27 36 -19 -40 -22 47 0 0 0 0 0 0 0 0 
13 4 -19 6 43 17 -20 32 -30 0 -37 39 -10 -6 46 55 
2 -2 -8 -37 -56 -2 46 31 -62 -77 -30 -46 46 -2 -41 -5 
24 50 15 30 -19 -48 57 12 0 0 0 0 0 0 0 0 
8 1 -6 -25 12 -37 -24 31 6 -18 33 44 30 -21 51 -42 
6 -25 -22 -5 -32 29 76 -34 -40 -13 -13 -48 26 0 -67 31 
-35 28 -24 24 42 5 33 55 0 0 0 0 0 0 0 0 
11 -9 54 -28 -83 -26 22 1 37 -49 -8 56 -50 29 -32 -38 
-58 -27 -16 1 -53 32 -80 28 8 38 23 35 24 23 54 -2 
-1 38 -20 -37 31 -10 22 -28 0 0 0 0 0 0 0 0 
0 0 0 0 0 0 0 0 0 0 0 0 0 0 0 0 
0 0 0 0 0 0 0 0 0 0 0 0 0 0 0 0 
0 0 0 0 0 0 0 0 0 0 0 0 0 0 0 0 
61 -46 121 12 -74 87 25 68 35 -39 -6 53 -3 14 -27 -31 
-129 35 -84 63 58 26 -17 -122 -82 -21 29 -36 54 84 -16 -31 
-31 -64 76 -1 -113 29 -4 -77 -111 33 30 -18 -16 -18 -9 2 
44 1 -21 5 0 21 41 -20 78 -43 48 -108 130 43 -99 -129 
58 65 19 35 46 -11 -16 0 30 6 57 38 -5 -81 25 -63 
16 -58 11 -67 -79 -27 44 -100 27 -64 47 -83 -3 19 -1 3 
-52 60 48 33 36 -38 -10 45 -14 59 -5 -23 23 -26 65 -20 
38 10 -6 71 18 36 61 96 -25 -3 66 39 -71 -18 36 46 
-37 -33 83 62 -77 1 30 -42 -61 5 46 -97 -11 17 -48 8 
12 3 35 -101 10 -54 79 -34 21 6 -22 78 13 -103 21 40 
-52 -2 -68 100 -61 27 -5 22 11 1 -27 43 -57 -41 13 60 
1 -28 16 -16 15 1 -65 66 -4 46 -100 12 -12 62 26 71 
-18 59 16 30 -33 -7 31 6 40 44 34 139 -45 -42 -32 25 
-72 0 -97 -46 27 25 23 52 -85 38 -43 19 18 -35 -9 -26 
36 -43 19 -118 41 55 -15 110 -38 -34 -11 -4 28 39 -66 -5 
-53 -2 25 -84 5 13 48 -55 -53 -31 -12 -50 -44 22 -9 -77 
-103 -9 -8 -20 -28 20 11 5 19 -7 -19 66 29 -17 53 -28 
-26 -13 46 18 -54 -86 8 -61 -40 20 -18 -43 -1 60 -68 35 
49 -52 3 6 22 2 -18 -67 -12 -27 -19 64 120 15 13 67 
-44 2 -48 -15 32 -26 -17 -33 -48 -37 -32 79 33 49 17 -45 
15 -44 109 -13 -14 -39 -45 19 41 54 35 11 -13 72 -3 -59 
-19 -29 35 38 -11 43 -31 -27 -18 -1 47 -42 -1 12 34 -20 
-45 15 41 -49 -80 -20 41 5 56 -39 -27 -30 26 -73 45 55 
47 -47 -30 -43 69 -64 -25 -47 -57 -41 -89 -78 129 -23 -46 -19 
70 -21 -16 -60 -7 -54 41 20 -111 -32 -17 3 68 -39 -63 -38 
23 -51 -46 -17 38 62 -38 3 44 -76 -5 22 -68 81 75 59 
-31 37 -53 -5 -24 108 9 52 21 20 31 6 23 -72 126 -79 
-8 -15 -23 35 7 -91 -1 25 16 6 22 0 51 -7 8 25 
-1 37 -7 36 2 61 1 -6 17 7 -31 52 1 -46 32 -17 
-23 19 44 -3 -12 30 59 26 31 -10 106 23 18 -77 8 -19 
53 85 11 -49 -9 -39 12 -29 -5 -15 19 -42 -34 48 -25 13 
-35 52 66 13 26 -31 35 13 59 -52 -36 23 73 46 3 -56 
-44 7 26 12 26 -35 63 -44 -15 -6 24 -70 -34 52 -24 -31 
-9 44 40 -10 -5 -49 21 -28 -71 -4 -47 -15 -30 -12 20 -14 
-86 -9 -52 8 -90 -69 -37 17 5 -7 -26 -22 -60 16 30 14 
-25 -104 8 -77 1 -59 -42 6 -86 -56 -23 -36 13 -5 -46 79 
9 -42 -46 -30 14 36 49 7 -27 11 -42 -74 67 8 -25 -24 
-51 11 -28 -22 37 -69 37 -61 -29 -8 52 -47 26 -6 -36 -6 
45 10 -36 -56 13 55 21 54 -107 25 5 10 -3 -40 22 24 
-79 12 -40 -14 -28 53 -8 71 -6 26 23 -48 -9 -28 26 40 
-38 38 68 -43 12 6 -55 -26 42 -52 -13 -3 39 -26 -29 -43 
-39 15 -37 26 68 -17 7 -27 -32 -22 -58 -19 -21 20 41 17 
-33 22 38 8 62 8 -3 -8 -25 33 20 32 -52 45 7 2 
-17 5 -59 107 37 0 65 0 24 47 -30 37 -26 58 18 -16 
80 33 -62 14 51 5 -11 46 -44 0 53 -18 73 47 -71 -11 
-21 2 11 67 -7 32 -24 14 -33 27 13 -48 -48 -30 29 -10 
-13 -26 -44 67 -51 -27 -8 9 8 17 57 -21 48 -6 -42 -7 
24 -54 26 14 8 -30 67 -2 4 -90 -39 20 8 44 0 -21 
17 -11 5 42 -20 -26 46 11 36 97 -100 -5 -46 18 -33 -55 
12 28 -5 99 35 88 -5 12 -54 10 10 -20 22 6 -10 41 
18 16 -41 -28 46 -40 -2 71 1 -54 -47 23 21 28 -9 -14 
15 7 -74 -25 -69 38 -51 -77 57 11 -74 -5 8 56 -5 -28 
90 86 12 -8 -45 -59 -50 2 23 30 11 -41 88 59 65 1 
-28 21 54 28 28 88 -59 28 -38 2 65 49 -117 27 28 -17 
-68 -65 -19 22 8 11 19 45 38 44 -15 -1 -20 20 -4 -5 
74 -6 80 -84 -21 7 -3 1 1 -42 10 -37 -38 -10 -46 5 
16 -55 -22 10 16 39 96 15 -39 -25 -15 -126 40 18 -36 41 
-40 39 -53 -49 32 12 0 -12 -34 8 -1 -4 88 -33 18 -37 
27 81 31 21 -33 -9 -35 -25 -11 54 25 99 -22 38 -7 -45 
-44 7 -20 34 -33 -2 -2 -18 10 -19 -43 -13 83 -4 -95 -63 
-31 -4 9 0 -5 -30 -31 -5 16 -10 -17 -52 -12 -27 -34 -36 
34 36 47 26 -38 -7 33 0 -28 -1 -3 33 38 -6 28 -28 
13 -27 28 -33 48 24 -15 36 -1 -30 -56 2 26 36 10 9 
-4 -28 59 -25 100 2 -35 13 -30 92 -67 15 -92 80 62 -58 
158 -14 -56 9 108 1 -16 48 -64 67 24 60 17 -45 47 -82 
31 26 -62 21 -7 110 -18 -48 -15 -10 -35 92 -67 -2 22 75 
-1 0 25 11 16 16 -82 -57 19 -4 -76 -57 -29 35 -3 -36 
-50 12 -99 81 -80 5 4 3 95 63 -48 -4 61 -21 -73 -11 
-16 -56 -13 -60 55 23 34 -73 11 -48 -52 -2 -15 -22 -31 -16 
-9 29 22 -47 5 -31 3 -32 35 -48 -3 2 70 3 1 31 
37 33 -25 -34 18 -9 7 -11 -5 76 -13 16 -39 35 -39 -37 
32 -1 3 28 28 30 -87 25 -44 -19 -40 -40 -17 -15 -41 52 
-43 61 -54 -32 34 -17 -46 32 35 -66 -12 -35 14 -16 33 -89 
-56 24 -2 -22 -8 33 -17 -7 45 -27 55 31 4 10 6 -2 
-34 -4 17 12 30 3 2 -15 -18 15 -21 -1 39 79 -61 -29 
39 -84 28 4 -3 -82 -1 24 -7 42 29 -78 70 29 -1 -43 
-47 -5 50 7 -12 9 -49 20 -50 12 -10 36 -5 -66 -20 -5 
28 -8 16 -33 -67 29 34 17 51 19 -53 52 16 -2 8 59 
-28 49 43 -64 -28 9 -46 13 -44 -33 -32 31 57 -7 40 -78 
21 -5 -114 -36 65 -48 9 4 8 -13 4 5 -45 68 42 2 
4 -18 3 44 -77 -15 32 51 22 19 79 21 17 -56 -40 35 
5 -9 -26 14 -49 32 -2 10 34 4 -15 -26 -19 20 25 58 
10 19 -55 67 18 -21 -62 75 29 -52 -21 62 27 -15 -9 18 
17 -3 -8 6 -26 -56 -20 -21 8 2 8 -28 -31 -35 -14 -1 
31 -20 -1 -19 -11 9 30 -14 -1 -2 -7 39 -23 -62 -23 9 
-3 -35 23 23 -8 26 39 -9 13 -15 -15 -5 41 -21 25 5 
3 -14 13 1 3 -9 39 -10 -39 -35 26 -2 16 -2 17 20 
40 -11 46 -25 -13 31 -10 -52 -42 -5 30 -38 9 -2 -37 77 
48 -2 5 39 18 -50 -9 44 17 -2 12 21 32 3 8 -21 
39 19 -14 -54 -13 -9 -17 2 -2 -28 30 -31 -36 16 16 46 
15 -2 3 15 21 36 24 10 -15 43 14 15 62 -11 30 -29 
30 24 26 -52 1 24 -16 6 -38 -5 8 -4 25 -44 23 75 
42 -39 12 -3 -60 -16 48 12 -29 -7 9 -9 8 49 1 68 
-22 -51 6 1 12 15 -32 -2 -3 11 56 -17 9 10 -61 -26 
-42 -4 74 -36 -1 25 23 -17 -21 34 31 -31 -32 -46 37 -1 
-23 13 -31 -45 -21 1 51 -4 20 -9 -24 28 2 -28 -1 25 
-9 16 1 39 77 2 55 -17 10 -7 -23 5 -30 -28 8 -51 
-31 -20 13 -20 33 -94 -7 21 -18 -46 1 -17 -28 42 -44 10 
28 -8 -50 20 -29 -8 24 50 37 -19 4 34 7 10 -39 29 
14 -8 3 -51 -25 16 33 -30 5 5 -25 -2 1 -48 -22 -53 
-4 6 13 40 -27 -24 -4 19 17 -23 7 -1 14 6 39 -32 
38 18 4 -33 -58 -32 -20 30 -1 -21 1 -2 -3 13 28 -9 
10 22 -21 5 11 -10 15 -9 13 8 37 18 -14 -10 24 -8 
10 -32 20 -51 -30 18 -20 -21 10 -24 16 1 0 0 -6 13 
50 14 -5 -7 14 -2 42 19 0 -17 15 -32 18 -2 -6 17 
2 -7 -2 -38 56 -17 -22 -19 -34 -29 -54 5 -16 -24 11 15 
-13 -16 5 17 30 7 6 2 -8 -3 21 -26 3 28 -33 33 
-13 -24 -13 -2 17 -29 -44 13 -1 -2 -1 0 42 19 -16 -16 
-34 42 29 3 -7 6 -30 28 8 -23 42 1 8 -22 -7 12 
28 -10 3 -8 20 -25 -21 -8 -31 -5 -9 19 8 -34 -29 -14 
4 -11 22 2 -22 -23 18 -20 -23 -4 -21 3 -6 7 11 -8 
45 44 48 62 36 26 11 -46 -19 9 25 11 26 9 48 21 
26 31 -6 0 -13 10 -23 -3 -10 -17 -14 -24 36 -32 -9 1 
-4 -25 29 17 -22 -5 -15 35 -52 14 10 5 -23 -18 -2 29 
-17 11 -3 -19 -6 3 -18 62 -18 -2 2 25 -27 1 14 30 
-6 45 -30 -16 -2 16 37 -17 23 47 40 2 21 3 -20 15 
-12 9 22 -23 17 -18 47 8 -4 45 9 5 27 17 -16 19 
9 -3 16 -71 28 51 64 -13 -22 -35 -26 56 7 -2 -6 -6 
5 37 -11 41 22 -12 24 24 29 -30 30 -20 -5 -24 93 -15 
-27 25 -35 -14 -10 -37 0 7 17 -29 37 -9 -12 21 15 -12 
5 -12 59 -20 6 25 31 10 5 -37 -18 4 6 -26 -29 63 
-7 -7 -38 9 12 18 -36 -40 -58 -2 5 -9 21 25 16 18 
23 17 -12 0 -7 -55 -13 7 -2 -46 -33 -44 -47 10 11 4 
29 5 -13 -36 55 18 -5 -52 -29 -6 -35 92 -41 -19 14 -6 
-7 14 35 -25 31 -24 -26 19 23 -16 -21 0 -2 34 15 7 
-16 2 7 -3 -15 0 9 32 5 -3 8 7 32 26 -9 -21 
9 30 60 -29 -21 -10 43 28 15 -5 -9 -27 -33 -17 -12 14 
27 30 -48 -11 25 -29 -22 0 11 30 26 -37 -2 23 -40 12 
39 15 -20 -17 22 -73 -10 -23 -2 -42 5 18 -9 -23 3 29 
5 10 -17 8 16 2 -19 4 -29 34 -14 35 0 8 15 -23 
-17 0 -6 1 49 -5 -12 -23 27 3 32 30 5 -20 4 -7 
-23 -16 -2 -38 -1 -43 4 -1 -6 41 10 5 7 -44 -34 16 
8 32 -17 23 7 -23 -23 4 -15 47 -26 -19 -26 -10 7 -29 
-2 0 -25 -23 16 0 -22 23 33 20 48 -17 -16 -27 8 -5 
-2 19 -4 0 -20 11 16 15 -11 12 27 -10 6 50 -20 -7 
25 -18 -8 0 -26 3 0 0 11 24 -11 -10 -3 -12 14 15 
-1 15 6 22 -4 2 33 -15 14 -2 -18 27 -8 -8 -32 -27 
9 7 -13 25 7 -8 12 -29 -22 10 3 15 -22 30 5 -23 
-1 35 -10 -1 18 -27 20 -20 -15 -1 -11 9 2 5 -9 -9 
4 -4 -2 40 8 9 3 5 21 1 2 10 3 -9 12 -12 
-7 -11 -4 15 5 29 3 17 21 24 -16 0 8 -10 1 -6 
4 23 25 -15 17 -25 23 -8 -27 -35 -38 24 -27 -18 -15 10 
7 18 38 -18 13 10 -38 -37 -7 -9 9 -18 -11 -15 9 -16 
14 -8 25 -30 -6 -6 -35 -15 17 -15 21 48 -23 -53 6 -40 
10 12 -5 7 -42 -70 -3 2 13 -32 1 -60 31 9 -15 1 
4 -59 -1 20 -2 13 -23 31 17 -15 50 -38 -31 9 -13 -32 
20 5 -4 4 3 9 42 -19 -1 -26 20 31 30 -46 23 25 
5 27 17 -16 20 -2 27 -26 -66 -1 -42 -2 2 -19 -5 15 
-43 20 30 -19 18 -12 -3 26 40 6 -17 -23 -22 -24 4 -63 
-35 2 -20 -18 -19 16 31 -15 -2 20 6 42 89 -13 -56 22 
-16 45 31 29 28 37 -12 37 43 -9 23 4 58 43 27 33 
18 6 -45 -15 44 -1 -18 29 -23 43 4 51 26 -33 14 -29 
33 0 12 13 -18 25 -5 -48 0 2 -14 -55 12 9 -50 -6 
2 34 39 8 -44 51 11 -11 7 7 44 -16 -29 -30 12 1 
5 20 -5 -22 2 -9 -49 -2 8 1 -75 8 12 -30 -34 -35 
-4 -22 8 10 -4 12 -1 -33 18 7 19 -50 11 16 -7 78 
-25 -4 -14 24 11 27 18 31 37 18 3 25 24 24 -3 -32 
-2 34 15 16 -6 7 -16 -10 -31 3 -34 18 -18 5 -6 35 
3 -9 13 -7 -8 -11 -24 -8 -19 11 19 -33 5 -1 -31 -2 
-13 -10 -28 30 -10 -1 -4 12 25 10 21 -17 30 9 3 9 
5 19 -11 13 -13 -5 10 -19 12 -11 -14 2 -6 -10 11 14 
-1 1 0 31 -5 17 -1 -16 18 -1 12 -23 7 -8 -12 2 
1 -14 -8 4 4 16 -1 -16 5 8 22 30 -30 10 18 -25 
-3 42 12 6 13 -15 -5 0 -7 0 -5 6 1 14 17 -2 
-29 2 9 -24 11 0 -2 -10 -6 17 2 6 12 0 -12 7 
-8 8 -3 22 -2 5 -13 -9 6 -7 -6 7 5 0 -2 -3 
-14 6 7 -2 0 -5 -4 1 -13 2 0 1 -6 -14 -19 -3 
-16 -12 0 -7 14 0 -6 0 -4 14 -7 -2 -4 -11 -3 8 
-4 -6 9 3 -1 1 8 13 -2 13 -6 18 -25 1 -3 1 
10 8 -8 -1 10 -23 10 -5 15 13 5 -19 3 -10 -24 15 
-5 15 -17 3 5 -11 -4 3 0 11 4 -2 3 11 -8 -6 
9 0 31 -15 23 -7 -31 -76 -10 5 -29 17 1 -19 16 -30 
-5 12 -1 -35 -42 -16 -24 10 -11 -7 28 23 3 26 2 13 
-9 8 0 -26 16 -19 -28 15 -32 35 2 18 11 20 -6 19 
-52 0 -7 8 -8 44 -19 35 6 -14 54 1 7 -13 7 20 
30 -21 14 -17 -12 -2 39 -20 -19 35 -19 -7 18 -38 7 8 
5 -1 -3 23 24 -21 21 0 -15 18 -48 8 6 31 -2 -3 
0 12 10 0 -2 -17 -16 -2 -5 4 -16 3 8 28 9 -4 
-15 6 -1 -1 -12 6 2 -10 -17 13 15 15 0 17 -11 16 
-16 -5 4 7 13 -18 -4 7 3 7 11 12 15 20 -13 -14 
-16 12 18 -6 -15 0 -24 6 -12 -9 16 -2 5 12 6 -9 
22 -4 10 -15 -2 -10 19 -8 10 0 -19 -9 2 -23 -8 6 
3 3 10 -4 28 -7 -3 -3 -23 12 -23 -20 13 -4 17 -1 
-21 20 21 10 -29 39 -44 47 -9 14 7 13 1 3 -32 27 
-25 -7 6 39 56 -20 36 15 14 7 -2 -4 11 34 -27 -56 
22 8 -9 -8 -15 -7 -24 -8 6 -23 -11 -20 -51 -15 22 -25 
-13 -11 -12 -5 -9 -7 -17 -15 -9 35 -6 -19 11 29 8 -33 
-25 2 16 10 21 55 -24 9 -1 -20 23 -28 -4 -5 23 -27 
-9 -31 30 -20 -45 36 -11 -17 10 25 10 -27 -28 7 12 -37 
-33 -32 -29 7 -65 -2 23 -12 9 36 -6 -41 -14 -37 -8 -29 
-33 -42 -19 2 -6 5 45 20 5 -12 -4 35 23 -7 58 -26 
46 14 5 -14 -17 16 10 15 8 -7 24 -5 -8 17 18 5 
-32 -20 -10 -47 8 5 -4 -54 27 21 50 6 25 -18 -11 -12 
-38 -26 22 -35 32 62 9 -12 32 58 -51 54 24 47 54 -17 
8 12 4 28 -7 -3 -22 -16 24 -39 15 17 -58 35 10 -10 
-11 24 -4 11 2 -10 3 -7 12 -14 17 -17 0 15 5 -3 
7 6 4 -2 -18 -6 3 7 -31 -3 5 20 -2 3 -14 21 
-22 -31 8 2 31 -38 8 -9 -15 7 19 -10 5 -7 -17 -1 
-2 0 -1 -6 -3 -9 -26 18 -12 -3 -8 1 -8 -2 0 14 
2 -12 18 -6 -8 -12 20 -14 26 -4 13 -6 3 -16 -1 4 
1 9 1 -9 6 -29 -13 -3 -14 10 -15 8 1 6 20 5 
45 -12 9 -6 -16 23 68 -39 -10 -45 8 5 5 -4 -2 25 
-5 -22 -15 33 20 -9 -31 20 37 0 -27 -13 19 -12 -33 -36 
-3 -5 -12 25 -17 1 -9 -17 -5 -15 13 -21 2 18 13 37 
16 5 -2 -30 36 -8 32 19 0 -7 -20 31 25 -14 -10 12 
8 21 7 -8 1 16 20 -17 13 -25 22 33 9 -7 38 -7 
-9 -21 17 -7 -38 6 20 8 23 11 5 0 -2 3 -18 5 
-16 -2 -45 -42 -16 33 26 18 -26 76 -22 -16 -10 -37 -4 15 
-50 20 -4 18 23 -45 -29 10 -12 -47 -10 19 -8 46 -27 -12 
8 25 21 24 -22 -34 -28 -9 55 5 -28 -36 -5 6 6 34 
-16 3 -17 -13 38 17 37 15 17 17 39 36 -1 -31 29 -29 
-6 -10 3 -16 35 -8 49 7 -10 -13 -19 -25 -4 -8 27 -20 
29 -37 10 13 -29 4 6 5 -21 -33 4 -33 -25 8 20 -1 
-2 15 13 -3 -3 -4 -4 -18 6 5 -20 -1 -1 -10 -2 -16 
-8 -2 -2 5 20 -8 -7 -12 -7 -5 27 24 -1 9 20 26 
-5 -3 7 -4 0 -22 6 -11 -19 -3 4 -4 -5 -6 -13 -5 
-14 -8 24 24 2 -3 -5 4 -12 5 -2 -20 0 8 15 13 
10 -23 8 -31 -9 -5 8 -4 9 25 -3 -23 4 -27 7 18 
1 -3 10 18 -8 -3 1 0 -16 13 -23 2 -1 17 7 -11 
-21 36 22 28 -25 -20 -5 -16 -9 -11 17 34 -24 -10 -1 -13 
19 14 2 -35 14 4 -14 23 -13 25 24 -3 27 -20 -25 33 
2 -12 11 -6 -24 -10 1 48 -32 -8 0 -31 -6 -24 25 29 
-15 5 8 -31 20 -3 3 53 -25 14 -8 -9 -55 27 -39 -12 
-26 32 -16 -10 -23 0 -37 -13 21 4 24 27 -23 48 -28 8 
-6 28 -46 -19 37 -17 -6 -8 42 -28 19 16 -6 12 -7 8 
19 18 14 -4 -37 4 -10 -3 7 3 -26 14 9 -11 -17 16 
-11 4 -5 21 6 -23 4 16 17 -7 2 -9 -4 7 18 -2 
1 2 -22 -5 9 -16 -3 -20 -6 2 -9 -2 -12 -12 2 -17 
1 26 -6 -2 -3 -31 12 -27 -5 11 -15 -17 1 4 6 0 
-1 -33 2 23 -4 18 15 9 -6 10 -12 -36 24 -19 31 21 
15 5 -4 7 -20 32 -6 11 -4 0 -4 -21 11 -7 25 -8 
2 18 6 4 -6 -13 -4 16 -16 -7 -12 -1 -11 0 9 26 
-12 -19 -4 -3 2 10 -18 -7 2 -10 -22 19 -5 12 -5 -7 
-15 -13 5 -32 21 13 -38 0 17 -5 25 5 7 -9 -24 5 
-5 16 -21 -7 -11 -9 -23 12 -16 -5 11 -13 19 4 6 7 
24 -10 -4 36 3 20 17 -4 -10 -5 2 -2 -28 -39 -3 -41 
-12 -2 19 8 0 1 21 -6 -30 22 15 -7 22 -17 21 2 
-6 10 -5 -17 27 -13 -10 11 -14 -22 -18 6 16 38 16 -3 
8 -30 7 13 6 -30 -6 -13 -15 -23 47 1 -34 13 21 44 
-14 -8 -3 19 12 -17 -10 -3 15 -11 3 -48 24 26 -36 -13 
-25 -10 22 -1 -5 21 -14 -11 -21 -30 -22 7 -9 5 9 15 
15 10 -37 -1 -6 -15 3 -28 -3 -25 35 -25 12 -25 2 -29 
18 -6 13 -8 2 -25 8 18 -29 14 -23 -7 -25 -5 29 -3 
38 39 12 9 6 10 -24 -9 -20 -8 12 41 2 -27 10 -15 
28 -6 6 3 34 -27 -6 2 29 -2 4 -19 -11 -28 13 -18 
12 -13 1 5 14 -21 -23 6 -51 7 -8 -4 -15 -34 3 -12 
-7 34 -36 32 -45 -61 -6 11 17 13 -22 4 -43 -29 -23 -33 
-5 10 8 23 -22 51 6 -7 32 48 81 -24 -6 -27 -14 -18 
9 11 -16 -16 -45 12 25 29 9 1 61 39 -16 40 4 -18 
73 16 31 54 -33 43 11 -44 -22 9 -8 -14 38 38 -1 -14 
7 18 37 -17 -3 10 -71 -15 17 30 -18 -48 6 -1 -18 10 
6 -18 -46 21 -12 22 15 -8 -8 19 1 -4 2 -1 -10 -4 
-4 39 8 -22 1 -53 0 -2 13 38 -20 -16 -6 65 26 -22 
-31 -12 -13 4 3 -17 31 67 50 -14 21 -16 -20 -44 20 -1 
-36 -46 -13 -34 -10 55 -13 -24 -4 47 16 -15 40 -23 1 22 
32 -35 -22 2 -33 -16 -2 -30 13 -25 -16 38 18 32 -14 19 
-33 30 7 23 -20 21 -26 -18 39 17 -15 18 -3 -13 -26 -11 
10 42 -23 -1 1 -27 40 13 -15 17 9 41 -11 21 9 3 
-38 14 35 -3 22 -24 27 -36 -15 13 -27 -27 12 9 -15 -34 
26 -27 -17 -16 5 -29 -8 7 10 15 19 -12 0 -8 -7 10 
-30 -9 -30 -25 -50 9 -14 29 18 29 -20 -36 -7 -10 17 24 
-24 29 16 12 16 -41 7 -14 41 20 -29 -11 2 -22 -18 43 
35 -20 -87 -26 39 -10 -27 23 70 46 -30 12 16 -4 -37 -2 
52 2 9 10 2 -34 3 24 -13 30 1 -19 22 30 -52 -32 
-28 9 -2 -6 18 33 -32 27 64 8 -12 -2 36 -19 58 32 
33 35 16 -25 18 5 -10 49 -61 22 -2 29 -23 3 104 12 
11 -23 27 8 6 46 -60 -38 21 -11 -6 -9 -26 26 -20 -36 
30 46 48 25 4 -14 15 -13 10 -67 -10 -40 -11 -14 13 10 
18 -29 -1 11 25 -7 4 21 -27 18 -6 -25 -11 -18 1 -52 
19 -12 0 -6 37 -12 -15 0 -35 -49 9 7 -52 0 -14 -9 
-4 17 -15 -17 -32 -6 -33 23 0 -7 -52 25 -23 15 -29 24 
-16 -6 32 47 -20 45 5 -8 21 -19 45 10 -16 -48 -32 -15 
-22 3 9 10 -12 -9 -8 6 25 17 8 25 -17 4 18 -35 
-14 -4 9 2 -6 2 -17 -4 12 -2 -12 -1 -8 -12 13 -20 
-5 4 1 7 -4 -6 -14 10 -9 -11 16 2 10 -2 -11 11 
5 5 -3 2 -1 -14 -17 26 8 8 2 -3 5 6 -4 -15 
-19 -23 -4 -29 -8 12 11 3 -2 11 9 4 -12 -6 -1 5 
13 -6 1 -4 -5 2 18 -3 4 12 -2 -10 3 -14 -10 9 
-8 12 8 -7 23 -13 -8 3 -16 -12 7 -6 -6 -2 1 7 
-8 12 -41 57 -16 -16 -4 -31 2 -13 21 -26 -19 -7 -2 87 
15 -25 -24 -10 11 3 13 4 14 8 -30 0 14 -12 13 -18 
25 -19 16 -58 -21 50 -1 -48 32 -14 17 -48 -28 -17 -19 35 
51 -48 3 7 51 -9 13 -5 3 -25 -24 -15 -47 -4 -4 0 
15 55 2 18 34 3 10 4 10 -5 -23 11 -37 13 21 13 
-35 22 4 -8 -32 -42 -1 -44 28 -42 47 -39 10 0 -2 34 
-19 8 -38 -13 -57 3 28 26 -12 11 -22 25 14 -4 -25 -22 
-67 -11 -12 -9 23 -25 -42 2 4 -19 -1 -10 24 18 -13 -2 
-22 24 -20 41 17 -58 -22 -9 45 -78 20 23 12 27 28 -17 
10 -23 6 5 23 0 18 -23 -44 20 -24 -27 52 -19 26 -22 
-12 -28 -5 1 0 6 0 -33 -5 -21 -11 -35 18 23 14 8 
23 21 -8 0 -12 38 4 18 -14 -4 -43 -23 -17 -9 2 -14 
18 17 14 -16 -48 20 3 2 9 -18 -21 23 -13 -26 23 -2 
-32 -31 -48 41 63 -36 -35 43 20 -10 -46 -14 -10 20 -6 -12 
11 -45 23 -1 12 -35 -72 -15 16 28 24 -15 -32 24 -30 39 
-11 -16 -14 -8 -6 4 7 29 -12 -18 3 -11 17 20 17 1 
33 -3 10 50 -12 25 -5 -19 21 -44 -14 -64 0 -40 26 -18 
14 16 11 -7 4 0 10 -11 -28 -10 1 -39 -4 14 -6 -19 
26 -56 7 -21 8 23 0 -11 -28 10 -8 6 -6 -29 7 -1 
-26 -26 26 9 13 -35 -18 12 0 -11 2 -9 12 9 33 -6 
-5 7 8 0 -6 10 -6 -1 12 1 28 -4 10 9 30 33 
-50 23 -23 9 -32 23 8 -18 31 -6 28 -9 9 6 -1 10 
21 28 -11 22 41 -3 -29 -25 -23 -12 10 -12 -11 -26 -33 -18 
13 -43 21 -24 -30 -14 29 3 8 9 -1 5 9 16 -15 10 
-2 -7 -3 -9 -5 9 5 2 -10 0 4 -2 3 3 -4 -1 
-4 -7 2 -3 5 -8 -4 12 -2 0 -4 2 -4 3 -1 -1 
-1 7 9 -4 -4 1 -4 -2 -1 -4 -8 -2 2 -5 6 1 
-2 4 6 0 -4 1 5 -5 1 1 -2 3 6 4 -2 1 
6 0 -6 -3 1 0 4 0 7 -1 1 -2 1 -4 -4 3 
2 -11 2 4 -7 -3 2 3 -8 5 -6 0 -1 6 2 0 
-22 38 -6 -8 11 -5 -10 23 -15 13 -3 -12 8 39 13 26 
11 -6 -8 25 0 12 -2 18 -12 -25 17 -1 -3 27 -21 4 
-18 0 -2 -36 15 -3 9 24 -9 -23 -15 -11 -28 5 -2 -1 
37 -18 32 -10 14 -31 -13 6 -45 25 -6 -3 14 -16 -7 28 
-5 -31 1 9 -8 7 -30 -23 -5 -15 -5 17 19 -14 -4 -23 
7 31 -18 9 -3 1 10 -5 -22 -28 -39 -14 -11 5 40 24 
-1 -1 -2 1 -1 -2 2 0 1 1 -3 2 -2 1 -1 -1 
-3 1 -2 -1 -1 4 -2 1 1 -1 -1 1 0 0 0 0 
-2 -1 1 1 2 0 -1 -4 2 -2 1 2 0 2 0 -1 
2 0 1 -3 1 -2 3 -2 0 0 -2 -2 -1 0 -1 1 
1 -1 -1 -2 0 0 2 -1 6 0 -2 0 -1 2 1 0 
-3 -2 -2 0 3 0 -4 -1 -2 1 -3 0 1 -1 1 1 
0 0 0 0 0 0 0 0 0 0 0 0 0 0 0 0 
0 0 0 0 0 0 0 0 0 0 0 0 0 0 0 0 
0 0 0 0 0 0 0 0 0 0 0 0 0 0 0 0 
0 0 0 0 0 0 0 0 0 0 0 0 0 0 0 0 
0 0 0 0 0 0 0 0 0 0 0 0 0 0 0 0 
0 0 0 0 0 0 0 0 0 0 0 0 0 0 0 0 
0 0 0 0 0 0 0 0 0 0 0 0 0 0 0 0 
0 0 0 0 0 0 0 0 0 0 0 0 0 0 0 0 
0 0 0 0 0 0 0 0 0 0 0 0 0 0 0 0 
0 0 0 0 0 0 0 0 0 0 0 0 0 0 0 0 
0 0 0 0 0 0 0 0 0 0 0 0 0 0 0 0 
0 0 0 0 0 0 0 0 0 0 0 0 0 0 0 0 
-39 -3 -30 26 -13 -19 14 -3 51 -4 -13 -9 -20 -15 -12 37 
-15 -2 -17 -5 -18 -1 92 4 -22 -7 24 32 9 8 37 -15 
14 19 -14 18 15 29 -27 8 26 -13 9 -35 3 -4 -22 -39 
-23 0 4 -32 -56 -9 -37 -38 -8 13 12 3 -17 44 31 -3 
-18 -8 -10 -30 -6 15 -45 -45 -10 5 -19 -7 -26 11 4 4 
25 -9 7 -2 24 -34 -63 -26 26 -9 -9 -15 -10 26 -22 7 
-20 0 -19 5 3 -8 31 -2 -10 -18 -36 -39 20 -15 21 16 
-19 -9 4 24 -8 -31 -13 -5 5 26 15 -39 -26 -34 47 -5 
-6 10 -40 19 25 45 2 4 2 46 24 -28 17 27 -56 9 
24 -3 -5 -5 10 21 22 -20 -26 36 4 45 2 6 -4 16 
-12 65 -9 -22 8 20 -49 -13 6 -25 -11 -12 -15 -14 32 -23 
-18 -25 -14 -6 -53 -33 -13 -8 30 -2 -20 -13 24 0 -27 2 
0 -3 -1 -1 3 0 -2 0 -2 0 0 0 2 -1 0 -2 
-4 -3 1 2 0 -4 3 6 -1 -2 3 2 -1 3 4 3 
1 7 -2 0 0 -2 0 2 -1 0 -2 3 3 -2 0 -2 
-5 4 -1 5 -2 2 -3 -3 2 -3 2 -1 2 -6 2 3 
1 -2 3 2 3 5 -2 0 -5 3 0 3 2 1 3 -3 
0 -2 -2 4 -2 2 -2 3 -2 -4 -3 1 -3 -1 0 -2 
17 -33 -17 -16 2 0 -3 -7 31 1 35 -18 -7 28 6 21 
14 -6 -23 15 21 -23 -15 -14 3 -17 6 38 -15 0 -2 -13 
17 10 -24 17 1 16 4 -5 -4 3 5 -9 -31 -3 -3 14 
14 12 21 34 -25 -19 -3 10 -5 -5 -5 0 31 -17 10 -8 
20 14 6 -14 8 26 -23 38 0 14 4 3 8 20 8 33 
4 -20 26 -15 -12 0 30 -1 33 -16 43 30 10 -6 -8 0 
13 4 -3 -11 3 7 23 -16 24 15 -1 -21 -11 -14 -8 1 
31 -23 -16 -5 -2 -19 -36 -27 5 -5 -34 26 -6 7 12 -1 
14 9 -32 30 -2 27 12 -16 -10 1 0 -3 -5 6 8 -14 
17 17 -17 14 -20 -16 26 10 14 -7 -3 11 10 0 -13 3 
2 -3 1 10 -2 30 19 1 2 19 -9 14 2 15 28 9 
5 -6 22 -16 9 4 9 -3 6 -10 14 16 -2 -18 -19 7 
1 2 1 0 1 1 -1 -1 -2 0 0 1 -1 -1 2 -1 
0 0 2 -1 0 -1 0 0 0 0 0 -2 1 1 -1 0 
0 -1 2 0 0 -1 -1 1 0 0 1 0 0 0 0 0 
2 0 0 0 1 1 -1 1 1 0 1 0 0 0 0 -1 
0 0 0 1 -1 0 1 0 1 -1 1 -1 -1 -1 -2 -1 
-2 0 1 -1 -1 -1 0 0 -1 2 1 -1 1 0 0 0 
4 0 -2 -3 -1 -4 -2 1 1 -1 -3 -1 5 -4 3 -1 
-5 3 3 5 -3 -5 -3 2 2 4 4 1 -2 0 -4 3 
-1 1 2 -8 3 1 -1 -2 -2 1 -2 -3 1 -1 -6 2 
-2 -3 0 -6 3 6 -6 1 0 4 4 5 3 4 -2 0 
8 6 -1 0 0 0 0 3 0 3 -6 -4 7 -9 2 -2 
-3 -1 -1 -4 -7 -5 -1 -3 -3 3 1 -6 6 -5 5 -6 
-3 -40 -16 -49 -35 -8 4 -23 -21 -41 -62 6 -16 -24 -8 9 
-37 3 1 44 25 -27 5 6 -1 -18 22 -8 -39 -20 32 18 
-5 30 18 20 -6 1 0 0 -10 -12 19 31 -14 19 0 15 
-8 22 18 11 -32 -2 28 -34 -10 -36 -14 -8 -18 -64 -6 -5 
10 25 34 -51 15 11 -19 -11 -25 0 28 -24 0 -27 19 -5 
-21 -31 -27 33 -50 -12 23 14 22 -18 -12 -4 5 -15 -14 -11 
-6 8 -3 2 -25 -10 14 43 15 22 26 -8 -3 -6 -6 16 
10 -15 5 -8 22 5 13 0 3 32 -20 1 6 3 -27 -4 
4 -30 13 17 -37 -3 -14 18 22 -28 -8 -34 -24 -34 4 -34 
24 -5 -30 -20 -24 14 0 7 -6 19 3 6 1 -4 29 -17 
-24 -12 2 20 -26 4 22 -10 19 7 37 49 7 -13 15 -16 
9 -8 46 -13 -9 3 -16 -15 3 -28 11 -12 -26 -9 -2 -20 
-1 4 -22 22 1 -10 -17 -25 -5 22 12 0 12 33 -23 33 
-45 6 13 -5 -33 7 20 6 14 18 19 -10 7 -2 9 7 
-39 -12 -36 33 0 14 -13 26 28 48 -14 -10 -10 22 -18 -17 
6 4 -17 -48 -3 -1 4 -21 -50 32 21 -12 -51 10 -18 -2 
-19 26 -8 -2 -4 -20 -19 -25 35 -24 -35 -8 -28 9 23 13 
-84 7 -20 -19 13 -4 -42 -3 38 7 -52 -17 10 41 -2 31 
9 -21 39 0 38 23 -1 -2 -9 -37 -11 -9 -12 -16 -20 8 
13 5 6 4 -20 -20 -24 -2 18 -17 -12 -19 -18 -15 35 5 
-20 -2 -1 22 13 13 -18 0 -13 9 23 13 24 19 -7 5 
-40 20 1 -5 -4 6 14 8 54 -20 8 1 0 -10 -19 -12 
3 -8 3 22 11 -4 14 -7 -31 -3 -19 -12 -5 -9 -5 -4 
43 10 1 22 29 -8 -6 5 -4 4 -3 8 -6 -13 -25 4 
19 3 -5 8 15 3 13 -29 -24 21 3 5 -17 -13 6 5 
5 -13 -8 -8 -2 1 18 5 18 -34 -20 26 -19 -4 17 -14 
-3 -14 -6 16 -6 32 -4 -5 8 -8 22 -2 -17 5 -7 24 
17 -1 4 -6 14 5 41 0 20 -15 -4 -5 -15 18 -29 15 
-4 -1 -12 2 11 2 6 -7 17 14 12 -24 4 -8 -9 24 
12 4 34 3 2 -22 7 -3 -9 -6 17 6 -3 3 -3 -25 
1 2 0 4 -1 -1 0 -1 -1 -1 0 0 0 1 3 2 
-2 0 0 0 1 -1 -1 0 -1 0 -2 0 2 1 0 0 
-1 -2 0 1 1 -2 -2 0 1 1 2 -1 0 1 -1 0 
3 2 0 0 -1 -1 0 1 1 1 1 -1 -1 0 -2 0 
1 -1 0 2 1 0 0 -2 2 -1 0 -3 -2 -2 -1 -1 
-1 0 1 0 0 -1 0 0 -1 1 1 -1 2 0 0 0 
4 24 7 -6 -18 38 6 -27 23 28 12 13 -15 -7 -34 -3 
-4 -12 12 -5 -7 14 59 15 -17 40 9 -7 7 -24 17 -44 
-27 -14 21 8 23 9 18 1 0 -21 0 7 -19 -18 -12 16 
7 -10 16 -6 45 11 18 -25 6 -20 5 9 17 19 -1 19 
-17 15 10 8 -10 2 -5 -31 7 15 3 -2 -2 6 21 13 
26 -7 3 18 -16 -34 -31 -1 8 5 -22 -10 -48 33 -18 -52 
-1 -1 0 -2 0 1 -1 0 -1 0 -2 0 0 0 -1 0 
-2 0 1 0 0 0 0 -1 -1 0 1 1 -2 0 -2 -1 
-1 0 0 0 1 0 0 -1 0 -1 0 1 0 0 0 0 
-1 0 0 -1 0 0 1 -1 0 0 -1 0 1 0 1 0 
0 -1 0 -1 0 0 0 1 1 -1 2 -1 1 -1 -2 0 
0 -1 0 1 -1 0 0 0 0 0 0 0 0 1 1 0 
8 -18 -2 -7 -6 7 -2 -14 5 3 -17 8 10 -2 -4 7 
-12 1 4 1 -6 -6 2 -10 -6 6 13 -2 -10 2 11 10 
6 -1 -3 4 -3 2 -7 -4 9 -1 6 -2 17 15 -5 4 
-5 -1 7 -9 3 11 10 -11 -10 8 5 0 1 1 4 2 
0 -7 -17 -17 1 -10 12 -3 7 7 7 -10 16 -3 -3 -2 
5 -1 -1 3 5 -14 -9 -7 5 -3 -2 -10 8 10 -2 7 
-2 -3 9 9 0 13 -10 -4 1 -4 4 8 -2 1 8 -8 
4 1 4 -2 3 -4 -19 -1 -2 2 -3 -4 3 -4 0 14 
-4 -1 0 10 3 -6 2 -1 2 2 7 1 3 5 0 -1 
0 -7 -2 1 -2 2 -5 2 1 -1 3 3 -1 -9 6 -5 
-1 -5 3 7 6 -3 9 -8 5 3 -3 -2 -7 2 -3 2 
-14 7 5 -8 5 -3 10 2 2 1 5 2 14 -8 2 10 
0 0 0 0 0 0 0 0 0 0 0 0 0 0 0 0 
0 0 0 0 0 0 0 0 0 0 0 0 0 0 0 0 
0 0 0 0 0 0 0 0 0 0 0 0 0 0 0 0 
0 0 0 0 0 0 0 0 0 0 0 0 0 0 0 0 
0 0 0 0 0 0 0 0 0 0 0 0 0 0 0 0 
0 0 0 0 0 0 0 0 0 0 0 0 0 0 0 0 
0 0 0 0 0 0 0 0 0 0 0 0 0 0 0 0 
0 0 0 0 0 0 0 0 0 0 0 0 0 0 0 0 
0 0 0 0 0 0 0 0 0 0 0 0 0 0 0 0 
0 0 0 0 0 0 0 0 0 0 0 0 0 0 0 0 
0 0 0 0 0 0 0 0 0 0 0 0 0 0 0 0 
0 0 0 0 0 0 0 0 0 0 0 0 0 0 0 0 
0 1 -1 0 1 0 1 1 -1 0 1 0 0 -1 1 -1 
-1 0 0 -1 0 0 0 -2 0 0 -1 0 0 -1 0 -1 
-1 -1 0 0 1 1 0 0 0 0 0 0 0 1 1 0 
1 1 0 0 1 0 0 1 0 1 -1 0 -1 0 -1 -1 
-1 1 0 1 1 -1 0 0 0 -1 0 -1 -1 1 -1 0 
0 1 0 0 0 0 1 1 0 1 0 0 1 -1 0 0 
-29 17 -33 43 -32 3 6 -12 50 0 16 -10 0 -7 -12 -31 
32 -30 -21 -5 5 32 -11 -27 -17 -10 -19 -1 11 16 -13 -29 
12 15 1 6 -3 8 -9 6 29 -32 -13 -13 -25 -14 15 -22 
9 3 -72 38 -11 2 -16 16 26 36 16 17 -3 37 38 -21 
1 3 25 -17 7 8 -16 11 -11 -16 15 9 -7 -4 34 -55 
1 1 0 -35 12 -1 29 -15 3 -5 9 -22 3 -25 -12 10 
0 0 0 0 0 0 0 0 0 0 0 0 0 0 0 0 
0 0 0 0 0 0 0 0 0 0 0 0 0 0 0 0 
0 0 0 0 0 0 0 0 0 0 0 0 0 0 0 0 
0 0 0 0 0 0 0 0 0 0 0 0 0 0 0 0 
0 0 0 0 0 0 0 0 0 0 0 0 0 0 0 0 
0 0 0 0 0 0 0 0 0 0 0 0 0 0 0 0 
0 0 0 0 0 0 -1 0 0 0 0 0 0 0 0 0 
0 0 0 0 0 0 0 0 0 0 0 0 0 0 0 0 
0 0 0 0 0 0 0 0 0 0 0 0 0 0 0 0 
0 0 0 0 0 0 0 0 0 0 0 0 0 0 0 0 
0 0 0 0 0 0 0 0 0 0 0 0 0 0 0 0 
0 0 0 0 0 0 0 0 0 0 0 0 0 0 0 0 
-24 -17 20 -26 -4 -13 -32 -4 20 -8 -9 -12 20 4 -42 27 
-1 6 -3 32 1 -14 -39 8 -14 2 -9 -12 -42 -1 15 -24 
-3 12 -29 -77 -10 8 -21 24 10 41 -31 24 -21 -12 -29 -14 
-35 -43 0 46 -13 3 14 -2 -32 7 35 3 48 -11 24 -26 
-6 -17 24 6 -35 45 -21 22 -41 -7 -22 -19 -8 -26 4 -13 
-4 28 -6 14 -25 30 6 -11 15 21 -8 26 -4 19 11 19 
3 9 -22 5 28 -5 -18 23 0 5 4 -12 -8 5 23 9 
44 -3 0 0 5 6 36 -38 11 18 5 20 -9 -27 4 -22 
-17 -50 -6 13 15 40 3 -31 -12 -13 19 -3 -4 -18 2 -26 
2 12 -6 18 4 -22 -17 15 7 0 9 16 -27 6 -3 -36 
-21 15 17 -3 -17 -1 -15 30 -32 15 23 17 -18 36 -6 -37 
2 27 45 24 -3 -4 2 7 8 10 -3 35 -9 -7 -3 -17 
30 -25 18 2 30 -5 14 -5 -35 -21 5 -25 18 2 15 32 
-12 19 0 -8 -27 -3 -7 26 29 -10 -23 -4 25 17 4 8 
-18 11 9 -40 11 19 -1 -5 17 16 10 17 -3 22 -14 21 
-16 23 1 4 24 20 -14 -14 19 8 21 9 24 -6 6 18 
6 0 13 17 22 7 8 16 7 -9 -19 7 26 9 -3 -27 
-12 -11 17 -13 -15 8 19 20 -5 -6 -8 12 45 -11 9 28 
0 3 -4 -4 11 -14 -16 16 4 -2 -8 -1 8 2 4 -3 
0 12 13 1 2 -5 6 1 0 2 13 6 -16 -1 -4 3 
2 -6 12 -21 0 -6 -2 -10 0 -3 2 -7 13 -13 -4 8 
-7 5 -1 4 16 5 1 -9 5 3 -6 -3 -3 5 -9 -2 
14 5 -13 -5 -1 -22 -11 -2 -9 0 8 -17 9 -4 -21 2 
7 0 -12 -1 -3 -10 -3 -1 -2 11 9 -2 1 -6 6 5 
23 0 14 -22 39 30 29 9 -34 24 -11 -9 19 20 4 37 
1 -6 -5 16 -2 7 5 24 9 -4 16 -18 -6 31 34 -24 
-24 -20 -19 1 -3 8 16 26 34 -6 -12 -5 3 7 -7 -38 
-22 -31 25 -27 -25 -10 -20 -18 -13 15 15 -31 1 -18 -14 4 
-7 7 -17 7 0 25 21 -1 6 14 -28 40 -13 18 -18 -4 
-18 -25 33 21 26 26 -27 3 12 -9 -34 -7 -24 27 20 25 
4 1 -7 -9 -10 -9 6 9 18 8 3 -20 -6 7 -2 0 
-1 -8 -15 9 11 4 15 -11 7 -17 -1 24 -6 3 4 -3 
-6 -4 -9 0 11 -3 -3 -19 3 -1 6 5 -12 3 -9 8 
11 -2 -5 6 8 1 7 -11 -14 -1 -6 -2 4 9 -1 7 
6 4 9 0 4 15 -6 -1 -3 -7 -7 7 -2 0 11 -9 
14 -9 7 2 -8 3 5 0 -4 -9 -9 -8 -15 -2 1 -3 
0 0 0 0 0 0 0 0 0 0 0 0 0 0 0 0 
0 0 0 0 0 0 0 0 0 0 0 0 0 0 0 0 
0 0 0 0 0 0 0 0 0 0 0 0 0 0 0 0 
0 0 0 0 0 0 0 0 0 0 0 0 0 0 0 0 
0 0 0 0 0 0 0 0 0 0 0 0 0 0 0 0 
0 0 0 0 0 0 0 0 0 0 0 0 0 0 0 0 
